500
-1.84308567449	0.782737802952	-1.11228540832
0.871195746268	0.481342702161	0.0965772994026
-1.22053351378	-2.39916645835	-1.59244304757
0.224632523334	0.956277873453	0.187277489852
-0.631662944181	1.27699414069	-2.24282252836
0.793653687549	0.219776558689	-0.56728483894
1.9824578106	-0.0619617105956	1.56217436243
-0.089390396236	0.809574308129	-0.580171351135
0.0696614139843	1.20568897013	0.25349849066
-0.869195340971	-0.232241871767	-0.436535419219
0.9435375538	-0.364061135646	0.855516546726
-0.363674612872	0.896145490339	-0.254291242667
0.813866900796	2.5636113157	-1.87527003708
-0.595581638489	0.800108732633	0.0714739663068
-1.0532638088	1.01048951996	-0.839434856081
-0.627679787681	0.553231689706	-0.547679451542
1.11017887926	0.195987512549	-2.57404415889
-0.488350859256	0.427062743581	0.761006472581
-1.14062876037	1.56000232063	-2.31176483866
-0.933011592525	-0.359831746557	-0.00323765091578
1.47329747946	0.54613128093	-1.34515747652
0.485565302834	0.702789195438	0.519916996702
2.24884180165	1.08478677869	-2.60449233818
0.817775818047	-0.00728706049216	-0.575490755935
-1.97647320096	-1.04578177252	-1.33587848422
0.628670092311	-0.48239686181	0.609973100021
-1.86740351475	-1.44250007128	-0.524427443813
-0.57681073556	0.610104912668	-0.543195518098
-0.769455185076	0.640925598847	-0.316627360352
-0.519788638414	-0.832214854546	0.192972037478
-2.68461787046	1.08466581149	1.93088097448
-0.534360507362	0.211070861846	0.818479040325
-1.04911600785	-1.73620251214	-1.58014402714
-0.625917409884	-0.230735580302	-0.74497549489
0.535399005255	-0.522424750439	-2.63384761987
0.539843447059	0.531886237386	0.652430902967
-0.166331526493	0.378903167904	-0.78540227278
-0.647739404447	-0.701391108041	-0.297462901028
1.05149435847	1.73702033567	-2.15569855743
0.241607585589	0.958681854234	0.150182811759
-2.32715068429	-0.153092726331	1.37591035729
0.0472417381716	-0.76432798397	0.643094822787
0.220869172655	1.03867039231	-0.477390327228
-0.757993550087	-0.64933421436	-0.0617321317307
-1.09926248127	-1.82489112322	0.381672719147
-0.695519524644	-0.564796367534	-0.444136976685
2.60068425187	1.43594364068	-0.178795453987
-0.229806313348	0.747428005662	-0.62333011695
-0.519193106415	-1.39271962683	1.02881537811
-0.570183608115	-0.699854782431	0.430225448509
1.79153690534	1.92714099457	-0.834772010263
-0.754418484295	0.46813140831	-0.460114915111
-1.95646758867	-0.304921281787	-1.47429038489
-0.70045049399	0.179964029255	-0.690638873539
0.408190678022	0.899731287999	-1.52013162503
-0.559738781929	0.514190991906	0.649846227847
2.27599053035	-2.48913554524	-0.963004490717
0.366773392193	-0.177715844087	-0.913178163087
-2.5177196655	-0.764946232004	-1.59594623698
-0.153412053451	-0.570974012955	0.806506923954
1.56380619107	-0.526326017179	-1.30709828842
-0.151245090217	-0.21676905759	-0.964435637229
2.59668440662	0.610206227939	0.201290727333
-0.823791856818	0.399932119619	0.401772667485
1.85604217836	-1.88898596305	-1.84744694724
0.553097199333	0.565921641797	-0.611405089474
-0.408907332929	2.637754993	0.0270939700479
-0.964652041216	0.260849253589	0.0374714061711
1.30671446867	-2.29051839379	-1.23306122521
0.600952090732	0.754821815642	0.262869951261
0.459949662574	-2.30311241624	-1.37590618389
-0.317356157088	0.106402034185	-0.942318245965
-1.4663947678	-2.33339042091	1.08878296298
-0.374618480399	-0.635106077995	-0.675500750434
2.28505539435	2.34682289923	-1.36717586255
-0.562384461298	-0.733083665561	-0.382507590746
0.181999317238	-2.35761037508	0.242441214514
0.148837129085	-0.545864092771	0.824548301332
-0.947474186641	2.22413079233	-2.00745803999
0.76564367589	0.474757605412	-0.434044902831
-0.00128433446112	1.15485068052	2.54813335822
0.342230303279	0.856712308516	-0.385904703203
0.212853714017	-1.69834609313	2.67844640034
-0.729574389821	-0.157282235127	0.665570062601
-0.66749964887	1.90504449566	-0.67172324793
-0.899031214044	-0.434016700687	0.0580721938556
-2.13572437063	1.76227577235	1.87845264924
0.914416249827	-0.169489324489	-0.367581679272
-0.647637011368	-0.902887369579	-2.18488261681
-0.335868736165	0.202129086526	-0.919965230021
1.18467270808	2.50012730738	0.0500525720162
-0.580603322178	-0.579101768877	-0.572311911076
-2.20540785569	2.05113883111	-2.10203754718
-0.692446459642	0.593893797164	0.409643818726
-0.0368538600558	0.772457907761	1.5639573397
0.800433090969	0.592101622151	-0.0933945176543
-0.812121449494	1.50492919105	1.94614129702
-0.411691929069	0.896125106829	-0.165739399211
0.489527075332	0.895721292825	2.1000176757
0.64468598083	0.753167428035	-0.130838875983
-1.34142905963	-2.47609960068	2.67089475875
0.529504976771	0.742063316109	0.411055366661
2.15620864361	2.11235705114	1.70976028739
-0.644654439006	0.145846437594	-0.750432855698
-1.66924841656	0.542063174354	-0.00547572997865
0.701860838694	0.706407054061	-0.0915447272178
2.18579433005	2.48182822757	0.408650252585
0.0457940612512	-0.998286761792	0.0364203951877
0.343526824553	-1.0942212325	2.2377495765
0.988539705625	0.112900219777	-0.100213725498
1.89722057195	2.09194162157	-0.0937087515782
0.482484711104	-0.192621155944	-0.854462166415
1.45236810337	-2.08002375238	1.55793769968
0.722488460597	0.230008939708	-0.652001772972
2.05382094594	2.40583007392	-1.60435531383
0.379203164028	-0.764812678663	0.520832532536
0.447503076096	0.689665010453	-1.53611437008
-0.19204483703	-0.62317632344	0.758135905015
2.12202517292	0.853085806953	-2.66465279778
-0.797957741783	0.590113487078	0.122594921173
1.38112390163	-1.00657519113	2.11136905444
0.812959633062	-0.579741725732	-0.0547372492667
2.60809575595	-1.60081084285	1.21191016118
-0.582558052798	-0.612795899158	0.533954399827
-2.52988848976	-0.466424964506	0.488280051148
0.306155417873	-0.587880955973	0.748775561642
-0.2366387381	2.10105054448	-1.31258636181
0.156676075601	-0.702094253742	0.694633908038
-0.683476932755	-0.705475193666	-0.0237812036035
-0.295675000598	-0.953810387028	-0.0531228728492
2.38552085253	2.63381227272	0.00400136667878
0.284219502645	0.745188024157	-0.603252917912
-0.976192991937	-1.49570790655	0.559552563085
-0.8923901994	0.19627662111	-0.406343721521
-2.39486256255	0.577428455236	0.193769160325
0.317764609647	-0.762489776976	-0.563591157544
0.998804375183	-0.195980410917	-1.92565885683
-0.290103546201	-0.834869538688	0.467795666774
2.25096554243	-0.943279314627	-2.3097847538
-0.529197184285	0.834080707513	-0.155755300065
1.47295276914	1.18282744194	-0.512823985913
0.52656503058	0.778637968893	-0.341250907645
-0.133258109097	2.45854826069	-1.91472230419
-0.699871915075	0.239990031798	0.67274370092
-2.36548820156	-0.620820407395	-1.94342029341
-0.569577915348	-0.500490551507	0.651989421847
1.22325345712	-1.58302294482	-0.374118453674
0.561816536936	-0.622365163108	-0.544998883095
-1.4464709777	2.42643095317	2.50407338018
0.3081562492	0.931993408186	-0.190861240637
1.33722371396	-1.01167356418	0.0780417905476
0.902989670598	0.236045563827	0.359015524165
0.191557331885	-1.61110988263	-2.50243682103
0.687622863983	-0.685277446007	0.239936697738
-0.60031192753	-0.635863766345	-1.08451097026
-0.524231250272	-0.658906267772	-0.539466520304
0.89267079738	-1.17811764856	0.873963391414
0.59688938508	-0.728844687473	0.335422842872
-0.383756065664	1.57579945939	-1.21024645085
0.217372133265	0.593142382748	-0.775197697022
0.234525355577	1.87871176666	1.11421042835
-0.703891765715	-0.692164933842	0.159512026253
0.757446877695	-0.290477015075	-2.61147369453
0.562294620726	0.76472789458	0.314668089823
2.51782839759	1.58631622329	-2.22147533017
-0.719388279282	-0.693513661698	-0.038978258938
-1.5123894851	2.52564909815	0.0860190825019
0.744262368099	-0.605235928462	0.282423437999
-0.321030458532	-2.64122897492	-1.51197499052
-0.475228287272	-0.427398987813	-0.769082687487
-2.0395888359	-2.21970717304	-1.63501219648
-0.573664435195	0.714491518413	-0.400513402907
-1.92722574022	-2.48236654744	1.51921986095
-0.726557098352	0.170147371838	0.665706132382
-2.14286580902	-1.47108182905	-1.39264795678
0.394212967766	0.552800542711	-0.734171435037
-1.47310415472	2.19183791001	-0.668934561017
-0.596459333418	-0.494665627976	-0.632093489982
2.12839788206	1.51046081566	-0.227934805502
-0.0459560572222	-0.867593273856	0.495146394478
-0.0421129776793	0.0549286917752	2.58952360911
-0.72742562505	-0.685669959342	-0.0266207978194
0.440782959313	-0.550402152718	1.71768358882
0.446895489976	-0.682793078354	-0.577994838378
1.27814215124	-1.29056087332	-0.411412789223
-0.329149175265	0.43779740538	-0.836656591598
-2.54718708681	0.146940073211	-0.541161969714
0.168356397065	-0.467490187901	-0.867818556948
-1.75999265616	2.04021625072	1.04232956988
0.637792528698	0.319868706218	0.700645917079
2.54539317505	2.24342831031	-2.60213716897
0.563486783908	0.552472488224	-0.614212336343
-1.21883350392	-1.21511901733	-1.05934304077
0.359939607112	-0.901973083783	0.238512128335
-0.351064560908	-2.0657464309	-2.11337120402
-0.903010423969	0.0113735153037	-0.429468063252
-0.165680264156	-2.6047060408	-0.773509931086
-0.254690219358	-0.825691853337	0.503354602141
2.03723203552	-0.0637024499969	0.627902350406
-0.550159232809	-0.818028846664	-0.167790418619
-1.12220304978	1.45449919827	-1.62666108023
-0.868196905702	0.480659231344	0.123291671464
0.963275214106	1.39690825756	-1.22262224381
-0.818689202738	-0.34167820666	0.461523555644
-1.62533584507	1.07541646005	0.274164744328
-0.374985505181	-0.800917862361	-0.466815218962
-1.67876614685	-2.25084113781	-1.36875775995
-0.0606768173187	0.0994396506993	-0.9931918645
-2.01739580582	1.55774924136	-1.43440075471
-0.575267478722	0.671393029086	-0.467224494671
2.50226297339	-1.11331771638	-1.15003901156
-0.880128136136	-0.0267621602752	0.473981276803
-0.812413234277	-0.88940115657	1.36024873995
0.605651383965	0.585265152275	-0.539120675391
-2.37933825035	-2.29526175899	0.302267390668
0.417801026736	0.449767223903	-0.789399611326
0.808146735661	0.981603289864	1.16363243904
0.118124863007	-0.840518203803	0.528749152071
-2.46484902764	-0.590832389733	-2.66631051434
0.27732805373	-0.946265843437	-0.166343332172
-1.9890489922	-2.47525722327	-0.29522507657
0.345164916377	-0.831691007487	-0.434915219977
-1.68180617906	0.449128515901	0.21549131839
-0.409168330388	-0.622698506303	0.666954157087
-1.57758546195	2.30064969254	0.766908406342
-0.732572725307	0.592235749798	-0.335550322302
-0.960952905717	2.13401301649	-0.585611977753
0.849017391288	-0.0577728566989	0.525196883387
0.0566223068772	-0.950655534212	2.41022529221
0.406767001755	0.748461495941	-0.52378048396
0.490544347937	-0.402312434531	-1.01510619083
-0.733954464126	0.172975072339	-0.656803219343
0.135905202641	-0.645713120798	1.02967862928
0.420809298863	0.904250041352	0.0724665212715
-0.540193487244	-1.90042325895	1.54024085826
-0.6019501799	-0.291935996194	-0.743255914907
1.57850073743	-1.91442777919	1.06448726653
-0.344419810773	-0.777905074133	-0.525584141299
-0.605567499028	-2.55536471204	-1.54182278606
0.32480405604	-0.0719829606217	0.943038057854
2.11508433889	-0.727083920296	2.01696075203
-0.649967016151	-0.309361954682	-0.694145560319
-2.00711263555	2.26517359321	-1.8755273396
-0.862544138414	-0.159029153653	-0.480340855619
-0.846202906238	-2.2283400227	0.448531806281
-0.932500830311	-0.218498278478	-0.287577300514
-1.07160032051	1.66506532302	-1.50784868128
0.1835553446	0.75792906327	0.625980008083
-1.36036769133	1.22681962446	-0.672587260377
0.0883838217531	0.185312222042	-0.978696929807
1.18114821046	2.65176016072	-0.169540599672
0.396183396494	0.748514146287	0.531756795115
-0.282654841438	0.18210651793	1.99537093184
0.360740868628	-0.524837909491	0.770980670615
-0.860954779185	2.29618926217	-2.17671278627
-0.246206901966	-0.25048656775	-0.936289827351
1.97413904642	0.764890955256	2.35171208017
0.00856770153579	-0.0292155705199	0.999536415009
-0.672153651467	-2.22812561921	1.50986476635
-0.271412560485	0.116916849176	0.955335371684
-0.60263476377	1.02644767847	-0.91059807893
0.609553641003	0.0926667647127	0.787310122796
1.8541477503	1.54566572459	2.37704404986
-0.569124187444	-0.432525207898	0.699299366365
0.111390579274	-0.343603253874	-1.4257275549
0.102358532557	0.797817558003	0.594146341362
0.846665028299	-0.663477925031	1.98142960849
-0.104614207878	0.67349693938	0.731749779744
2.18269421857	-0.533361678748	2.03256518115
0.0581259253469	0.661946665351	0.747293776926
-1.25900332399	0.396050440717	1.98764165396
-0.18633738816	-0.210743945823	0.959617302404
0.15302329423	0.948533448741	-0.881354556909
-0.283820561848	-0.749391059269	-0.59821311333
0.710636448708	2.60637663183	-1.21620739947
-0.711791895677	-0.194853720249	0.674821698639
0.606689726465	-2.17492742005	1.45780664549
-0.140927038228	-0.989732707602	-0.0238482158665
0.496386697364	-1.1297921097	-0.522437562938
0.548784161283	0.395636163937	0.736415623211
0.654879305002	-2.07449644468	-1.83380676088
-0.0524439707578	-0.775937859611	0.628625538737
-2.61341873371	-2.06131575013	1.58780059889
0.17285301278	-0.981765960406	-0.079103950346
1.14516343901	-1.54918478839	-0.962762381018
-0.23441390944	0.785665666656	-0.572520374571
-0.369323170081	-1.28114456612	-0.190265806742
-0.591426254586	0.347677688971	0.727554266002
-1.91299673351	2.31695182219	-0.402119252505
-0.552153066439	-0.55538507408	-0.621831497041
1.75504394251	2.26152072396	-0.0587332003389
0.420634890365	-0.906206719491	0.0430774947818
-2.08914378212	1.50484414624	1.02563245043
0.565393244096	-0.694887779747	0.444366350085
-1.52091952973	1.37796275316	1.23991759647
-0.133389800024	0.739464553663	-0.659847963644
0.34930604309	-1.15276741476	1.46907979166
-0.802666075897	0.437254035348	0.405630471212
0.147410634915	1.19374278585	-2.01006509431
0.53103489966	0.821763553401	0.206655746701
1.21002697892	-1.24898913107	1.20775561777
-0.983829955923	0.0629009570633	-0.167696414479
2.6036614861	-0.553350234689	-0.122857935582
0.136173070376	0.77892715268	-0.612151440187
1.15872254677	0.86160549403	-1.87555699924
-0.848220349672	-0.360736711731	0.387803124293
-0.791774573209	-1.76559506784	0.693325584173
0.389046117909	-0.837847440713	0.382955329289
0.220399030079	-1.95625300503	1.26255096136
-0.742308402068	-0.595506971447	-0.307163935346
2.22365647373	-1.49758618967	-0.309812895601
0.213379196176	0.501450432804	-0.838460960379
0.297241540327	-2.42065430941	1.08271976515
-0.776219287123	-0.000424326153284	-0.630462876184
1.0260248296	-2.31484690368	-0.699264335454
-0.34819824288	0.557140937709	0.75389121177
2.19796546215	-1.72246480914	-2.37745243677
0.855499733733	-0.511527423437	-0.0803735071694
2.6037055523	2.11560210704	-0.0186228180046
0.388705258667	-0.618962969419	0.682490340132
-1.45158943215	-0.49346070299	-0.476981856588
0.83209804932	-0.0410216823434	0.553109444772
1.52863550096	0.134460527902	1.92158665501
-0.963526262861	-0.0553979317246	-0.261817130718
-1.48931393124	0.907971324685	-2.45019012767
-0.407262135062	0.130007588231	0.904010829773
-1.06281508572	-0.580924761996	2.67646485527
0.703267226666	-0.643248811409	0.30273119185
0.924696867092	1.15885171929	2.09511491941
-0.823940215357	0.521561760292	0.2215758374
2.66514982319	-1.60130123275	-0.562099003629
-0.61048876419	0.678928390628	-0.407872172619
0.213699407384	-1.83052417206	-0.814703895258
0.190896255353	-0.453870805008	-0.870379177172
-2.18343595687	-0.932000892408	2.1902679243
-0.866661301318	0.379233761722	-0.324160365818
-1.64164228857	0.262811537665	0.395603386965
-0.958892306582	0.281081131933	-0.0389736019414
-2.67874400395	0.504377281971	-2.42372226783
-0.925651022421	-0.27220013294	-0.262825554919
0.37102259874	-0.818954235707	-1.20372482202
-0.420310199165	-0.824488011522	0.37889161423
-1.23727154086	2.67297234711	1.38934163814
-0.56971351206	-0.458093472598	0.682331946005
-2.55620629943	-0.0799943754243	2.1613810777
0.0237619706355	0.393243606928	0.919127213373
0.955912987744	-1.79345894407	-1.52682767671
-0.582521271625	-0.116284237219	-0.804454438908
0.0978240824764	-0.307311265174	-2.30388079387
0.330843117595	-0.924475925783	-0.189438893016
2.03258820142	1.96400194415	-1.40190640546
0.262245622543	-0.184814185694	-0.947138295194
-1.13505144908	0.0389083510937	-0.60956166638
0.615920067085	0.787686242806	-0.0138871831568
1.69782733912	-0.136419707326	-2.17649692819
-0.155927920716	-0.872341731114	0.463364206321
1.69151568178	1.7887640574	2.050821307
0.524310799905	-0.844012377595	-0.112877329743
0.975932510255	-2.36150312223	-2.68390801881
-0.553668426095	0.562021449111	-0.614477961106
2.16571475168	-1.24761801483	0.503064687689
0.96125692254	-0.275605133655	0.00519029585108
-0.40573060861	0.513456442693	-1.63541639293
-0.576267364173	0.376258804469	-0.725496545167
2.07203704739	1.49796251287	-1.60214442489
0.480233084041	0.508144422926	-0.714958341752
-0.316608942091	-0.847529113422	-0.486949064891
0.173512505354	0.950396491969	0.258147087024
-1.97017205991	-0.0255018449643	-0.591681467452
0.498659168889	-0.0276645234371	0.866356570602
0.377490818464	1.10170078685	-1.84728653879
0.722731904167	-0.385648363645	-0.573527622976
-1.31113051576	-2.44535554354	0.167006308692
0.76655569137	-0.158551418045	-0.62229721184
-0.439551546009	-1.83928270723	2.14574032085
0.432072939041	-0.753738203399	0.495168351255
-1.68002324048	-0.128965445735	-1.65730240592
0.868122192651	0.362086308212	0.339495749652
2.08601637642	0.63760314942	-0.648218491904
0.305419135393	-0.706833019492	0.638048771091
1.54053618951	0.611529618681	-0.82022473066
-0.749038873125	-0.544181454163	0.377898546561
-1.00534786924	-1.27821729105	0.766935417062
0.887181180939	-0.423855054613	-0.182363496529
-2.45870063486	2.59821582979	0.0148234295705
-0.337336317294	0.916362299397	-0.215602284955
-0.599563337737	0.258909272284	0.707647031577
-0.4267077784	0.693368585937	-0.580655212574
-1.05489661883	1.96998253902	-0.659459239494
-0.151833856244	0.749548926807	-0.644300307636
2.06407798637	-0.52526241109	0.227972180258
-0.366785383476	-0.116429819485	-0.922991104834
2.33692562514	-0.471945133671	0.909849073818
-0.780847985119	0.313991774191	0.540079244071
2.2988529619	0.636802834475	1.81711091474
0.869158167423	0.341372831299	-0.357810941774
0.28865357588	1.3208587016	-1.9354149376
0.539661923754	-0.485725744151	0.6876303582
-1.60540057424	-1.44168007151	2.56738585725
-0.613704790354	-0.272887365266	-0.740877126233
2.35439381986	-1.81752695312	-0.165235122393
0.520574530397	-0.0816195399065	-0.849906117761
-0.253323106347	-0.714135850519	-0.117322153565
0.379933325041	0.0227814831991	0.924733298063
-0.96348244883	-0.0179197150842	-0.506636017279
-0.470674517188	-0.589591102791	0.65638999869
1.30748711067	1.31252019332	2.33138584331
0.808026550011	0.427863892504	0.405000720949
-0.717595900089	0.820553727958	2.67189823416
-0.511387501594	0.549349215009	0.660831493788
0.803691624118	-0.331287739425	1.60087678713
-0.98697240921	-0.150585445656	-0.0566523345871
-0.917562686129	0.877291193928	2.66710294994
0.535265992783	-0.00555409208705	0.844665300004
1.81765115422	-0.0288652232498	-2.05365690846
-0.921042264122	0.388741298212	-0.0236928420663
2.09033651013	-1.44604379465	-1.99705690551
-0.360940694845	0.611536574541	0.704091494625
1.78894202529	0.377718333808	-0.209514911351
0.376900890615	0.131330216538	-0.916895900786
2.40423309607	2.15652152994	-1.25449323045
-0.939659425567	0.333505464467	-0.0762513548328
1.92872812379	2.68261544174	1.0194655397
-0.526809759256	0.649353673016	-0.548462655879
-2.18670727019	-2.66190134798	1.56915225567
0.829067123225	-0.377811204159	-0.412197039289
1.74018426501	1.94749504655	1.21060263859
-0.746366149739	0.665525062161	-0.00373659719299
2.45232684913	0.000739093725955	1.28972351384
-0.292119750425	0.905940806664	-0.306491935021
-1.28286809506	-1.6561170313	2.69575617339
0.815260991468	-0.563049548766	0.135368834764
2.54737706513	1.48390788014	2.36421181844
0.695006241226	0.047269963523	-0.717448169003
-0.505031862468	2.55187724943	-0.953952738782
-0.93709386043	-0.101119183918	-0.334110771133
-2.01852354649	-2.42630665712	0.070472552399
-0.58545313799	0.175220524082	-0.791544307767
-2.54019979348	-1.41664936092	-0.22362500923
0.131298836946	-0.478520664243	-0.868204232487
-0.862939712919	-0.598631787776	-0.986023185586
0.15817948247	0.829507848284	0.53562671793
-1.33874130415	0.940526882946	2.24274216704
-0.658251237758	0.476291381217	0.582968119341
0.430378029565	0.877846762663	1.04293413741
0.642290958338	-0.557314719513	0.526177373375
-1.57548918151	1.5154478236	-2.05139974668
0.154061821737	0.916670612136	-0.36875458496
-0.610903342102	1.41741020924	1.2764919028
-0.679485040226	0.390787204774	0.620955264648
-0.596752753481	-1.86825868901	2.27071033129
0.71021915357	-0.569626964816	-0.41365912882
-0.288341113704	0.36513390157	1.09717622833
-0.41698639397	-0.126895950246	-0.900010980519
0.512102251572	-2.33120239508	-0.760213227558
-0.58009111741	-0.67648782732	-0.453716337582
-2.51309709474	1.92042581985	-1.73265426795
0.0556392840629	-0.0472165108831	-0.997333881491
-2.57884162683	0.260882022626	0.987557384179
-0.756446600254	0.253319470944	-0.603007285697
1.38705750381	-0.919882918668	2.48629974906
0.470497346594	-0.874224713869	-0.119847388413
1.59652081244	2.29443843254	0.784104327729
0.606949101998	-0.666382332576	-0.4330674017
1.50361370606	1.93847992427	-1.20439991006
-0.474536393173	0.506487798847	-0.719920357522
-2.28459377048	2.15051804893	1.81636455052
-0.516325929744	0.180095466487	-0.837241397223
1.79532938595	-1.93484574725	2.25120398178
-0.355564173122	-0.731537122887	0.581745267819
0.468462701664	-2.64415534752	2.57922659748
0.667062805862	0.191431159646	-0.719987030545
0.665478372099	-1.08023364437	-1.58121230029
0.445807442331	0.114005556031	0.887839207039
-0.526284968763	-0.0541906937406	-2.24123786533
-0.458671080551	0.703684849966	-0.542631064163
2.03019686261	-1.04104845455	-1.36439761023
-0.87048544857	0.352302515181	0.343712120276
2.04419356808	2.44803521849	-0.548569243808
-0.370679375013	0.617448518186	0.693796892707
-1.91274950056	-1.30757884203	0.214429153833
-0.762174264834	-0.087473094137	-0.641434991115
-0.218560061691	-0.407624883284	1.0251108732
-0.0317702401731	0.683013864938	0.729714130425
-0.947931772789	-0.96784717409	2.31381095007
-0.98517890108	0.10989393204	0.131703669532
1.54767082668	2.62416443829	-1.01693906885
0.161510691138	0.843117531513	-0.512900696728
0.924264612216	2.22017557108	-2.42867615151
-0.364670320694	-0.788301157036	-0.495577282591
-2.14119052478	-1.42190422251	1.54657982561
-0.407510615001	0.767103153046	-0.495467305932
-0.718613818268	1.03179063759	2.29030786348
-0.98035870558	-0.190325618491	-0.0517007479504
0.977803579552	0.799061055302	-0.284644560953
-0.431098561889	0.754954226681	-0.494164087681
-2.52816686166	-1.27712944302	-2.20039836307
-0.881998821596	-0.446203056493	0.151594561514
-1.58519521954	-1.95277223811	1.11887413441
-0.423446301668	0.00928139231923	0.905873658608
-2.14734910725	-2.33432970094	1.46123204406
-0.157419893714	0.857867235932	0.489165393888
-0.717563449504	-0.712175302533	-2.52022294974
0.92659486896	-0.194973669251	0.321569925701
-1.08580131837	1.7025177492	2.57992817674
0.358362639024	0.699967189487	-0.617755738616
0.0940693598435	0.612388201917	-1.90932643715
-0.614977403008	-0.565433986997	-0.549624599284
-2.34500100169	0.496686216727	0.558739368936
0.167082057459	-0.443740413971	0.880441952138
1.87429924531	0.937561204263	0.328733466705
-0.675909269864	0.196303448199	0.71036020098
-1.16908466222	-0.505923572527	-1.93754810082
-0.690998488581	-0.70274910186	0.169306788449
-1.31236567241	1.18610869586	0.60580325814
0.248387403408	0.736325228294	0.629387683392
-0.26176524176	2.6782250824	1.10617451212
0.470823681903	0.821134007667	0.322589525578
0.956486986028	-0.924546589246	-0.931642862214
0.849026131285	0.122613541196	-0.513926597785
-2.28703719509	0.802965829502	-0.370629818647
-0.486935786964	-0.716754391349	0.499155969468
-0.541036150159	-0.198390580264	-0.871139579022
-0.856621349213	-0.155254054122	0.492032562694
1.53845364038	-0.590047176641	2.19752327123
-0.874346817456	0.102780143997	0.474293036849
0.193650595498	1.84080015373	2.36132158002
-0.709533857466	-0.645507339632	-0.282634002891
-0.248197942846	1.71395266372	-1.82755790187
-0.170428433928	0.219168550815	0.960686887202
1.88033497334	2.53051568428	-2.53012840088
0.381117807607	0.226311278064	0.896399699992
-2.27497034722	-1.45820764067	-0.554607498929
0.558880304435	0.0857579999186	0.824802019132
-1.26784540874	-0.379892221045	-2.13788266465
0.60246084456	-0.0994389675177	0.791929809081
0.821699749778	-0.00299419016346	1.08200671343
-0.427285795954	-0.360199958898	-0.829266445834
-1.23946909796	0.0904941659737	1.01588724718
-0.967816637684	-0.00124996002213	-0.251653319912
-0.0579105040504	1.02716684056	0.934590257728
0.738774988857	-0.253388036829	-0.624504618583
1.56631121559	2.04126758555	-2.17761062589
-0.721124029487	-0.140079883225	0.678496691526
2.42405391456	2.41288622027	1.00954227679
0.439711960585	-0.63987687206	0.630246761452
1.94969630518	1.06070733244	-1.53226885047
-0.56186147706	-0.631415613591	0.534439897004
-0.893632625244	1.34183757476	-0.539796076523
-0.324026692858	0.556146972036	-0.765315129741
-0.252091887566	0.515392380828	2.56820868028
0.962049248046	0.0797110494165	-0.260973931523
2.04091142808	-0.546761448488	2.61750194934
-0.0102727445038	0.999944698966	-0.00225160610021
1.94512923332	0.162216211144	2.2349014825
0.949668098582	0.197519330515	0.24313908902
2.6949970483	-0.104428562419	0.220832580115
-0.387196536838	0.775954819064	0.497968835001
1.94011239196	-1.65037058569	-1.39952826592
0.108429973906	-0.782596362181	0.613013763842
0.284343318034	-2.62686965538	0.14387258603
0.170301702651	0.704589726441	0.688876365879
-0.829196365891	-0.125413957884	1.34811195599
-0.341034455607	-0.28197694744	0.896763347378
2.59543380571	2.60309608727	1.12072191693
-0.26326629199	0.441424391161	-0.857808467194
0.906898671222	-2.29388120339	-1.08678716731
0.67764091471	0.599186518857	-0.426354671994
1.86800159113	2.49819779745	-1.30447831302
0.0730074123713	0.363597657834	0.928690831739
-1.86545353993	-2.60617310043	-1.53800606262
0.549009925987	0.796034569779	0.254788274622
-1.90976023137	1.31926499064	1.08510341621
-0.660700425214	0.505314912229	-0.555096196709
-0.380409373673	-0.0350137828933	-1.79407124724
0.512429719673	0.778339032655	0.362772838897
2.17852606177	-2.22560465498	-1.42048078035
-0.173965183429	0.883826778046	-0.434265289153
1.56395586664	-2.37913845421	1.01358435143
-0.300733598078	-0.651480264144	0.696514729505
0.915895719888	-0.10813694085	-1.60843967934
-0.562639356597	0.816083655868	0.132077329747
-2.31301529608	0.586143181122	1.65905434744
-0.374335920029	-0.382469544534	0.844742366926
-0.529281141091	2.3680640797	-2.59248999742
-0.521921406168	0.633796543047	-0.570876508367
-0.913844913726	0.44876344432	-1.21593902473
0.0296356992517	0.838857897149	0.543543147984
-0.177934264374	0.425999510666	1.80668287993
-0.499486847082	0.569808490506	-0.652557410301
-2.35583039401	0.985796801306	-1.80877614253
-0.605035726276	0.795822676828	0.0244547945228
0.390174951832	0.69599241654	0.0266385669275
0.527183319165	0.0516243513583	0.848181981853
0.543154081905	0.802262507624	-0.0673370396036
-0.591248505076	-0.512896117262	0.622384750892
-1.42361341185	0.386363159219	-0.820550127707
-0.251424851043	0.714558628466	-0.65283344795
-0.16785678972	0.563985492528	-0.0181403933789
-0.30179171486	0.952698477351	-0.03587996789
-2.68089832423	-2.52008786546	2.19964973938
-0.93838279831	-0.314570389881	0.143119508266
1.95569060983	-0.344479731562	0.150990081724
0.851340945067	-0.29726980602	0.432260636284
-0.481976884574	1.5458319287	2.65120961764
-0.479360349404	0.452137335566	-0.752187134433
-0.888907656441	1.07669974801	1.76023711499
0.730996476886	-0.478276183241	-0.486719676327
1.61029895124	0.678951207475	-0.0376670107688
-0.324565028559	-0.295293606789	-0.898587351361
-2.28162413214	1.19750741701	2.585464481
-0.519018032697	0.624231816586	0.583913453259
-0.767924705081	0.767150851675	-2.58298465346
0.501786257095	-0.820701644069	-0.27323865688
-0.14306377442	0.874452341424	0.564414447604
-0.382687927935	-0.905901395792	-0.181363201653
-1.57262083051	-0.443190487726	-0.953187656568
0.276076003396	0.681404427269	-0.677842199076
-0.518901918249	0.304006073313	-1.8205033268
-0.949932066886	-0.309352249083	0.0439346593168
-2.05309697386	-1.69992346802	1.32119149883
0.189113178801	-0.977507159102	-0.0933593032741
0.0631161755025	1.49893539704	2.11686720228
0.852133471389	0.00988950231951	-0.523231062421
-2.49463764265	1.1273858945	1.61820750079
0.596011275808	-0.425129387345	-0.68120155837
-0.999358924366	0.311376701735	-1.66201735372
0.907948308614	-0.121135869473	0.401193182908
-0.0852414813329	-2.43414195932	-1.54509415041
0.577513919605	0.482129320581	-0.658808766561
-0.834202203835	0.293514694517	-1.33967695301
0.270415955636	-0.828532050535	-0.490316073745
0.242977879773	1.72917505367	0.331664502014
-0.741666842167	-0.577226888629	0.34167150053
-1.44890089831	0.243947370869	2.38749359447
0.826892179714	0.0121190116985	0.562229893089
1.74473607769	-1.05756212711	-0.622404378382
0.941604495005	-0.0207350529202	-0.336081883723
-0.30780826336	0.868400617624	2.26558657765
0.33526798796	0.909199513871	0.24688381929
0.0801279982594	-2.07973699869	0.696572649155
0.0100756807805	0.952452166978	-0.304521510366
-0.0433273806664	-2.42033278043	2.61741129887
-0.567530999911	0.790243535758	0.2311357141
2.57396148551	-1.31179107298	-1.12048189645
0.733252183117	0.282207536656	-0.618627628068
-2.28117175309	-1.4642556045	-2.52193507949
0.736593554399	-0.52972698445	-0.420498819931
-0.144461886493	1.32561638093	2.04592444032
-0.578956302555	0.623450507329	-0.525470327081
-2.11572496578	-0.386270775074	-0.132553518171
-0.206098451307	-0.462631270505	0.862261987983
2.18189945744	2.30377970302	0.507762205505
0.0570437601719	0.292798355043	-0.954471127227
-1.31941880456	-0.500611079141	1.71883006001
0.864198983041	-0.489770893799	0.115258792718
0.439844198006	1.00055920183	-0.613253308601
-0.250756967207	0.151605867441	0.956104912839
-2.23611721474	1.68083440958	2.16689407135
-0.898985143697	0.264451734143	0.349128904162
2.52825362191	-2.39032689486	-0.576135385828
0.112928278245	-0.69254900925	0.712476718048
0.99367086218	1.17412331544	-0.19842902829
-0.234538036405	0.732969704855	-0.638550954306
-2.35043047722	0.232690611841	-0.461547074095
0.632398833773	-0.541514710714	-0.55392556641
-1.01495571198	-1.20254215786	1.89292795039
0.232252806378	-0.674687113073	-0.70061111423
1.27351491295	-1.06404510849	0.297984818593
0.438412017201	0.784502571397	0.438577950478
-0.0825429411806	1.48664698179	-1.87613600894
0.0689062939161	0.266605536602	0.961339383627
2.39670916475	-0.374169697901	1.9581173662
-0.504300525172	0.304856520608	0.807925418683
0.457274170596	0.132160022434	-2.66405554323
0.222150462571	-0.271336804663	0.936496401709
0.668526949147	-1.39735146738	-0.445052973895
-0.759567359607	-0.410012906768	0.504922610411
2.65580344927	0.44298219382	0.315055159935
-0.745570463662	-0.031093454945	-0.665701044595
-1.55269229153	0.510749893244	-2.17428001022
-0.534811561589	0.262069776133	-0.803303196825
-2.4034404946	-2.1623623594	-1.8658027302
-0.456337272153	0.810890965005	0.366349746714
2.03882334988	-1.37653548031	1.67829782782
-0.718810711693	0.115002019286	-0.685627957653
2.53933990356	1.35072074428	-1.5447849106
0.0359147521441	-0.663815628817	-0.747033427309
0.839182152488	1.93941165271	-2.29486814147
0.182546153011	0.865813451191	0.46587978037
-2.53355533338	-0.933401277836	-1.70617606495
0.304183161704	0.827531978905	0.471872258164
-2.37569632107	-1.36804548378	0.668292275073
0.227103434228	0.792267383738	0.566335962858
2.43363314987	-2.19790766765	0.091788082512
-0.337352443294	-0.533001135413	0.775953038947
0.551237989666	0.734778655994	-2.68136665809
-0.35842458872	0.717539769876	0.597217291149
1.67297703325	-0.512671076173	-1.57964907035
-0.617707745192	-0.443797296482	0.649215758562
-0.112200336611	2.1265983481	0.930769339465
-0.287821701235	-0.704377864393	-0.648853213332
2.10241308824	-2.22158340279	1.86690380562
0.499773088182	0.4552130843	0.736890703029
-1.31696982342	1.29860259096	2.58785638847
0.581228954712	-0.58263174225	-0.568078476204
-1.54264326179	0.380583054477	-1.77900634036
0.973410078534	-0.219179500211	-0.0665820223197
0.0162508948643	-1.00907538152	-1.94032274427
-0.33233356092	-0.783317099074	0.525327256655
0.032837754698	-2.67377792742	-0.330919375557
0.562223392175	-0.624040961241	-0.542658028582
1.02937551177	-2.0329094452	-2.24662069011
-0.367284531959	-0.929197494798	-0.0411593032687
-0.713807791937	0.729500030511	-1.03149486103
-0.53250534685	0.640913705189	0.552872207728
-0.210917385844	-1.12480003794	-0.262100082107
-0.680601545544	0.597433174154	0.42409331358
-0.0221349197415	0.646877646645	-0.928971800065
-0.584996276215	0.147424421625	0.797524543023
1.87153579355	0.328710374462	-2.3879033402
-0.768093083653	-0.0640948696307	0.63712232933
-0.945657746246	1.40521269436	0.969529401209
-0.317815156165	-0.604666962727	0.730322798972
0.235165010653	1.58970811499	0.17507167026
0.510689005368	0.107452116443	0.85302449113
-0.0170601208863	0.337742631279	-0.622272979227
-0.626525898617	0.415920049252	-0.659147791465
0.293423684169	-2.62652668851	-1.83748301787
-0.181664482626	0.771933315865	0.609193706148
-1.41228729843	1.87412424589	0.611887188465
-0.956110595303	0.0151477908384	0.292614206732
0.982451424433	-0.528796641062	-0.889756288418
-0.977293645685	-0.105721770195	-0.183630164763
-2.23858330711	2.56377740744	0.826665120063
-0.0973530224236	0.585999340524	-0.804442143308
-1.51992967864	2.48501833412	0.70166369001
-0.041168871831	0.829928378096	0.556348821535
-0.542166277506	1.48570461331	-1.32326321946
0.728220359626	-0.492174976929	-0.476926514163
-1.01015093544	1.19223383551	0.212586291973
-0.0186909873964	0.992939121424	0.117143280373
0.96600139003	-0.00586799879435	1.46897979693
-0.435433763995	0.755328813133	0.489771192726
0.843083125241	-2.22619057798	-0.64900926097
0.129775314929	0.620704508367	0.773229772401
-2.05504489706	-2.52622820217	1.73175632034
0.379131183971	0.368273685714	0.848901665537
0.952732998716	0.975446371864	-2.4057876429
-0.642438417253	-0.417394858509	0.642693093263
0.569655150623	1.04456344814	-1.86320888652
0.306597838169	-0.925521223355	0.222279622883
0.416768623684	-0.958108566627	-0.601339306892
0.67280223327	0.216551414433	-0.70741970556
-0.0912353540957	0.560034655178	1.1730242409
0.576464751673	-0.717763041326	-0.390518381879
0.223690083929	2.16787939177	0.46457863982
0.861376931773	-0.110189844648	0.495870930329
1.56317174357	1.68893849913	0.425644424677
0.850136627269	-0.523965541582	0.052228595707
0.982160403857	-0.802020719959	-1.80698378478
0.52690489068	0.674197346459	-0.517522148516
0.174266202468	-1.72444103618	2.41649838917
0.149155991508	-0.397328430467	0.905473692903
0.105126014622	-1.03780960318	-2.11775297183
-0.652381409758	-0.70518824104	0.27768334646
-1.69841584852	-0.106341916378	1.40331576855
0.851479668527	-0.339829341882	-0.399372498404
-0.356145548665	-0.284698693567	-0.183019431197
0.58935133651	-0.807044558167	0.0366617414588
2.01143151178	2.49929602208	2.18489932879
0.0801513550566	0.143207021434	0.986441842834
-0.410906045732	-0.190670178674	1.67711375421
0.703315469054	-0.601808946524	-0.378382535107
-0.605476893901	-1.55202187158	1.8421878614
0.753771518605	0.0573117793595	0.654632612758
1.04344032041	0.434318718619	2.49507645603
-0.730006698652	0.653161254946	0.201173047301
1.28809210878	-0.812218175543	-0.290656688425
0.824802976378	-0.274334989621	-0.494409105526
-0.583409687297	2.01558198055	-2.26681484813
0.561948508041	-0.601276690553	-0.568049483503
0.172027367595	0.82565184629	-2.08650496002
0.186997473492	-0.881589007822	-0.433396776862
-1.08762529336	-1.11316461781	0.682650071891
0.602264939124	0.39815396611	-0.691917887016
-1.96824983249	0.103316235492	-0.406769491247
0.444748798081	0.819510215349	-0.361388314066
1.29168505102	0.676637078595	1.39249761028
-0.542239387977	0.5504423826	0.634814641895
-1.91551101158	-0.0900566370304	-0.818487444096
0.591401111917	0.375619633376	-0.713550710073
-1.64590597063	-0.768233454107	-1.88844347853
0.0756023278485	-0.641194971116	-0.76364474531
0.0002232848096	2.27077209049	0.367970142854
-0.586781326936	0.534418423129	0.608345809042
-0.687108271029	2.03759972472	-1.79592455109
0.634723543963	-0.771140027209	0.0496898498214
-0.802426788839	0.252471051408	1.03482210916
0.593725793572	-0.553817318949	0.583760275523
-0.135577302359	-1.03505533797	2.43556148457
0.439593182978	-0.497382232508	-0.747909585622
-1.17114265163	1.58560966184	1.39689529146
-0.844731873995	-0.301308310086	-0.44231364814
0.7013096019	-2.30340655727	-1.19131612226
0.969976977165	0.0262786271925	0.241772822133
1.73206377822	-0.760497165719	0.352687032009
-0.171937566125	0.606169660587	0.776528052255
-2.02784065275	1.31759496107	0.528975313961
-0.877481561425	0.128687955082	0.462023288997
0.37018827724	-0.779181480115	1.43999616396
-0.80119254491	0.124459520239	-0.585320710212
-0.150469764191	2.25494806149	-0.512477081249
-0.351000598207	0.875468776409	-0.332194222694
0.132487602554	2.65937057811	1.42002939902
0.579394897819	0.422221706253	0.697158793353
1.52672910697	1.07911815562	-0.117597797224
-0.474944240402	-0.853685184535	-0.213657609776
0.367292693267	1.32563896023	1.55854420376
-0.672218822838	-0.302457766761	-0.675752287121
0.524203137634	0.953323235553	-2.46743571445
-0.549940742249	0.120113798987	-0.826521539531
-1.84750962713	-0.902173302772	-0.0431690730519
-0.50431696316	0.862438185766	-0.0431830568877
1.24937960546	-1.00406101675	-1.81563506776
0.560584807206	0.54432588061	-0.624062504584
1.8550846957	-1.42780794845	0.515739462326
0.638058252679	0.633830682847	-0.437195987711
-0.900219213459	0.544462764791	1.94186490819
-0.712533458992	-0.642395242568	0.28217799727
-2.17192559793	2.25483755504	-2.60842358921
-0.64191545136	0.578325574035	0.503472028739
1.94383025948	0.127048331339	-2.54168582408
0.836795373618	0.532659330956	-0.12667888473
-2.56189505934	-1.67180239881	0.676503060663
0.359683990361	-0.268845292945	-0.893504132917
-2.04992263535	-0.391460045558	-2.2126451863
-0.543820262049	0.68158462034	0.489593635478
-0.356085245158	-1.42120533042	1.34100552096
-0.639845102709	0.501629882918	0.582207613401
-0.818171653898	-0.378616224564	0.982641546549
-0.45568614091	-0.869845081466	0.188996495287
0.328512642886	1.81107813633	2.51824433259
-0.678886255812	0.683476873467	0.268277496458
1.90894995847	-2.67598643001	0.0948170668808
0.577942337559	0.550628335794	-0.602321417748
-2.3751092952	0.0272407404607	0.876064815706
0.311638083017	0.10682598868	0.944176844323
0.221142836232	-2.50199489899	0.462187108934
-0.0575111875603	-0.514226347199	-0.855724095227
0.263673097061	-2.5561003876	2.01088126094
-0.108076595746	0.730110283366	0.674728407269
-0.0825926029105	1.63907364462	-0.191475111066
-0.657496876209	-0.527582348052	-0.537917023155
0.502711513762	2.52765546564	0.776599721234
0.491267292096	-0.865361780964	-0.0990224003138
-2.0134517105	-0.570899792597	0.992631614227
-0.100660542841	-0.945614890172	0.309321733153
-1.79991700415	0.832850171965	-2.07924403932
-0.145298808573	-0.691022255452	-0.708079443775
-0.690028694064	-0.30261962733	1.76667156184
0.624612365931	-0.539266663569	-0.564845870915
-1.86815988872	-2.2672705244	2.57974841593
-0.15443025035	0.815495608129	-0.557779715388
2.64499494836	-0.176151936391	2.34947333996
-0.946744706226	0.0716193855274	0.313918978162
0.0375635660632	1.91086108675	-0.440963611906
0.626824423565	0.657552459858	-0.417990316344
0.720241207799	-1.92423076376	-1.95624819875
-0.725471936142	0.679043132899	0.112209150842
0.973192928814	0.280682399308	-0.461380603934
-0.544179636819	0.582123099285	0.604153308483
1.23191231307	0.615228896908	1.60386581124
0.754563699576	-0.608745849581	0.245075730949
-0.211701854466	1.667032766	0.664443768961
0.750933643943	0.201970046687	0.628734254384
-1.01811269052	1.94521193531	-1.41401139861
0.279397218406	-0.710862847158	-0.645454263971
-0.639252084116	-0.476677147101	0.90677865292
-0.127150156687	-0.991759454159	0.015685112063
1.68714386371	-2.28651436252	1.62202896457
0.775439531149	-0.44894151585	0.444010190061
1.75841364245	2.07438760526	2.43792298858
0.412186390015	-0.0497616663664	0.909739609145
-2.27346431838	-0.789854507137	2.4430373554
0.884449041042	0.112269602836	-0.45292982909
-1.66310108194	1.72045184846	2.52467896382
0.620755733133	-0.444941100508	-0.645515094216
2.39425742296	1.04702177409	-1.29151313916
0.319939491322	0.531615351854	-0.784234556473
1.6471632553	-0.0736554822734	1.32786251643
0.827500577694	-0.555721176295	0.0801047322817
-0.493055687352	-1.30626774097	-0.0176536603707
0.381808358784	0.73461295023	0.560862006662
1.26997499918	0.795796675507	1.71742122256
-0.678685665286	-0.558189484507	-0.477294738209
0.816019070436	2.60985950348	1.82424346533
0.298315996892	0.872752389774	0.386407598452
-2.21510400592	0.748356584462	-1.86919037785
0.816814279473	0.212351467842	0.536396576196
1.12359923134	1.03325165261	2.14255947001
-0.176560667836	0.6432974353	0.744979691206
2.16121101836	-0.619554184042	1.69449410658
0.0973798210569	0.977258350585	0.188370079001
1.5579305494	2.24703859907	-0.00480868548631
0.292292520806	-0.741510329281	-0.603926745434
-1.7855203125	-1.24034715153	-1.00492510859
0.884060939702	0.0725618974893	0.461704478998
-1.54712102768	-0.760683290765	-0.276795560489
0.546303273651	0.833932489073	-0.0781622470646
-1.91999635137	1.86076464327	-2.47621251278
0.218095230657	0.916906305934	0.334241374611
-0.418357411305	2.50212752598	0.61580878897
-0.256130347204	-0.239354580224	0.93653971094
1.78328231089	-2.386091302	-2.24408047921
-0.402832358771	-0.57731253742	-0.710236809005
0.64420626025	2.32105688098	-0.803023942095
-0.929433357311	0.102974140255	0.354330298954
1.46173817164	-0.720627549315	-2.14205139289
0.67229441592	0.665334587494	-0.324576809102
-1.2545393215	0.393295198664	1.38560111198
-0.552058956935	0.0375676782163	0.832958328862
-1.99788267475	0.999618295801	-0.100657444961
0.455352115434	-0.839189122634	0.297348394014
2.53926743648	-0.734904187766	2.09898931986
-0.603196744595	-0.0633787787697	-0.795070322494
0.116721384807	0.760016170942	-1.50098685415
-0.317722819747	0.566012266258	-0.760711722177
-0.241497607322	1.14877353739	-1.63306322825
0.560012787297	-0.0369417661264	-0.827659944651
-2.21374095569	-0.649468740813	0.993775888103
0.188496390316	0.558403822494	0.807870213501
-2.24317403092	0.388939271708	-0.779773451204
-0.426984931931	-0.585345293646	-0.689242159991
-2.64150128121	-0.453350250176	2.41114247489
-0.672139777678	-0.590296741534	0.446965184546
-1.30338546392	-1.6148977168	0.254321325845
-0.630158627067	0.350558440407	-0.6928267349
-2.21612115069	0.333659215096	1.6304085072
-0.374010532527	0.660622479506	-0.650917860509
-1.26076092066	2.36824894607	-1.12074130772
-0.179788706256	0.821544767897	0.541054724999
0.220107595175	-1.01230294605	0.151785621001
-0.219585276063	0.772221658739	0.596201321964
0.818926275777	-1.41239041955	-2.54807229446
-0.326997472582	-0.521847984884	-0.787875201791
1.6192454054	-1.5649147291	-2.28168320307
-0.209371139548	-0.966578968643	0.147948718486
2.20387633901	-2.40475484407	-1.86549996223
0.478126365301	-0.451958974233	0.753079188674
-0.0718301858965	2.21873719693	-1.36851637585
-0.0987085190489	-0.260927407543	0.960298659928
-2.18615071301	-2.56652865665	0.234579850422
0.48989709794	0.641370108869	0.590461867422
-1.60389477209	-2.46165082086	2.02093055609
-0.654504711622	-0.711456906792	-0.255837159621
-1.24397518637	1.08795270179	2.6499211927
-0.557388267189	-0.662952917134	0.499811713811
-1.0411126306	-1.0094934923	-2.30641798924
0.490281599673	0.860903282995	-0.135902503104
1.12581763498	1.46087688801	-2.36421583026
0.610834556097	-0.621873884563	0.49005511606
2.30085376178	-0.565473161339	-1.81309242187
0.215252979667	0.644513320244	-0.733668000374
1.84644062119	-0.319790311047	-1.72149300275
-0.45345246916	0.563445108792	0.69058704563
1.50581839845	2.61947364085	-1.21415786948
0.412134330892	-0.676310635037	0.610531914183
-2.44481723112	-1.02549259118	-2.60936932304
-0.584055236964	0.36648037198	-0.724273164716
-1.76084313986	-1.53360245395	0.844615171712
0.475620111208	-0.822019347862	0.313160823788
-1.54398433711	2.20027444866	-1.1715710264
0.176327212275	-0.539839255197	0.823093125205
0.770910882892	0.0543968964735	-2.30553799575
-0.214465282726	0.800600525502	0.559502851709
0.224559174355	-2.32207102828	2.20724555508
-0.879759480056	0.450297999914	-0.152495798383
2.02942949696	0.483578156421	1.63412888029
-0.745746687124	0.14650234828	-0.649922257345
-2.39104841578	-2.56407588201	0.745710441247
-0.89813609952	0.206376375773	0.388278686336
-2.29758048195	-2.12431548611	-0.646168706384
-0.364912763711	0.843426594388	0.394297165549
2.10466811299	-2.5475567261	-1.06578020245
-0.636609779001	0.578449060738	0.510024189045
-2.46572923771	1.95358516203	-1.4796041811
0.603091839637	0.453324743969	0.656335973011
-1.21321710735	-0.596559379031	-2.11387480691
-0.927328142482	0.286988187233	-0.240208860265
2.12047544898	-2.50224370795	0.384854420931
-0.670663102711	0.358133218493	0.649578017234
-2.47496425969	-0.221043203923	1.90194954234
0.401264070447	-0.526897522483	-0.749243716403
2.40484878878	2.66673104059	-1.83521699161
0.0247389473674	-0.99961551816	-0.0125219941117
1.89228759986	-2.21327411209	1.77650327609
0.360872642002	-0.883999427931	0.297179992047
1.30553333543	-0.562900666337	2.09004301842
0.181706775036	0.76932287945	-0.612474452578
