320
-0.812978642466	-0.340268860469	0.742857171783
0.607078980353	-0.339789418979	-0.718330190346
-1.41786457093	-2.20836165634	-1.74142396666
-0.226644091314	0.0147465756207	0.973866004325
0.80976531413	1.21711763417	-0.921204071229
-0.555701442494	0.625093665698	-0.548136676309
2.16303530687	2.18518296757	0.328954056705
0.611609838429	-0.259366588563	-0.74743720691
-0.535848618906	-1.06697410854	1.79980748851
0.36840964109	0.586919378789	-0.72097155225
-0.550597682093	-2.13579769243	0.56377556769
0.734169320501	-0.0138417153929	0.678825320498
-1.8609969546	-1.47289342956	-1.74991631081
-0.839155725635	-0.539885137595	0.0658916257027
2.21396047957	2.03548943939	-1.23545484933
0.561239126131	-0.489821001799	-0.667147681924
1.02125857089	0.63303417031	-1.97834607889
0.713903684454	-0.647521111109	-0.266566952173
0.546374475962	0.103812620458	0.127385394127
-0.50784947449	-0.0646008946425	0.859020160224
1.86133753001	0.313786432529	1.48673535414
0.441469111268	0.282889449633	0.851515462621
-1.83409979579	2.11044810431	1.17800799443
0.287267173297	-0.16671448765	0.943230539557
-0.0551587189881	-2.09891550709	1.45865454253
-0.690867841194	0.54011126166	0.480605296508
2.24726440296	1.67740275467	0.857179524163
0.0406148512468	0.994612562693	-0.0953744409802
-1.87367788065	0.269242661524	0.674413414275
0.162195003888	0.596392434061	-0.786135386119
0.551395958399	0.817707535545	-1.49369298435
0.709337199641	-0.636755457261	0.302296584257
1.08609554296	-1.80254808458	2.01155994749
0.252587955624	0.124833356488	-0.959487341126
1.01180685671	2.17575675475	1.50994897726
0.162463169575	-0.983453788292	-0.0801521355031
-2.11624485698	1.89642561814	-1.41033488204
0.88297523466	0.0129482428139	0.469240959406
0.339919982784	1.89146201216	0.746486227658
0.663715743466	0.49655015903	-0.55939194796
1.57731604793	1.19356243337	0.790285652822
0.271467810594	0.901069504385	0.338199609814
-1.32338385082	0.0395299946973	1.57040470974
0.83888844471	-0.120773106463	0.530735371053
0.802080337743	0.349686640032	-1.09034278064
0.523134376786	-0.768966610533	-0.367451732491
0.966134993779	1.33206911234	0.0855400476774
-0.0273513590072	0.287813055405	0.957295956483
0.455471335384	-1.42997399745	1.37455550771
-0.492689130133	0.759582344747	0.424608151827
-1.69498412445	1.45016175336	1.58113486628
0.430942105431	-0.758703077307	-0.488526910469
0.0490370197469	0.457170664113	2.25954844211
0.863238145233	-0.366223767691	0.347419136769
1.74692323557	-0.960508381655	-1.22063215895
0.108694981405	0.990464588063	0.0846480998655
1.42136327595	2.17871980953	1.66669797211
-0.702647468229	0.512036433998	-0.49407006148
-2.25091922457	-0.555069533203	-0.898561236208
0.685860360301	-0.725330758572	-0.0590834734695
0.0564150000431	-1.64957419901	-1.7805286102
0.172172720602	0.975714123984	-0.135419727289
-1.87253099823	-0.980104082683	0.344931388149
0.756548684894	-0.0164072269142	-0.653731512388
-0.846247921671	0.129699128001	0.528709465306
0.749928698267	-0.661454720611	-0.00919783105911
-1.52270326668	-0.359904149421	-0.689900467661
-0.711281891578	-0.701876416897	0.038046893645
-1.00549642123	0.525458693239	0.581138581008
0.622795106933	0.206685835926	-0.754590763267
1.39687708784	-0.963902924876	-2.13548971357
0.711148790292	-0.594360831145	-0.375503129769
0.134841826505	0.497780333281	-2.21924996161
0.698150978121	0.715473854105	0.0261223245752
-2.26784346612	-1.771504027	0.2354448866
0.724205813649	-0.43003668434	0.539068075106
-1.53221967219	1.45618815816	1.18382452021
-0.873636369464	0.318970320123	-0.367447178287
-1.85092519885	1.64825481046	1.32485130481
0.42630746309	0.388065648857	-0.817108927311
1.12821841187	-1.54975649779	-2.27438270461
-0.723919969886	0.362985353214	0.586669848
1.70752362132	1.70817133328	1.38354474149
0.567764301457	-0.529140334738	-0.630598290629
-2.0929669402	0.187354599392	1.13056144464
-0.800168321543	-0.551615479428	-0.235480402698
0.116412121007	-0.744949215479	-0.292109588063
0.992604964383	-0.0933885820321	-0.0775497093976
-2.17295404394	-1.46016770095	-1.46347201053
-0.43997111927	-0.637733449	0.632235290248
-1.47881085794	-0.217154517148	1.91510285919
0.330053456179	0.0141470871587	-0.943856226334
-0.112209371154	2.02849966412	2.256607272
0.0598344582258	0.9909722086	-0.119974661456
-1.39029101103	-0.460034684569	-1.43374044143
0.232262109621	-0.655371976474	-0.71870848394
0.293024459008	-2.24573837181	1.32864215778
-0.564811965083	0.37960715661	0.732724948906
-0.449108426189	1.01833331267	-0.551262456401
-0.802085306024	0.413869608499	-0.430547452693
-1.16386141675	-0.0991580747277	-2.12810870978
-0.937936868385	-0.297882753739	-0.177595878187
-1.91603754196	-0.422234589867	1.12863107352
0.0112325461043	-0.818282275208	0.574706836559
0.340926893303	1.43442971159	-1.89909007732
-0.601122417238	0.570774059253	-0.559346773279
-1.08934831707	-1.64274924486	1.52386425645
-0.164380814712	-0.238339018501	0.957169504327
-1.06414094311	-0.332756615656	-2.17681304599
-0.403083981216	0.913942606661	-0.0472463312453
1.09533659367	1.98511926966	1.93680988629
-0.742240280981	0.0476077748343	0.668440621944
2.24858409064	-2.04243385291	-0.223059811398
0.0623673147539	-0.664365541692	-0.744801144643
0.538788801641	1.8731282276	1.30745653596
-0.148422952647	0.335550456486	-0.930256157345
0.142448479136	2.1298787693	-0.90392650171
-0.333468572746	0.262767926747	0.905401417971
0.0348084727447	-1.03044100104	1.78164099931
0.0812374329913	0.379736115839	-0.92152100454
-1.00372678523	-1.43597483384	0.548656674217
0.437123479956	-0.601483330884	-0.668685924736
-2.00880342502	-2.21021591803	-2.02591830196
0.623811021217	0.208858731923	0.753151936802
0.118526016412	-1.56272263931	-2.17203420149
-0.410653336295	0.11205116179	-0.904880309506
1.30488340896	-1.34465594218	0.471951345672
-0.796187872825	0.393927123685	-0.459245350975
-0.935182766128	-1.88190513008	0.175215692631
-0.995166794757	-0.0173351464571	-0.0966568327174
0.103726420969	-1.1235612957	-0.725734355192
-0.311979532243	0.866378857698	-0.389944158048
2.16961291386	1.03647619817	-2.0289753969
-0.705370367556	0.555062890237	0.440860332141
-0.895462085309	-1.16799517033	-0.598992258481
-0.690932781879	0.71094275117	-0.131043105441
-0.143466453178	0.617468193141	0.490427351167
-0.551151633231	-0.786729238536	-0.278008961042
-0.524113031683	-1.99128475252	-1.18725588005
-0.828317191141	-0.242183936011	-0.505210423486
-1.37870106784	-1.37528063458	-0.914062046568
0.927690882792	0.373192042102	0.0108316986979
-0.356084960346	-0.63323038488	-2.29993148849
0.542617183057	0.461375968089	-0.701925073438
1.28677522017	0.23340698592	-2.14308654307
0.678207319662	0.124935466827	-0.724172604208
-0.545023252785	-1.80067427131	-1.67434565558
-0.245517900199	0.896764660658	-0.368149567537
-2.05985801749	-1.18052944731	2.22865885933
-0.220135002842	0.975284640618	-0.0189855286774
-1.59545881965	1.97067799194	0.318063189318
0.567629583991	-0.53909763717	0.622230176845
0.27424044993	-0.973734372156	0.776989694252
-0.63891975455	0.557466374501	-0.53010639361
-1.88101903063	1.26901240119	-0.407543092311
0.665822990796	-0.526781015528	0.528376292624
-2.0716875843	-0.810637508024	2.18839006338
0.739434898319	-0.0365115763451	0.672237261643
0.445138664884	0.593055194773	0.0024352352994
0.0688874127233	-0.765455079183	0.63979140829
0.916123911897	0.525638609417	-0.114155537764
-0.497641499482	0.865084650734	-0.0630990099554
-0.75177549132	-1.14498959438	2.15704385207
-0.906194036008	0.0911042720429	-0.412931447966
1.88221629999	1.09938826407	-1.79245558349
0.902669292999	-0.338234452161	-0.266055638634
0.988450188646	1.55856128286	-0.176071366926
-0.166979924771	0.548275760132	-0.819457988902
-1.51601208959	0.459816198101	0.34740081801
0.553738732127	-0.00864961649482	0.83264554324
1.33836319235	1.90786269203	-1.43459589937
0.680470874255	-0.709174862373	0.184473314789
-2.16377622946	0.172942850791	-0.939552509571
0.346154899772	0.636810920279	-0.688947485065
-0.200279293142	2.30930718466	0.96997113358
-0.373728810405	0.86554770878	-0.333397570624
0.555902458121	0.977286857679	1.6970362391
-0.270285048758	-0.743664799865	0.611480709311
2.00178945382	-0.454274937936	-0.21338696302
0.964892356802	0.0585947597207	-0.256026158659
0.214881493797	-1.88418448995	-1.17130770469
-0.0121285122591	-0.127634183405	0.991747152462
0.0213589386817	1.37318573369	-2.20304650551
0.363190264781	0.626041501713	-0.690047005429
0.437085797511	-0.69210080623	-0.0609463290865
0.702143570867	-0.241495000238	-0.669831748091
0.513561693976	1.82441110839	1.97031136097
-0.454411039255	0.208362005734	0.866080759496
1.83509028762	0.995346740414	-0.311063167501
0.963766581869	-0.238344969487	-0.119773332562
-2.02582836923	1.73456451091	-1.12497646526
-0.57586316173	-0.0634057260068	0.815083635507
-1.3621174051	1.91174231051	1.16051590177
-0.845500703032	-0.522800633229	0.108664893443
-0.414186812409	-1.69956831334	-1.18229935455
0.284210515829	0.752629865329	-0.59394668827
-1.41080254253	-1.30912066246	-0.686588282546
-0.703816711703	-0.695030455606	-0.146883294174
-2.21784513533	0.121888156056	0.432352658914
-0.742810226697	-0.0703346159602	-0.665797273133
-1.54409925528	-1.83231265815	1.6912677447
-0.42333203307	-0.645567716697	-0.635635361615
-0.203817343375	2.2515222754	2.18304434565
0.176562974182	-0.774935050327	0.60687822825
-2.15900402296	0.525058214359	2.19427929469
0.736881308899	-0.355037515464	0.575286275874
1.06166258567	-1.175572577	1.3801645547
0.422138232677	0.297328815209	0.856384778099
-0.942962761135	0.3275776724	-2.04231125672
-0.754088983762	0.655999917951	0.0318419882741
0.164205893748	1.00005717154	-0.693880151087
-0.649561493479	0.639181181699	0.411724766258
1.55749323165	-0.415524671514	1.93817792112
0.505629652062	0.184728225635	0.842742035032
1.70029710401	-1.00124980665	-1.83456540711
0.602893173356	-0.18874466055	0.77517435112
-0.273500365017	-0.589869857397	1.04917965025
0.0144613294471	-0.0527122859802	-0.998505024953
-1.08189233826	-2.15347013508	0.98063476811
-0.252544839201	0.632700579014	-0.732059479488
2.05895221926	1.20867214181	-2.29492974464
-0.656070591793	-0.26783173202	0.705576035525
-0.271659147594	-0.300880176278	-0.35350186147
0.811385760565	0.227165647512	-0.538561896297
1.72711138279	0.115114724085	0.619633326575
0.819313384613	-0.539499116278	0.194078028972
1.5318566072	0.562426548984	-0.284300813592
0.261520394304	0.943755134629	0.202319868587
-0.614563098927	2.30671475882	2.24974556747
-0.348405551152	-0.489359843519	-0.799462641702
-2.188232264	-0.851251597567	-1.56859238478
-0.0119343277474	0.607382832393	-0.794319625047
0.850805001796	-1.78490443618	0.629198811852
-0.48844867358	0.843255715387	-0.224360628775
0.340861322234	1.74228446909	1.69031017021
-0.11400490473	-0.331651882735	-0.936488072736
1.78044053106	1.20861335907	2.25624764457
0.275246046744	0.835898357061	0.474882670156
2.09633744719	0.225824502984	-0.612199815215
-0.599838760448	-0.652149180684	-0.46356758687
-0.261615390792	1.77918525401	0.00991679811841
0.307752356445	0.936191443306	-0.169805973344
1.54817895079	0.73123123345	1.78366242002
-0.624644560429	-0.739477987664	-0.250981032921
-1.65018122028	0.635393038465	0.15501285714
0.559525017745	0.811511818378	0.168464605038
0.77930344372	0.82945178815	2.06192967268
-0.463901053758	0.34814469841	0.814610999982
2.22137320143	0.829978809321	-2.01684223522
-0.446868849998	-0.2571600648	-0.856841252493
0.551380071546	-0.593589820577	-0.672024971035
0.750871071213	-0.449766654609	0.483634770066
1.99361166073	-0.882011712178	0.697367412813
0.210073671755	-0.0978866447455	0.972772973111
-1.85198510508	1.25834769491	1.9704586031
0.677588262192	0.658655755932	-0.327179984285
-1.21681685855	1.73612550227	-1.20076344448
0.125804252775	-0.801600470936	0.584474101204
-0.242687912955	-0.709282008793	-2.13162457474
0.453012145461	-0.440925087758	-0.774832280594
2.07429573053	2.01275034568	-0.46719918145
0.539548276519	-0.729988961448	0.419528036572
-1.8500218607	-1.89446726615	0.512567055509
-0.0234310184173	0.887479252624	-0.460251630674
-0.819818155281	1.83054668956	1.23960963311
0.689399458356	-0.58897382762	0.4217086876
0.216893703244	1.58688553693	-1.7570870092
0.163636819608	-0.94236734384	-0.291833480829
2.21760007505	0.0991709027838	-0.8239547939
0.314820916474	-0.84214524794	0.437811799661
1.03224538705	0.321665571137	1.58660827297
-0.469238927508	-0.791248320148	-0.392098106059
0.944854004326	-0.0720276712873	0.536817834929
0.162360525954	-0.940143594041	0.299614889811
-1.90525312317	-1.37547911496	-1.57644500034
0.666568280391	-0.166390236476	-0.726636784633
-0.614463295064	1.44222530121	-1.82898878178
0.769490053228	0.454714629243	-0.448463670698
-0.0831053002906	0.0162357198469	-0.450783633699
-0.764890966983	0.256634029157	0.590830587992
0.176293091503	1.05546336654	1.26917314074
-0.330112983915	0.542051575492	0.772790726754
-0.261440642237	-0.419776997515	2.00753677419
-0.469765606547	0.228985812745	0.852575962872
-0.64807751681	0.972878994401	0.0883596056107
-0.392524115787	-0.902104797123	0.179253322239
0.691001582292	2.30711634479	1.60708615289
-0.828796077641	-0.540399997919	0.145137534548
0.452884019281	1.89676330643	2.1509235747
-0.602255611966	0.468884381427	0.646092574411
1.01628547387	1.06064502649	-1.80237635375
-0.598569305783	-0.195241190287	0.776914193325
0.883181662673	-1.09444670245	-1.3320349546
-0.551477711139	-0.796934714088	0.246510437097
0.630745986929	1.76478550587	-0.684466133979
0.254696972058	0.000792037139922	0.96702059187
-0.329178231255	-1.44129474598	0.332721306843
-0.385399023916	0.168369456342	0.907259234473
-0.416671430973	-0.493193827857	-1.63769874316
-0.539811189387	-0.404329684518	0.738323361428
-0.789466154091	0.426728291099	0.665587600646
-0.0255321378996	-0.724490909717	0.688811317903
0.569703196326	-0.466690969011	1.40430478713
-0.576039229888	-0.116511561114	0.809075930773
-1.9487000526	-1.72158409856	-0.135487060803
-0.0158422571616	0.566522199212	0.823894180516
2.15171049412	-1.30947778367	1.90235182851
0.528738098336	-0.417929525755	-0.73876311147
-1.62345874373	1.29067357824	-1.67097568281
0.342289466446	0.716862223712	0.607409642148
0.204516782353	-0.473119026502	-1.2990757586
0.663382993267	-0.604211840558	-0.4414193652
2.30639433337	1.2980838344	-0.342062494903
0.637393546564	0.565238959015	-0.523673931
-1.05003630614	-0.300963123587	-0.391470911659
0.129648411786	-0.43639716537	-0.890364421672
-0.731560397682	0.357584949014	0.312631238883
0.053413140821	-0.708605788708	0.703580039937
-0.0929607382872	1.55029523326	0.3132728493
0.747132631891	-0.657248523445	0.0990818287736
0.434745067939	-0.163221842385	-1.40121023942
0.975917183377	-0.193493021787	0.100727859648
-1.15165136634	0.438858360102	-1.70765258455
-0.232940874573	-0.792779290296	0.56324022036
-1.34116451903	0.81875371218	-0.948246297781
0.215410617933	-0.949978068999	0.226141402895
0.569144427693	0.0889619430545	1.67553135323
0.679964945025	0.608094742893	-0.409717533434
-0.290066694697	1.52946500884	-1.84781079917
-0.572237071677	-0.502047537129	0.648454319333
1.05568591173	1.90513067954	0.402048741799
0.654913445298	-0.723014061187	-0.219861425659
1.65824947369	-0.981261771077	0.226485577857
0.155225573252	0.0797984526023	0.984650815452
0.166246790114	-0.126749308152	0.0812366541174
0.310886254433	0.787346685939	0.532386075086
0.860156368005	-0.298347509541	-2.2318573943
-0.666239611214	-0.458969387323	-0.587768561553
2.2322690855	-2.19171785052	0.323178071052
-0.0382341692289	-0.441211897045	0.896588093948
-1.45565390972	-1.07794669934	-0.759372890976
0.536032255014	-0.792364633112	0.291251969569
-1.49975539387	1.87701660797	-1.3146013046
0.919673429224	-0.259830841828	-0.294429477489
-0.51580913132	1.79360068491	0.841400163131
-0.197941194509	0.119662134079	0.972882447773
-0.498976879413	-0.128837328004	1.86722783209
-0.822088833517	0.18265648722	-0.539264830563
2.19565044546	-1.01703044706	-1.2847781588
0.781510936157	0.432697066733	-0.449459570048
-2.31266091155	-0.314434585885	-1.7577233384
-0.580553218827	-0.620829668487	0.52680972166
-1.53894737295	-2.2072671923	2.13678262374
0.49506355547	0.862555928342	0.104447817246
1.98623860041	1.18157949432	0.595832690078
0.536651318826	0.0608348690403	0.841608270344
1.66407647191	-0.033532648833	1.67999119429
0.4540102065	-0.0546123251158	0.889321216625
-1.59038841444	0.627671376024	1.18352714938
0.649894655673	-0.582062814505	0.488712406736
2.0053721221	2.31771054918	-1.71434891447
-0.553897238122	-0.222278004755	-0.802365464239
0.270564340662	-0.278869283265	-1.63017326629
-0.140384935233	-0.421038976555	-0.896112855717
1.28901453719	1.42561677924	1.6128639966
-0.865745328734	0.479420405694	-0.143670109553
-0.359339533181	2.3156285058	2.07353354075
0.499139254886	-0.747872382233	-0.437660718051
2.235537704	-0.0302916283689	1.00035718493
0.285974705234	-0.784660532087	0.550023924345
0.866437566916	-0.134918985541	1.47086492675
-0.757924836662	-0.593594194292	0.270547360871
-1.15838487955	0.213941771045	0.77104933334
0.34348893189	0.564621905242	0.750478152773
1.39092466054	2.24785084474	-0.248866030617
0.621155434391	-0.583114384059	-0.523587186083
-1.49929023081	-1.19166133531	-1.97097345628
0.21750100545	-0.560352942028	-0.79918576876
-0.80260227005	1.74735590882	-0.879454922811
-0.812395709137	-0.577380022179	0.0815200697002
-0.917973181731	-0.173932183985	0.957759264159
0.819720195319	0.235582469518	-0.522072505923
1.84033095769	0.00862967360372	-1.6411803931
0.258195657589	0.166332214829	-0.951666221273
1.33498586649	-2.27886290894	-0.287847799083
0.388212706047	0.440747426464	-0.809340843483
-1.34665277366	1.83643573566	2.07786795406
0.600022259287	-0.636323698755	-0.484835475974
-1.47005373231	0.879802704186	-1.96949110017
-0.229208460674	-0.804855870866	-0.547421691832
0.149075757428	-0.806946470234	1.26741890046
0.14821205422	0.779903964307	0.608097848575
-1.70342679831	-2.27368079592	-1.35706961931
0.185681879783	0.862532071487	-0.470702310571
-0.274887934642	0.915163909467	-0.00897175839395
0.960193542337	-0.277195534589	0.0345108223293
-2.10666630562	-0.525646737046	0.465540592217
0.666394240128	-0.74035054302	0.0883164207538
-1.13308312335	0.77530852137	0.239992111279
0.832288669211	-0.0262477763144	0.553720710594
-1.11185565522	-1.64330109012	0.856827358739
-0.436319141751	-0.589628655157	-0.679679082773
0.375011004577	1.22558663243	1.74828009897
0.687618953355	0.186413427072	-0.701733716729
-0.512794801492	1.72840226647	1.72533975323
-0.613108218327	-0.770631264453	0.173855591993
0.434996997439	1.0435225303	0.491157275581
-0.439354454279	0.797152463299	0.414144435869
-1.98350269885	-0.841539894653	-1.56060193789
-0.872974746835	0.480778271741	-0.082263873061
2.31108505194	-0.398626857772	-0.242113559076
-0.659740838596	-0.449112413345	-0.602528062473
1.11407709217	-0.79271620689	1.05710766064
0.873787368827	-0.419984336183	0.245170943301
-2.20662380826	0.636139597992	-0.261229020569
-0.524760611613	-0.650010818128	0.549647374975
-0.242073576857	0.823977582731	0.621491188204
-0.436168557765	-0.641544202945	-0.631013490256
0.318378712619	-0.159149388224	1.87275113704
0.398197753581	-0.125823976628	0.90862911903
-1.01885813505	-1.06410534325	-1.41572776326
-0.865484521942	0.441671710897	-0.236352791548
-1.70574572907	-0.752414064791	-0.221331372255
-0.452643651331	-0.00767170624321	0.89165849395
0.349343542584	-2.08243693518	-1.41701068392
-0.691287665712	-0.453580159535	-0.562482357155
-2.19108359228	2.09697917799	1.54410728978
0.225622704044	-0.270414405298	0.935932927526
1.34349123485	2.27459326973	2.18374722647
0.0150234618194	-0.366408931016	-0.930332623779
0.303436348032	0.833525608039	-0.753819617634
-0.657781270603	0.180088819497	-0.731362985894
-0.795619765741	1.24359030846	0.939221845737
0.303810529701	-0.565080400422	-0.767061472831
0.354994754249	-0.702052654281	1.57684556164
0.374240133769	0.685097438673	0.624968656655
2.06185932932	0.783675313954	-1.13235640262
-0.36327652887	-0.86566657831	0.344458326607
-0.0868800529888	-1.60685187655	-1.91825849627
-0.477992108999	-0.802734334282	0.356568552035
2.15235323479	0.0549997704943	-1.07655295367
0.277277598042	-0.67435345789	-0.684371644252
-2.31530961462	-0.484134447286	1.87170253388
-0.307880413014	0.856146298021	-0.414997792365
1.29530541283	1.59920617233	-1.12954196273
0.098118992832	0.544440572704	0.833040890977
0.520960330449	-1.28741246765	-0.193744802249
-0.713303335552	-0.609373752697	-0.346210890953
1.25414085485	1.02001683002	1.12187610901
0.558485843114	0.488343924527	-0.670532455903
-2.08998592432	-0.75282555794	1.34422799392
0.203502400775	0.970701302152	-0.127772277426
1.72304017662	0.795134898429	-0.666393568233
0.453507320425	0.817574113614	-0.354829084306
2.10057510027	-0.776003656022	-1.57991404802
0.257499911368	-0.453571014358	-0.853209898313
-1.08103922994	-1.16893035769	1.54934532864
0.368912134949	0.868980528708	-0.329813094668
0.794580825615	0.570737790487	1.90436836933
0.931268363326	0.179741470201	-0.316910459528
0.268293761206	-0.870417553908	-0.241169610074
-0.336562833247	0.66727869282	0.664428028748
0.105351168214	-1.38648437024	0.592751622977
0.521702215869	0.482361176824	-0.703672148838
2.20560323126	1.58720529397	1.08509507406
-0.0605141567779	0.261479742809	-0.963310116697
-0.686699025144	1.57373634524	-1.41389319924
-0.712967418438	-0.665354684772	-0.221315620096
1.57420740951	1.32195396557	-1.05915284639
0.0356666243561	0.945232727213	0.324442573212
0.932628328085	1.05150842199	-0.226998418615
0.629462383386	-0.406745489652	0.66206888958
0.440218752577	-0.964256955662	2.15573163832
-0.195710321139	0.895782864244	-0.399087121223
-0.573123453913	1.76280130328	-1.3066470689
-0.286964101698	0.598864247191	-0.747671865041
-1.04877762093	-0.788850271459	-1.04047934226
0.417555266612	0.795183039594	-0.439694817876
0.731895007283	-0.539783448648	1.99852926954
0.177482595053	0.972906840495	-0.148162775928
-0.0527451681614	-0.546623710592	-0.0555077311484
0.372316279233	0.347085539001	0.860762578667
-2.15732166573	0.950747193404	-1.20807272864
0.690909344492	0.164394761819	0.704001874983
-2.17770068616	0.482793529914	-1.20834982857
-0.460382599099	0.650691853569	0.60386088973
1.31172732957	-2.17254495039	-1.65795319773
-0.412080364277	-0.609595668142	0.677187488631
0.0160709758221	-1.84562592558	-1.64454818806
0.692964579938	0.596572149753	-0.40484782461
1.07803032662	1.86533307609	0.599156699369
0.830793848245	-0.532207853464	0.162899915377
0.241512817999	-0.764519947899	1.81046335575
-0.374906725685	-0.900279576192	-0.221227556439
-1.14338696316	0.603281046284	0.456815767485
-0.616779305274	0.26611337765	0.740788066063
-1.23675165941	-0.230296803792	0.605963893647
0.240077076396	-0.382012600038	0.892428916386
0.591290406321	-1.52560439522	2.17601718568
-0.524703327597	0.00097696168963	-0.851284596099
-1.66758105514	-1.59951088679	0.211845163519
0.779284406159	-0.212783784139	0.589439458744
-2.04607993102	-2.0206157592	0.31603687661
-0.461895116711	-0.329386941436	-0.82350297144
-0.182082140976	-1.24861719622	-1.03838515994
-0.115670103759	0.842138736342	-0.526709384622
1.85380097471	-2.13288097251	-2.29028497611
-0.520930187487	0.790548052361	0.321971297902
-1.71466990539	0.0671192160911	-0.796667677656
-0.204803120544	0.648611314163	0.733047778085
0.264855466291	-0.674396456888	-0.480025034314
0.161535862602	0.875031429886	-0.456318048958
-0.0350826696109	-0.818595044543	-0.599082774586
0.614185453962	0.744778146325	0.260924780155
-0.730559240438	-0.0561593551604	-1.74907071863
-0.855130546549	0.416873913691	0.308168603921
1.20962837084	-2.27058170553	-0.486861691451
-0.99930765048	-0.0145871840897	0.0342262144088
1.35721775537	0.262619206123	-0.900210393798
-0.861512682397	0.489342003886	-0.135426368563
1.67349212876	-0.389703352025	-1.43817994836
0.300804374563	-0.406600358486	0.862666144417
-0.883689971704	0.998464258026	1.92087553342
0.978077674742	0.0667200212468	-0.197262517818
1.61069744678	0.773094605583	0.985686054649
0.592776562743	-0.732613231363	-0.334505306228
-0.869674809285	0.767593064535	1.53854847078
-0.309210306984	-0.56986797422	0.761340579513
0.529571527352	0.407084784392	-0.000338212956647
0.96052976823	-0.11555517115	0.253040642514
-1.61762392828	0.890895867548	1.91346924271
-0.42296087385	0.68002063858	-0.598895675637
1.6112181291	0.140869751052	-2.06316942451
-0.224721740047	0.949890093958	-0.217276204288
0.592013029218	-0.0827310648763	-1.56678992347
0.152467136814	0.354865944209	-0.922401178356
-0.875964698868	-1.10456339239	-0.0504352005846
-0.471877115848	-0.0294977589117	0.881170738142
0.0374205040128	2.16570975254	-2.06659464322
0.0483588266642	-0.742130454488	0.668508647966
1.11857566024	-0.104038141829	0.432330294759
-0.328616802388	-0.777987413453	0.535487237661
-2.15487961289	1.30216278026	-0.679026341095
0.836435775582	-0.195230488621	-0.512113512455
-2.20525846857	-0.652499028428	-0.656845213446
0.39468421136	-0.266030376493	-0.879461319267
-1.61037682245	0.426463086726	-0.327721400422
-0.794807628538	-0.559311495516	0.235481389077
-1.16564042321	-1.60008077195	-0.104209723754
0.707832239775	0.556216332533	0.435427274936
-0.902005897609	-2.29046512278	-1.98193905269
0.345716557982	-0.817259623607	0.461049638497
2.16960617792	1.59498513974	-1.80797469654
0.147065218442	-0.287833433653	0.946321159013
1.14325009341	-2.20524745902	-1.78740375929
-0.0553900498313	0.654315121132	0.754190734919
1.81004995882	0.254872037566	1.77872027643
-0.493217930352	-0.786006819781	0.372732279843
2.22744818597	-2.12979476741	-2.19127230134
0.341389881023	-0.299420883256	0.890954591326
-0.900732368612	-1.55268634526	-0.578670289579
0.61742073887	0.466614797328	0.633294767172
-0.435939303821	-1.13762667881	-1.20650012438
-0.0557034386987	-0.981134509831	0.18512752506
0.774810391043	-1.79903959712	1.01947417845
-0.19175904366	-0.770065007567	-0.60846392933
1.38641913182	-0.537884468068	-0.743769881688
-0.62449884599	-0.0748661340308	0.777429259375
-1.76013305192	-0.913127016779	1.19617809763
-0.374476887679	0.614527068775	0.69435116644
-1.93794523236	1.30935660597	-1.51062894874
-0.65496388122	0.0149732680392	0.755511823561
0.0399720105056	-0.388647217779	2.09206964681
0.945667536195	-0.100972649696	-0.309058950688
-1.83350171839	-1.71142046687	-1.86982279394
-0.0668865045143	0.936632187129	-0.343869657788
-0.68936996144	-1.20671746773	-1.28440548373
0.422710366665	0.144919638074	0.894602841721
0.289350474238	-2.22981960393	0.619623783598
-0.1772483923	-0.27797926794	0.944092439342
-0.933786124412	1.81577065074	-1.59375340696
-0.777328128862	-0.607188234614	0.16457043424
1.97396601681	-0.180437415928	1.13993469879
-0.050082011553	-0.901897314526	-0.429037324915
0.433488466857	-1.61081153905	1.79728753218
0.751531737518	0.0825475451738	-0.654511994
0.139540063254	0.785659292772	-1.41902741322
-0.165619846807	-0.986170476791	0.0061528082673
0.997095909761	-0.618436643772	0.834263089093
0.95717972446	0.0714899747755	-0.280528356122
-1.64870913287	-0.489780085037	-0.0249091904855
0.708482936284	0.443800004293	0.548719860388
0.729185030591	1.93645282285	1.85548042243
0.242303595673	-0.60015812513	0.762298624139
-1.69602077135	1.29931630362	0.747106488229
-0.531069848112	0.847285044599	0.00853637070885
-1.57551638792	1.51912951766	-1.36789724001
0.646867860669	0.120159872023	0.753076075831
-1.43066396905	-1.88448397357	0.569849360513
0.619278967962	0.556349864527	-0.554047279643
0.896291934673	-0.078430633404	1.86567347485
-0.79398626333	-0.585157108609	0.164854396024
0.754071521839	-1.05971429474	-1.6327378524
-0.442665678425	-0.662765064238	-0.603978117791
-1.24137428722	-1.23514427474	-1.77139332327
0.160875503598	-0.910585832141	-0.380726298864
-0.725699730496	1.14332566618	-0.504365396021
0.535827931038	-0.596196068607	0.597861753332
-0.36510760178	0.590675827263	-0.0386127383227
0.466181485702	-0.877628817831	-0.111545867249
-1.24997842108	-1.68519774881	0.658863385409
-0.522085743832	0.567871611686	0.636355489273
-1.13271134158	-0.0691093029958	-1.88900434294
0.728205230029	0.123119311238	0.674209743447
0.883847223769	-0.937149257886	1.06543760255
0.182921891255	-0.836473852653	-0.516576301748
-0.158993752816	-0.746670855097	-0.825000846053
-0.843807774216	0.0182917280942	-0.536333714077
1.48258564897	1.29092808071	-0.562682000719
-0.886762897125	0.329625984735	0.324034372357
1.2503042384	0.139569890953	1.25213596373
0.500940686765	-0.800865017631	0.32813663599
-0.544199007922	-0.398282013854	2.16139524883
-0.570994820223	-0.801145958693	-0.179248621052
1.22556660922	1.84066904541	2.14630556912
-0.871780995237	-0.454467201179	-0.182913803189
1.91085734646	-0.526845883964	2.11855488329
0.643004776501	0.154871813421	-0.750039718151
-1.1952325848	-1.7775364442	0.100000476458
-0.2132132913	0.0661777062845	-0.97476181891
2.05881632534	-2.02059618581	-0.968055446213
-0.0671956433416	0.642273472661	-0.763524414693
-1.59603513043	1.96986236084	0.113906996208
0.886530402576	0.461980054008	0.0252641050995
0.214779700537	-1.41633265551	-2.28044645753
-0.444438646176	0.369976005517	-0.815838246914
1.37251098575	-2.2075047887	0.782687542312
0.756130205474	-0.504079830331	-0.417337557649
1.02487938526	-1.97064859816	0.192892581412
0.705898746448	0.127421183935	0.696757347753
