448
-1.6055946553	0.501470374452	2.48942624859
0.684869053183	-0.617959357609	0.386109585916
-1.65614531839	-0.38099274311	0.288886536423
-0.811485751233	0.580198730872	-0.0697159109504
-0.879793422732	1.62550662891	2.26033882212
-0.647686944975	-0.482728895663	0.58946962144
2.31271446103	-1.06808661777	0.0992489147933
0.492617889263	-0.422176106689	-0.760982884248
0.908952927698	1.58331999758	2.28748057045
0.76131387109	-0.0728419691823	0.644278850508
-1.76362935293	2.57074165613	-0.694574845509
-0.844172642998	0.0947125925544	0.527638203342
-2.22930975982	-2.177399294	1.83747990929
-0.667789680124	-0.719872312168	0.189316658784
-0.769190579341	0.644448322291	-0.347618627819
-0.758388095823	-0.600834649385	0.252676117216
0.000440027052991	2.5447342745	1.03922166822
-0.820764452749	0.134715076899	0.555155438738
0.806291447522	1.08723705075	2.01882532969
-0.780582825508	0.516974413584	0.351323082391
-1.66607026641	-1.28062853787	-1.83453387118
-0.728922404292	-0.293227653913	-0.618619165159
-0.796178317935	-1.23871209681	-0.446620508624
0.137638488217	-0.837800964064	-0.528341926384
-0.0284014864524	0.141801684735	2.09604904646
-0.949744016353	-0.31210713213	-0.0239883612703
1.94900415632	-0.991755850371	1.80065926898
0.387423436922	-0.76951190369	0.507695293067
1.26326063104	0.439531024759	-1.72183416423
0.0893682313858	-0.331432699223	-0.939236756683
-2.36577216597	2.09049563553	-2.37743865445
0.342740673826	0.489785258466	0.80164782236
-2.02269154239	0.587596321338	-1.60095133681
0.844453490551	-0.185699138554	-0.502408332172
-1.92604141037	0.630690385681	1.55141258286
0.468095527691	0.138037639887	0.872829987415
1.5013653783	-0.883783609081	-1.79449927628
0.690902613546	-0.553903448279	0.464590732344
-0.251259143091	-1.81355602644	-0.467056660558
0.824746894164	0.517319764816	0.228413706896
-0.096742897638	0.516830385814	1.37973066242
0.333304152108	-0.621330119761	0.709124265883
-1.04484762555	-2.46824921504	-0.888975429109
0.703734231057	0.679019594138	0.209022780613
1.0144561007	-0.546106466222	0.154782734861
-0.629278851439	0.152969336008	0.761976711831
-0.955254238855	1.17419104524	0.678838189736
-0.779917406288	0.225000485943	-0.584040769719
-0.277676584635	-1.90364543441	1.61988483903
-0.218320845648	0.304936264711	0.927011263588
0.938408529887	-2.21937585067	-2.43481539161
0.210710834626	0.672928182258	-0.709061778475
-0.283838472838	-1.52372322803	-0.351063697547
-0.637258196494	-0.314213762736	-0.703684376911
-0.0522115406015	1.763045933	1.40771218322
-0.707298471642	-0.603182232835	0.368646261347
1.93730424379	1.91667555069	-0.351392370753
-0.732044073422	-0.496399079702	0.46658271318
-0.281075099665	-1.21955482193	1.09496808177
0.192528540182	0.588864431492	-0.784965886226
1.57641732028	2.3211617206	-0.479446983889
-0.690753361416	-0.458944244298	-0.558775423868
0.483618870468	-1.51552508117	-0.0335131195546
-0.603322120996	-0.781268835615	0.160066938541
1.96289965751	-1.85599479813	0.368492707116
0.406327964594	-0.806192528713	-0.430059521271
0.811611136889	-1.75007940203	-1.84299494438
0.350038521082	-0.166827656387	0.921760037549
-2.444840123	-2.45176267776	-0.995720105878
-0.705737237411	-0.698488483661	-0.118527591409
1.81962343541	-0.110739335112	1.89774539023
-0.665618771288	-0.0884776497639	0.741028580287
0.760089077285	-1.81838761506	2.06979516324
0.342632085058	0.346011651763	-0.873429557052
-1.68998975738	-1.06390512705	-1.94003098776
-0.577581789924	0.80066939831	-0.159147072098
0.998917358103	2.03734534509	-1.25801919628
0.00406347167497	-0.817167701211	0.576385666283
-0.0480438888691	1.45807563161	-0.314616892577
-0.120407063461	0.682027630499	0.721346276281
1.87107243694	1.16848097507	0.310525053429
0.348048418164	-0.037753237918	0.936716067782
-0.610651143733	-0.0342142344326	-1.77132549462
0.393916438692	0.822414886332	0.41044316789
-2.32694407787	-0.127727002471	0.565925295737
-0.289577408557	-0.11697678671	0.949979660743
-0.929070094545	0.65097246406	0.445609643959
0.840063127305	-0.198220181263	-0.504977922173
-1.69276631965	1.55970699311	-0.625047790412
0.653180863009	-0.71616729014	0.245884470295
-2.13987941811	1.3360563352	0.605833014461
-0.969128155303	0.244650111267	0.0306095026963
-1.69397358899	0.857451382037	-1.8347991995
-0.588214681632	-0.663721177126	-0.462036456728
1.7472660251	-2.34722300249	2.33298754468
0.434731204167	0.676462866605	-0.594480252177
-1.7712276498	-0.852493064738	0.509688034551
-0.709634042642	-0.471854666729	-0.523232929975
-1.18918546011	0.345754700174	1.38653635791
0.368828342472	0.781903971408	0.502585150284
0.861415986475	-1.04141448265	-0.902786792495
0.267429297666	0.33450460335	0.903652721507
1.93768329281	-1.85887961867	2.3376353124
0.0737462417518	0.531613144334	0.843770677731
-1.75813997668	-1.86076297606	0.827926306522
0.114588615164	0.528890856173	0.840918492799
-0.45267386215	-2.39198300546	-0.247355723765
-0.41946748087	-0.427640296696	0.800731421348
0.040455987226	1.26823498401	-0.364184552372
0.0823941144155	-0.688215356781	-0.720812619618
-1.70675970608	0.24490407821	0.345991252136
0.417115393737	0.127067311606	-0.899927022946
-2.44790447571	1.78460953498	2.49099029621
-0.818839394159	0.573853034374	0.013954981615
-0.855785394897	-2.41927153283	-0.775524601633
0.644362001851	-0.757407552846	0.105505494935
2.09000527646	-0.450134740215	-1.47658305831
0.321328127754	0.562209337072	0.762016335536
-2.48324989422	1.09723777062	1.31634191265
0.102921924117	-0.786462797407	-0.609001925966
-0.258110690999	0.618544257731	-1.19539454293
-0.6209988348	0.702009661246	-0.348630008311
2.5479872631	1.37570054524	-0.516976388497
-0.72997063216	-0.54425909249	-0.413430667013
-1.00118698124	-0.843617635657	1.80880656404
0.196804901236	0.978853141043	-0.0558064433545
0.984391811449	-0.693949100287	-2.16748834493
-0.733588552765	0.363402510977	-0.57427036339
-1.4326476077	1.70713269181	-2.21496447567
0.576709394544	0.646944490129	-0.498867819103
-1.63701706922	2.549761505	1.79221473799
0.253077511144	0.628909258915	-0.735135985654
-1.27030415236	2.01190594278	-2.00577644126
0.208207894357	-0.275944190434	0.938351893744
-2.17431894027	-1.15863288184	0.860970785469
0.782851137885	-0.00735226686102	0.622165605032
1.31337974949	0.17143840227	0.936794922028
-0.601861656864	-0.655140097369	-0.456677127537
0.319253233378	0.32915473272	-0.00358587065864
0.18195463882	0.259141957159	0.948545178392
2.18251293847	1.46681056091	0.241053307071
0.449188898044	-0.171965947977	0.876730886082
1.91001882885	0.526280914842	1.36787607489
0.700043109433	0.271824604849	0.660341600336
-0.75859168613	0.392102569047	-2.21798039984
-0.197083746463	0.516376492094	-0.833374654818
1.60399578018	-0.92775601103	0.751779770456
-0.129292917119	-0.637581392601	0.759455929855
-2.03307967019	1.39433613252	1.59165266245
0.567342448765	0.568992656177	-0.595289763935
1.26837834543	0.661280589784	2.28353740621
0.55042776276	-0.567509138956	0.612341943022
1.23265439662	-0.602562746184	0.296621340483
0.800476787769	0.0722196480218	0.59499683586
-1.30690054749	-1.05208856904	-1.92404692574
0.654868647859	0.0822428979729	-0.751254390859
0.321059361638	-0.930682639867	2.40921829965
0.97924308738	0.0570633649199	0.194490997744
-1.7612247	2.33951355259	-1.36549903611
0.526526908776	-0.631477283814	0.56921512134
-1.65833008513	-0.0225159362713	-1.28114447149
-0.0141200041337	0.806937011477	0.590468699417
-1.09945716957	2.56214277924	0.947098158026
-0.168473599017	0.305643498569	0.937122563071
1.05472592323	-2.55001601297	-1.12384108994
-0.636883021873	0.77083390558	0.0139680513207
1.60455665438	1.84685977408	-0.606334446283
0.688130103481	0.145598025272	0.710829216985
2.29562544391	-0.854770664216	0.399532501918
-0.0392777121119	0.246510772705	0.968343792396
0.998117309252	-2.50524004763	0.601603100236
-0.744332320835	0.621050278458	-0.245491237701
-0.121250437242	-2.11487502923	-2.22229784544
0.295792125671	0.78448605331	0.545058391875
0.062536364692	0.0847113107954	2.51247366862
0.0942172646986	0.873320039349	-0.477948967888
-2.46202913795	-1.13570303443	-0.453759090079
-0.498635350296	-0.685502858785	-0.530517311718
-2.01043986434	-0.0754514581088	2.28233801413
-0.167524456318	-0.705044986261	-0.689091520687
0.685141767997	2.45742446998	1.56555948145
0.631584595062	0.749749494148	0.197424910547
-0.471348051212	0.246510830754	0.896027450182
0.975075894967	-0.204822174179	0.0852928837472
0.505893365918	1.52043090094	0.121977741337
0.804207784472	0.332082001967	0.492921275016
2.49709000117	-1.5105015462	2.5897617829
0.0964903723995	-0.984974991661	0.143226651974
0.826551734736	0.367854913074	1.68240186086
0.728644038551	-0.0184126782155	-0.684645045527
-2.04256403678	2.35593346618	2.09358137891
-0.906238058709	0.10420863426	0.40972324988
-0.873418136518	2.27412466326	2.27921126971
-0.0688898788576	0.660455461128	-0.747698313798
-0.11924664171	-2.21985671867	-0.672247111995
-0.401272965606	-0.060457355305	-0.913961112555
-1.63492710333	-0.136446821824	-0.133462387856
0.00643112798263	0.853186576295	-0.521566205408
-2.44765743263	-1.15783026861	1.70410461775
-0.640106387467	-0.621035578259	-0.452303684775
1.90972092083	-0.47909126068	-0.129812881354
0.546728194551	0.827969465444	-0.124719066607
-0.409286466459	1.00508782952	-1.75106321465
-0.481655770112	-0.0776072755888	0.872917424441
-1.21371442832	-1.18192819638	-0.695847135101
0.60823498821	0.580405576236	-0.541460586
-0.280065868068	-2.19070521599	-1.87756241781
-0.306394928336	-0.635357839728	0.708831830117
2.53911365664	1.65586449547	0.905743054084
-0.433470716319	-0.836352586953	0.335585292274
-0.54402226598	-1.08363483188	2.09684027163
-0.0707344820984	-0.641117397553	-0.764176102477
2.12090795745	1.99664573954	-0.725225437303
0.608100762661	0.756940922026	0.239277878235
0.591764064633	-1.89087099572	-1.89953556761
0.36916909697	0.727379433039	0.578475010898
0.520083506417	-2.54356193847	-0.889465184333
-0.668000884241	-0.541758801119	-0.51016881526
0.327819340799	-2.42460858214	-1.51811106754
-0.329839729718	-0.775676949011	0.538080870755
-1.66250165596	-1.21048609943	-0.865881584698
-0.344130887573	0.621148952327	-0.704093680728
1.1340608983	1.90186728666	0.291671625957
0.200297438852	0.965463654803	-0.166615927344
-2.55611087101	-0.499386782088	-2.20070573638
-0.148873111743	0.601194664542	0.78511258551
-1.6756012307	0.295548049258	-0.736691591787
0.416280889988	0.743389719765	-0.52352836139
2.43372773374	-1.01600006971	0.641355993374
0.688973027754	0.623765564231	0.369097125303
-2.06648231416	-2.41307313023	-2.51803806519
0.635729962266	0.756567804423	0.153142327226
-1.9670515489	-0.897463328081	-0.735414366508
-0.362375090256	-0.633417070114	0.683715664037
1.44969460319	2.23949015777	-1.09411610632
0.170076640432	-0.575259334397	-0.800094141066
1.48588673574	-0.939649547475	0.580179714341
-0.982412534687	0.100942985176	0.157086362978
2.2626012768	-1.21837364807	-1.16416443113
0.642194734866	-0.0236763644744	0.76617579724
0.678177921614	0.513698135774	-2.34338761529
-0.500832610301	0.272585158378	0.821501082099
-1.41093117031	-0.741743702807	-2.1551338822
0.596046500115	-0.442977663154	-0.669700947922
0.247790750729	-2.17671236481	-1.04499323592
0.611269944034	0.589777239773	-0.527742231555
-2.38290711496	1.74028925139	-0.0687637128663
0.481699485301	0.859298919613	-0.17196212552
1.80436764838	-1.48056192605	2.338411344
0.610494953837	0.789024693043	-0.0688182033246
-0.461968441646	0.0156754401033	-0.151356221861
-0.933843499547	0.169827684117	-0.314793386305
-0.669504987448	1.3853340155	-1.72641763428
-0.658847983093	-0.382502357106	-0.647774097956
2.4166383628	-2.4254974104	-0.964465114135
-0.365962496087	-0.437891529224	-0.821171395077
-0.974864800312	1.68243922637	-2.43970914303
-0.199816312028	0.545039982322	0.814251103234
1.91240492504	1.33552844441	-1.58900726826
-0.555969791001	0.690135331068	-0.463261067117
-2.58186875833	1.6611615675	-1.83409857639
-0.179834598317	-0.465910762249	-0.866364056773
-1.63108643241	2.38949570133	-0.0579114729621
0.782515184282	-0.483891649641	-0.391814825876
-2.44274969957	-2.02616029285	1.47374691908
-0.674399357087	-0.524817999457	0.519376139812
-0.0659190565458	-0.310434933661	2.13376075355
0.675461860514	-0.465654847523	0.571766419064
-0.283728112833	2.59064819858	0.690929178584
-0.362569892765	0.793932787949	-0.488071512261
-1.58286843788	-1.2517065633	-2.34324557534
0.153511136986	0.72310217543	0.673466832672
1.38600959101	-1.48207612329	1.76108560695
0.912036658505	0.0228687870819	0.409470575403
2.26024229252	1.89068846713	2.05466491153
0.738174313566	-0.558017035933	0.379098496964
-0.0430592035139	1.89983577464	1.25304663797
0.834748172249	-0.344608459768	0.429465363426
1.00304774894	0.0719934920623	0.065719239928
-0.490465234185	-0.194663922772	-0.849440881537
2.30885639394	-1.70187714796	1.15624071359
0.241424000516	-0.544019176724	0.803590435067
1.7242328974	-0.712833133538	-1.02910634603
0.427989964912	-0.0587257891743	-0.901873534161
-0.346796831924	-0.274963474329	-0.204306073831
-0.3566780473	-0.486240048143	0.797716356957
-1.58550582962	1.46283885019	2.48859494748
-0.0862277031205	-0.985873534579	-0.14359024003
-2.54892401207	-1.51780275518	-0.246296534156
-0.648547963825	-0.109929125257	-0.753193949816
0.0292916249967	1.95401829379	-0.53453659103
-0.567132409099	0.202792885517	0.798270553217
1.36412445746	-1.28569939596	-2.21695746581
0.287144570295	-0.541844871529	-0.789906406448
-1.05884911623	1.59744171907	-1.14991531174
0.919211016286	0.260743563283	0.295065927794
-2.50404313977	-0.352452073264	2.1305059209
0.75733016786	-0.443150790071	0.47965445282
2.34391036568	0.912882365279	2.03253479601
0.790503736299	-0.610755108341	-0.0456293823415
-0.624437596114	-1.38274492878	-2.2826567673
-0.235296776897	0.944496036253	0.229265488645
1.24692259484	2.53534571844	-2.49090190742
0.124465485596	-0.577758205568	0.806662134226
-1.19262238376	-0.958449568218	-2.12557194647
-0.508669598809	-0.471254988138	-0.720537282451
2.02727682457	0.126543675494	1.51509431142
0.570992099496	-0.584671860973	-0.576304465799
-2.35994043482	1.91383045868	-2.577744293
-0.490824007057	0.573066054343	-0.656267545637
1.95300897056	-0.900506027104	1.1395398554
-0.444685716145	0.19210324281	0.874843390533
0.893984145649	1.06391662787	-2.39842661776
0.9204117999	0.390816130234	0.0102406519999
1.30823424624	-0.66522991531	-1.13401636715
0.486730959811	0.677313296559	0.551669893202
-1.65964417326	-0.109309638795	0.352594500335
-0.518690711013	0.780354273103	-0.349295225788
-2.27315438282	1.55450686463	-0.00514663013323
-0.400780813147	0.147517324879	-0.904219762377
-0.105263028365	-0.616114672657	-2.11828897127
0.762088091744	0.530557308163	0.371120847134
0.600684768577	2.23382575263	-2.44417117552
-0.377846030428	-0.914495859466	-0.144671007152
-1.18422022227	-2.37479401585	-2.03941674052
-0.00754991645622	-0.855447732431	-0.517834120003
-0.198956295451	-1.25195742546	-1.1737541063
-0.0938403346073	-0.96714214792	-0.236283849039
1.95159161428	-1.92259785501	-2.45120821247
-0.0338539087698	-0.728864651418	-0.683820321996
-2.52300538281	1.95121152251	-1.0467473375
-0.522950314403	0.80678480052	-0.274993189581
-2.19034996204	-1.382873325	0.89585870119
0.307095358151	0.535207637667	0.786921359212
1.12466896327	1.74038614972	-0.679662839936
-0.598084115906	-0.739495227928	0.308937207492
-0.457659824844	-2.22123132134	-0.0230250818892
0.410842821462	0.666974168806	-0.621573514718
-0.391863309967	2.1008504249	-0.126213890698
0.71705656161	-0.609604252267	0.337953462875
2.44044668629	0.656611429701	1.78364734308
-0.50373294119	-0.653641344417	0.564806264862
2.34028688506	1.86689532841	-0.792523037362
0.45837511436	0.796286732254	0.394740034163
1.90156376772	0.0948415144539	-1.37362879234
-0.794514971248	0.293318880066	-0.531704800674
-0.164382161421	2.41021742097	2.17085936325
-0.665535561738	0.357981080035	-0.65491370607
-2.52476655449	1.47737802598	1.56335659611
0.383849117864	0.794845820019	-0.469978698575
2.40264449667	0.66893472519	-0.781377995109
0.364178529295	-0.0444082923247	0.93026980085
-0.375778265321	-2.52436252155	-2.05377595618
-0.174399019868	-0.972770981737	-0.152648612699
-2.16752591964	0.718143174568	-1.65210320959
-0.439739156122	0.880348036046	0.177811163886
-0.461694685357	1.24992755657	0.917550084356
-0.175956879089	-0.0711852043052	0.981820677817
2.59273595062	-0.141516572532	1.08433730174
0.80454585795	-0.300068789615	-0.512508228182
0.581820059036	-1.69314790046	0.57373963962
-0.18746523383	-0.530821881647	-0.826489513587
0.448917364147	2.5471025221	-0.864757186696
0.890672075728	0.428529337755	0.151874488315
2.44164475274	-1.85072259218	1.13899348851
-0.443716615548	-0.048852763786	-0.894834606258
-1.25642429831	-1.08442919923	0.0649897756144
0.169983551998	0.326247033157	-0.929875510704
-1.60568833113	0.375801389083	0.228178482219
0.0896158620771	-0.901276964208	-0.423873602683
0.365884839357	-1.64448613482	0.315312893436
0.628612498494	-0.2021246859	-0.750993966745
1.24426100557	2.32999955333	-0.814228431431
-0.618884013794	-0.516224578011	0.592025981295
-1.22128290756	-0.949948589679	-0.105806321795
0.0747995903915	0.388539045883	0.918391218981
0.873238510366	-1.06382218336	0.97014771586
0.137405308086	-0.935958634043	-0.324193178011
-0.0259898383145	1.75613662491	-1.23447977283
-0.686239762206	-0.676430120929	-0.267427149458
2.04515984875	0.286291427965	1.93514243097
-0.707431839214	-0.0545429500299	-0.704673867451
1.00001471257	-1.83942455123	1.18972530093
-0.691306629236	0.712607946164	-0.119520121482
1.25918400406	-2.58286576814	-2.3247701036
0.149068657827	-0.837014358201	-0.526484092275
-0.284443856325	-1.05496759838	1.82065455839
0.139592224923	-0.937893343473	0.317600514813
-1.79917863127	-1.97696121396	-0.467042551498
-0.0741341349226	0.416740181088	-0.905997655354
-2.06982003076	0.0535069721538	1.89545685391
0.370701969042	0.915902850094	0.15395460155
-1.44987101301	1.61976734641	2.51354428617
0.0427742995702	-0.866527970599	-0.497292303847
-2.39524734217	-0.671749032131	1.83548417069
0.985238137521	0.165870902786	0.0423397683508
0.716081203845	1.61049459166	-1.39302609138
-0.685104343396	-0.364843425171	-0.630492913338
-0.129073491163	1.95789737682	0.870086076342
-0.28484992165	-0.956067582145	0.069248108334
-2.55060972584	-1.89284019875	-2.12890951433
-0.107644029365	0.5412471245	0.833945030061
1.93083609104	-0.588886602529	-2.1257135678
0.57139385802	-0.814420205197	-0.101137472693
0.859253882634	-0.548205276515	-1.47727239079
-0.703621258834	-0.659123799141	-0.265467401999
2.20998609085	-1.62249059297	1.55007420697
0.000110376174517	0.910424196222	-0.41367592479
-0.00113270163777	-1.22028316101	0.726984372171
0.648658156882	-0.10508593579	0.753790117745
-0.220642717081	0.895909356041	-1.07285858974
0.373660352568	-0.615808884431	-0.693655071901
0.588637721026	1.92783094157	-0.500197669321
-0.319335295208	0.675453015691	-0.664671492414
-2.43921945351	-1.06519595328	-0.679107480571
-0.774718867389	-0.307530467521	0.552481391594
1.86236551351	1.36531201109	0.226094438798
-0.405712080562	0.900967791467	0.153800996178
2.29784832626	0.911746204543	-1.42264229541
-0.432418066234	-0.51787734021	-0.738117657621
1.61218716626	-0.0603021209822	1.66611813407
0.453145630622	-0.212243000304	-0.865801331871
1.06826370382	-1.36655643366	0.14031346138
0.168126544395	-0.170508085904	-0.970907028356
0.762988178708	-0.937625610295	2.29094871034
0.404999966332	0.213784802665	0.888971926115
0.144016252	-1.22287865778	0.555964736857
-0.707600792711	-0.636734502265	-0.30638259053
0.837225711354	-0.278335619682	-0.417287215721
0.152587284035	-0.264996931032	0.952099651977
0.640136225747	1.3126235478	2.59626312466
0.67053684627	0.608961619911	0.423728785038
0.337844478601	1.90004477415	0.867064734944
0.0210677823111	-0.462005282104	-0.886626904542
2.25691494854	-1.82531842467	-2.03878793049
0.975520543464	0.217325674904	0.0336038733979
0.180498154374	-0.55487969294	-0.79540434958
-0.44248570978	-0.89416438116	0.0683846189245
0.0274687771953	0.111861347622	-2.55858166493
0.614957315016	-0.783945801032	-0.0851849854903
-0.734622500585	-1.40397314092	0.979558933093
-0.395990480761	-0.690273795678	-0.605568845093
-1.27502254455	-1.9778901813	0.449293292788
-0.170106697564	-0.940407959102	0.294442832994
0.894318369432	2.51213753232	1.79376034807
0.232466618441	0.526202541459	-0.817967087769
-0.0666590306029	1.37713966119	-1.31939647143
-0.357345126619	-0.188899229129	-0.914670181932
-1.85083975107	-1.51700998651	-2.48854598308
-0.490800838711	-0.863785172499	0.113972419874
1.1779446786	0.120663814231	1.0855627953
0.360146341629	-0.689924241779	-0.627932443195
-2.10092777713	2.48065400382	0.716070234535
0.825898517221	0.561093717067	0.0553667763242
-2.15931004464	0.0545458859725	-1.79519579551
-0.515258819551	-0.399999932399	-0.757963325601
-2.22781773488	-0.101233573606	1.82121101532
0.259589260418	0.494954619309	-0.829236601158
-0.18185521809	2.59676883397	1.10362946681
-0.97016386086	0.101773864456	0.220054910409
-0.745779223148	-0.365055002426	1.76511464739
0.443603849871	0.422896617203	-0.79017344649
2.36488838487	0.760551558065	-0.33870805244
-0.710955738241	-0.0196283080149	0.702962778379
0.569831617615	-0.0732201052236	-2.18811578774
0.552650935128	0.82632996661	-0.108423845096
-1.67803617785	1.28410706618	-1.54008721177
-0.659309560376	0.689530046715	-0.299765271963
-1.84124045622	-1.58145348149	-1.58065200812
-0.526138367203	-0.248290758037	0.813345017831
-1.25229054331	-0.711318870054	1.86259124817
0.715162466455	-0.542308457082	0.440958256472
-0.816824176449	1.89820712909	-0.244980980943
0.693212938406	0.444887666761	-0.567036847119
0.117773040673	1.57421426329	1.04514373248
0.632234991379	0.629552751655	0.451599655181
0.756342195038	0.924769220884	-1.25245729643
0.447441480093	-0.210455961877	0.869197566726
1.91617504389	0.351083675313	2.48181888216
-0.227843686271	-0.753730447964	-0.616423285121
0.286367980453	-1.48463571862	0.0524385340115
-0.35799260712	-0.73089360764	-0.581064391921
0.0487245343421	-0.770623156794	1.81659900274
-0.564241546748	-0.373501776476	-0.736293351792
-0.243824587127	1.4688520131	2.10247439755
0.827019197333	0.542286656168	0.148204014063
-1.79154067883	0.141388965156	-1.29063013344
0.801085486175	-0.156362866621	0.577765261834
-0.929376630967	-0.576962144892	1.60507322905
0.69596893264	-0.645210239487	0.315168195828
-0.644963818763	0.864801941803	-1.84535212451
0.434223138504	0.5996029929	-0.672254800572
-0.8595734711	-0.277877694761	0.628757447102
-0.476528625191	-0.621440240619	-0.621878200866
-2.46346983445	-1.42664980834	1.50640672364
-0.532524936255	-0.843864845489	0.0656453716088
-0.796294225499	-0.084406896756	-1.60784079934
-0.793631786644	0.0373206061856	0.607252632421
-2.01262108086	1.57629165143	-0.182018203767
0.367464881455	0.914059580469	0.171652684946
-0.712872674684	-1.05619335053	-2.33817338869
-0.210531853692	0.542900452409	0.812979358505
-1.97881906617	-1.64805516927	2.37575031284
-0.480886064566	-0.640862091874	-0.598368090815
-0.465865891653	-0.444489057458	-0.56051954138
-0.242139765725	0.650722523079	0.71967251706
-0.881113653985	-1.90975084519	1.94128688597
-0.484711765793	-0.538965163871	0.688891178805
0.229923781832	-0.278777425133	-0.69491225608
0.521877728138	0.631121320338	0.573872386413
-1.18126901079	-2.41403892536	-1.13583634658
-0.255556580032	0.53104543633	0.807887107804
0.835653992309	2.45372668973	1.25443820182
-0.446480893725	0.834930223579	-0.321786160816
-1.47054970516	0.514405627428	-1.26904149074
0.787540128648	-0.615874678769	0.0218843738838
-0.713178430891	1.78177813561	-1.49412863598
-0.203675527912	0.701702442102	-0.682737110517
1.52094122192	-2.58163379129	1.63148813699
0.567910477993	-0.678247553326	0.466323863203
-0.950228702481	0.342861339438	-2.10860361594
0.634072578586	0.710007241481	-0.306335897554
0.818307085618	-2.20104567917	0.191561374916
-0.765339160948	-0.172564327863	-0.620062514161
-1.87042578884	-0.292134033676	1.95078723669
0.550893648243	-0.833967754602	0.0318429365723
0.630284951456	-0.18578519666	0.96672513879
0.795610334014	-0.584657004588	0.158683280141
-2.5356315307	-2.59345324813	-0.0180715796015
-0.334866786294	0.106891845396	0.936182871465
-0.163155019192	-1.52663673293	2.20284413646
-0.0163464290698	0.675899931096	-0.736812104543
0.503253494177	-1.0773234882	-2.12343831659
0.809077595059	0.0907413888912	0.580654325322
1.07043626078	0.291098059836	-2.2596442012
0.118028587866	-0.127176302772	-0.984832696685
0.395332258613	1.37751333858	-1.37877733619
-0.987249241451	-0.152482783575	-0.0456939379815
-0.791902125085	0.336126523155	0.187064957946
0.560857280391	-0.77431538074	0.293044027719
-1.55434292294	1.23402385077	2.45334102234
0.943571880348	0.107451668372	0.313251090309
0.623936243428	2.42253409461	-1.41021411177
-0.567914500999	0.544075809298	0.617620136728
-0.53892953481	1.91863785076	0.134110357617
0.281872567894	-0.668009572476	-0.688702451389
-1.06467178716	0.256239614266	-0.928657448005
-0.599534984078	0.724604237018	-0.339862475954
-0.880362395538	0.625630715574	2.15651571292
-0.299853381357	0.952389462012	-0.0551567070916
2.28587139117	-1.84841805193	2.25511340858
0.658275543291	0.53260746115	-0.531979888184
1.40923941158	1.92022547863	0.311291679548
0.0757724104477	0.80696754536	0.585714881619
2.18293551888	-2.27355158567	-0.66363681785
0.812383574716	-0.182160947605	0.553940715871
-0.530087197586	2.08981609174	0.243437595148
0.389476031448	-0.703510186163	0.594459282788
-0.295723538665	-1.10208071597	-0.774869177539
-0.738554132708	-0.120406775204	-0.663355109685
-1.26927519168	0.746529998033	-0.527874215041
0.405302690399	-0.884513261872	-0.231010862792
-0.504491360605	-0.480978052188	-0.847374572225
-0.0736256054233	-0.78824964953	0.610935152239
0.390044917473	0.828886668787	2.27234910109
-0.0493979308411	-0.229590993893	0.972032828639
-0.142311040862	-2.02980151278	2.21383421969
0.568467285806	-0.787484656937	-0.238144620046
1.43202312466	2.59851697101	1.10157787846
-0.942272927027	0.0495469014672	-0.331159833836
-1.13768303391	-1.87388846277	-1.83164353832
-0.373432169765	-0.703287554408	-0.604925640388
-0.896259792405	0.138713434258	1.01333778255
0.371864064747	0.531416935587	-0.761126243091
-1.73522502909	2.57510038889	-0.122950731485
0.875400389909	-0.393163565341	-0.281241121168
1.99534287091	-1.38464729588	0.0318329304534
-0.312889223468	-0.299558303294	0.901313018193
2.27931913538	0.267636048453	1.35531257547
0.368959326428	-0.878282760929	0.30411906763
1.7942331901	2.26370993008	-1.59505001782
0.609320502898	0.385001162407	0.693182969852
2.48017092721	0.2081761715	2.39364294122
-0.907229674186	0.420463106817	-0.0120455004699
-1.62325813828	0.657900138768	-1.30957605637
0.280048112282	0.464825173577	0.839946791658
-0.553281210435	1.66868963928	-0.85541250953
0.182736827641	0.0130790331237	0.983074865265
2.30634156331	1.42538463695	1.7536740537
0.59485538775	0.440782246161	0.672203896994
0.106786963568	0.100762099057	0.373997515203
-0.297671911346	0.706267530569	0.642322044196
-1.48362520042	2.47995597744	0.0798470456849
0.615491043033	0.305640351332	-0.726467309371
-0.876430488017	-2.35620225763	-1.24856541241
0.432684392122	-0.649868179479	-0.62486443819
0.135977186594	1.14987058415	0.541424442586
-0.776045892374	0.448916257696	0.442975130799
-2.5350749055	-0.63643935164	-1.06363165769
-0.849704643438	-0.499323871311	-0.169344886133
0.432228438978	-2.56957978857	-2.57797811261
0.381557196552	-0.922863997392	0.0523082027674
-0.174963552491	-0.881839537045	-2.27979137521
0.590426422643	-0.615044297605	-0.522606114994
0.193912016697	0.382016008777	1.69161634476
-0.615141335179	0.139009115949	-0.776065463371
1.74141308629	-1.04401595673	2.09315679974
-0.4004056609	-0.480075801133	0.780514273979
-1.60619531063	1.44467825946	0.0941649967274
-0.0342004185532	0.388619642098	0.920763327434
-0.975845438299	-1.34912758725	1.91569966552
-0.969141337703	0.0855250721716	0.231193705765
-0.590639248344	1.52869372016	0.684845109315
0.588647558454	-0.598287363935	0.543641685379
1.74052595844	2.10290593332	1.78681261023
0.526627031678	-0.824454009287	0.20721861904
-0.567774323297	1.96451456436	0.949328123176
-0.769955080894	0.554909967769	-0.315030317708
1.18669417662	-1.07282657789	-0.10320754882
0.932111519499	0.357745163967	0.0564492061476
-0.684123369397	1.81253552806	1.07006987267
0.112691065167	0.71662276839	-0.688296833972
0.706179106331	-0.0983524851103	-1.12400547985
0.677328627141	0.717225991983	-0.163746167219
-0.417290903227	-1.78873639692	-1.32399220497
0.638006827058	-0.321604732633	-0.699655404163
-0.775981950589	-1.51544045739	-0.936104087467
0.127937149599	-0.779479238686	-0.613224430539
-0.904382108795	0.778942760317	-0.279948818399
0.769719274574	-0.184237412425	-0.611219121274
0.0649857246299	-0.825178083691	-1.96270366827
0.492350218618	-0.87039164631	0.0031055208977
0.416758754506	-2.25202123868	2.25362961521
0.118446048705	0.885369153201	0.449546433759
-1.99032157901	2.08638666949	-0.678591151218
-0.467087459318	-0.83856613068	0.280421379041
-0.503942553468	1.10194995561	2.0685618917
0.0942266702324	0.533963068481	0.840240903619
-2.35986401359	0.500612869892	1.14341031414
-0.453124265488	0.828630280883	-0.328709990159
-1.84247326381	1.88195594421	1.8624801278
-0.545744646867	-0.484330795496	-0.683802940144
2.36411921112	1.20284611598	1.54868056563
-0.205506726521	0.108059027212	-0.97267169795
2.10903533406	1.13320445228	0.943039778041
-0.73807687116	-0.108213058938	0.665982331698
-0.247416634562	0.589877869096	0.0346224299379
0.283248547664	0.44423248111	-0.849957506569
-1.79700407839	1.75611347764	-1.30140608207
0.648000527841	-0.577839162953	0.49618264548
1.15526431244	-0.857133668104	-0.476192424937
-0.404546101261	-0.739791368605	-0.53763480439
0.083908309399	1.84764145871	-2.45531495418
0.271226479215	-0.93504180073	-0.228326581587
0.80282475204	-2.43714615566	2.31806340243
-0.154086163825	0.594973057481	-0.788837445225
-2.12389091482	-0.911353282179	-2.51480242005
-0.345626755135	-0.728654823173	-0.591273451798
0.876644457457	-0.915417408492	-2.43484779061
-0.344961964099	-0.649556323804	0.677552821212
2.30594436661	-1.67542759389	-0.797083182381
-0.763444019269	0.173692077427	0.622080615099
-0.578952308387	-0.269282511562	-0.769178657458
0.400537725229	-0.0178504533872	0.91610637591
0.453161929681	1.44550347829	0.895199315061
0.587354182425	0.427234062046	-0.687376258402
1.55536924742	0.947771177873	-1.61736243989
0.856417975184	0.472299752203	-0.208521451776
0.741138912747	-0.793484634128	2.4341676503
-0.206676595645	0.522746121245	-0.827055788648
-1.97277922185	2.3454873906	-2.54472661192
-0.395536881699	0.712818357146	0.579172310225
-1.98558177323	-1.80578146061	1.81558797402
0.741745328114	0.48375345762	-0.464538976257
2.08476455706	1.27647712429	-2.14234377555
-0.555558959946	-0.805970132682	-0.204368263798
-2.40566732676	0.82318180452	-1.2612556534
0.47350257212	0.365424243412	0.80141152757
-0.695946145258	2.36804585924	-2.43539722193
-0.725220443597	-0.569249969188	-0.387310961331
-0.355667055895	-1.93728572076	-0.329298483967
-0.0997577944822	-0.635826780352	0.765357882188
-1.72900267698	-1.7923860442	-0.738990753235
0.989286582634	-0.142991887505	0.0294172997982
1.28152453915	2.40640875229	2.33614523332
-0.508393639157	0.777037727151	-0.37114455169
0.465287194858	2.23920920219	1.03033093124
0.686901334393	-0.0886503411384	0.72132355696
-2.37122507859	-1.3391340814	1.85070793444
0.736606379894	-0.276479589046	0.617227735881
0.218150362339	0.398066471557	0.846915519495
0.111548981042	0.826828377878	-0.551281832064
-0.141397283301	0.822764686897	1.44935877405
-0.748144845023	-0.499306396133	-0.437003905756
-2.429424269	0.955257731895	-1.45961434716
0.67293688737	0.600420347363	0.432031656351
0.729973034408	0.588572358296	-1.91805211418
0.0456954566746	0.516642345108	-0.85498105972
-1.98812688811	0.544688933406	2.49115655596
-0.630224746365	-0.625575233987	0.459861278748
-2.5462904225	-1.54807040727	1.20899723465
0.974278774932	-0.201607877389	0.100673395157
-0.843844490309	-2.07030367956	-0.822345944336
0.883214149881	0.455674611968	0.110875666666
-1.85775179841	-1.11372881121	2.42456858476
-0.74250522761	0.650336602609	-0.160462737975
-1.09160806526	-0.917286525669	2.53333762443
0.383367645936	0.0725221726002	-0.920744146075
-0.109674012865	2.09911555074	1.23445290911
-0.716893555472	-0.092530185784	-0.691015046755
1.64882964901	0.0258751593236	-1.99594257508
-0.568422278658	0.77970941065	-0.262582078729
2.21027371775	0.755028788088	-0.790439497141
-0.484874633609	0.779164310668	-0.397239935888
-2.07103450264	-0.25972932184	-1.23837182007
-0.301350622277	0.837972980655	-0.454960532515
-2.24663623296	1.39316617955	0.322858371735
0.491811775494	0.844099273758	0.213582755689
0.34595905248	-1.24246565754	2.44884089311
-0.153538638519	-0.355398520577	-0.922018317634
2.25063605158	1.75808438586	-0.519199183402
-0.984531383725	0.0124487034993	-0.174765512161
1.40658798343	-0.472985336759	-1.1067276561
0.261944606929	-0.566567970709	0.781271884473
-0.970951793097	1.81772040853	2.19842788517
0.550835881591	-0.344388556824	0.760247560654
0.845694420555	-0.954083844317	0.363992332068
0.768185707166	-0.614983985374	0.178003980406
-2.54757970835	-1.24454674618	1.88986922494
0.737064033494	0.144402726876	0.660215467101
-1.80202042058	1.93968400292	-0.927371023591
0.676823686628	0.531733536926	-0.509086577045
0.00675049422785	1.21414923993	1.69600562722
-0.839686186746	0.378376053354	0.389562151698
0.123313754035	0.475937823535	0.412112305868
-0.373090577512	0.7970585103	0.474869615927
0.15985471005	1.64399548696	-0.20487991019
0.209823175755	-0.96825278196	-0.135870471928
1.77120163599	-0.915878921295	-1.0805733187
-0.613165605555	0.56720666042	0.549822284506
1.74173920741	-2.24518722507	0.261548552135
0.796291880238	0.509454563388	0.326152248666
-0.553742357522	0.90584082416	-0.776838854857
0.152203960637	0.865424810487	0.477361342968
-0.299873612369	-2.48152641479	0.559327089094
0.511248019685	-0.0938465693595	0.854294026543
-1.27293202202	-1.45740885208	1.11923202638
-0.670565217958	0.654824116987	0.348636865917
2.29736512867	-1.03261934344	-0.100352146269
0.381388287593	0.255353110037	0.888446826367
-1.75780240945	1.64245603255	1.54909413862
0.0759636706189	-0.689259028184	-0.720521694894
-2.39646001058	-1.67404339133	-1.18322852129
-0.239415360205	0.952657823338	-0.18741226462
-0.286361645099	2.19858103674	-1.2209255574
-0.298146778026	-0.552526144024	0.778346554513
-0.607863068316	1.30767795988	2.24075226246
-0.0293358549798	0.783604317867	0.620567224911
-1.46987305266	1.51276525457	-0.883319307733
0.153343198548	0.534259761418	0.83129559772
0.874734472328	-2.26507490171	1.18089474304
0.430956505904	0.79901286897	-0.419350599426
-1.41592928531	2.02335380646	1.29663751261
0.673310193428	-0.661769570514	0.329718696721
-1.91963834066	1.79855739356	-0.0846213810114
0.574454376955	0.142942611934	-0.805958794537
-0.380300854897	1.24767964218	1.84683285367
0.365047085347	-0.467446359482	-0.805130130157
0.0680992031292	2.58345892748	0.417695069582
-0.629496351353	0.536876500547	0.561692056908
-2.22821691646	1.22607093534	0.11661757319
-0.213358010802	-0.784172268537	0.582711088349
0.740830771282	-2.45286958224	-0.143995994171
-0.501006787824	-0.55053429692	0.667760575708
0.291925714902	0.00261007250776	1.90613708001
0.490750209379	-0.583313406433	-0.647232339945
-1.81348881153	-1.20371508493	0.559403643484
-0.123944629908	0.468744722714	0.874594828275
2.24466424111	2.38481509691	2.2221755177
0.65517225675	-0.213775787568	0.724602806119
0.238480022846	-1.23672001861	-0.871287004293
-0.390380357496	0.819702519917	0.419155049264
2.40620294077	0.570475392706	-1.36018474493
-0.161847246485	-0.621173733994	-0.766778104149
1.31969827754	-1.02163604576	-2.05889441573
0.330571724017	-0.056967604988	0.942059991329
-1.39155880428	0.698576453506	1.40299812835
0.984960524985	0.0298686033694	0.170178232316
-2.23387952924	0.910022297167	-1.46445230599
0.557157994156	0.366622601813	0.745092502571
1.50800566645	1.08426701626	-0.372899631374
-0.384023628466	-0.701974580039	0.599797917435
-1.40540140261	2.00754800499	1.50636743348
0.611115653264	0.472008226159	-0.635410019416
-1.4790375109	0.136057830671	0.552709074841
0.918053918008	-0.174337465046	-0.356066639705
-2.52552126115	-2.21379309725	-1.12037748537
-0.710334997598	0.252476400868	0.657023483745
1.18509536713	-0.0621563462569	-1.06288692721
0.635399517721	0.306758108822	0.708637365337
2.20910525983	1.66766799075	0.868215791075
-0.85935227917	0.397333317926	-0.321931506304
1.03121306381	0.505399598596	-1.4596541168
0.693667757477	0.0806334475973	0.715767622463
0.634395247786	-2.07758052731	1.28111504748
-0.566233705092	-0.817601512897	0.104437336843
-0.267671809038	2.3305900245	0.794561669763
0.663114020032	-0.0851329097606	-0.743661336976
0.447653563367	-0.71589536775	2.23980537952
-0.0859981801464	-0.710908607451	-0.69800663669
0.125193268159	2.56352081845	2.13264295754
0.561675403763	-0.737996702137	0.374007497844
0.280455163786	-2.07487026592	-2.57575333622
0.168639869079	0.0879161870793	0.98174912203
-0.278535018239	2.57912927555	1.65683937119
-0.17364674616	0.564759218375	0.806779915967
2.53484730535	-1.15185651982	-1.06464689805
0.542427510648	-0.190156491557	-0.818298786759
0.439864117011	-0.0140904340932	-2.55083061993
-0.399421215765	0.096806751821	0.911642004955
-2.14660941991	-2.56356664752	-2.40687616866
0.529660202337	0.679154683604	-0.50814268252
-0.283601555852	1.9475874215	2.49670343428
0.553244184086	0.755360132591	0.351214952511
-0.254769369167	2.02207917771	-1.62686413763
-0.921934829088	-0.387190368746	-0.0109448281975
1.9774481203	1.54581484389	1.68973686396
-0.572206227293	-0.770804082019	-0.280073384292
-1.32010782993	2.55411318353	-2.26451818745
-0.574664217723	-0.323019910084	-0.75194359799
1.58728714393	-0.987791062771	1.30755104173
-0.0887620074122	0.906926112602	0.411832893686
-0.222652762415	2.57130986287	-1.83117955187
-0.349783686984	0.853875399078	0.385419479489
0.150351296254	-2.17649310595	-0.162639808722
-0.546934090029	-0.30480728375	-0.779715089592
1.71953824344	-0.26588887397	1.80605279493
-0.515597809808	0.847464049126	-0.126347077375
-2.13738830678	-2.19100506309	-1.83633077443
0.680959245466	-0.732300809998	-0.00547993524321
2.13705938451	-2.02980794569	0.609204363023
-0.384357979182	-0.609114652345	0.693720609566
-0.458765786161	-0.529628633524	2.49211620089
-0.823787938675	-0.380421689819	-0.420300808956
1.84523109578	0.731576914666	-0.20519284481
0.726030917055	-0.365114496941	0.582726789846
2.21784446793	-1.35015197893	0.826134114697
-0.658474463248	0.714346610987	-0.236897236417
0.120092681783	0.972651673458	-0.0836613524892
0.981233547045	-0.102684824075	0.163207086423
-2.00729200376	-2.21444760196	-0.0949160030006
-0.262893088046	-0.83519325155	-0.483052229912
1.65665022316	-0.110668449267	0.412892023308
0.351050110465	-0.873108442114	-0.338297898681
1.179501557	2.4179800746	2.14577080944
-0.577682496976	-0.681806690311	-0.448801258616
-2.04432443651	0.393500958823	2.3072656432
0.3335357545	-0.782492077745	0.525794683061
2.48546132247	1.92829556241	-2.07299163728
-0.489220691486	0.865763473251	0.105435873436
1.18315329215	-1.42614459677	1.67436635123
0.77365279248	0.429938515956	0.465418337827
0.373747988821	-1.9327307111	0.731169721014
-0.839413814965	-0.533256381959	-0.104986086442
-1.3487902501	-1.04043358882	-0.74220339909
0.772721469804	0.394526029633	0.497243141778
0.622366518635	1.80560453026	-2.49205154007
0.338246129507	-0.176438326759	-0.924369554196
-2.09061663631	2.25354237215	-0.790407850712
0.454774250121	-0.3106190687	0.834683278607
-0.380782792669	0.728248634645	-1.03194353818
0.494563390503	-0.794973992354	-0.351316672327
-0.660496344704	-0.4855353267	2.49780253728
0.61597660628	0.717344089997	-0.325561479695
0.44955039198	2.40447417952	-2.40101541441
0.590835882548	-0.718147312122	0.367664790245
-2.2970869085	1.31272088036	1.38629554039
0.189245704548	-0.78464829863	-0.590349990062
0.804570305038	0.718013134123	1.42339724315
0.833430809331	-0.424457290427	-0.353877231058
1.37891578838	-0.0455579548016	-1.94722939643
0.114920510778	0.986034747696	-0.120535275083
0.540265100924	-0.225703537703	1.72949575183
0.00668014198345	-0.448139232711	-0.893938814354
1.34357902568	0.341920969276	-1.08788121747
-0.793151334627	-0.603472461418	0.0820484532962
-2.44168739926	-0.900767839427	0.651752282358
-0.151820505372	0.956363900465	0.249636984511
-0.717339013897	-1.43353977142	0.705701438085
0.342161227264	-0.931455707024	0.123757668082
0.800135653051	-0.904050961634	-2.06273081401
0.257997730016	0.451483295316	-0.854166263298
-0.130162518598	2.03546425973	-2.1967010396
0.877997555302	0.399371872136	0.263860570434
1.47896030573	0.723699639011	2.17151425954
-0.653287605117	0.677508826678	0.337930606447
