192
1.16099403313	1.45528491186	-1.02426873657
-0.463088312751	0.329824656128	0.822657225583
-0.554240125817	-0.328790784532	-0.164496469052
-0.293116445514	-0.592794997196	-0.750117884515
1.44686105418	-1.38374581144	-1.21339688401
-0.504508032685	0.748188429348	0.430912658372
0.649905241344	0.0799693608941	-0.453024452265
0.338823317359	0.619036117149	0.708514675415
-1.77303667381	-1.57533526024	-1.72104341478
0.113455066841	0.959818139263	0.256665321674
1.87820599695	0.724193044463	-0.226521787795
-0.704681291166	0.6678499018	-0.2395846125
0.534000107867	-1.22783225434	-1.58965678021
-0.833186135639	-0.326722684365	0.44615373012
-1.03267039536	-0.330803213874	0.44751946391
-0.288998340432	-0.957264536943	-0.0111608932785
-1.40767668594	0.0931032047138	-0.397897724317
-0.477108058152	-0.803409947438	0.356230763979
-0.175092376655	-1.94022104989	1.53939546542
-0.200433960905	-0.293653181291	-0.934662525425
0.363250670295	1.41758597848	-1.8022000418
-0.593785886702	-0.781307995016	-0.192291803461
-0.662407977642	-1.8296701013	-1.45600592161
-0.134367512407	0.182659927061	-0.973951088431
-0.378907401322	-0.956935380597	1.51215249969
0.740266574815	0.456810073355	-0.493284862016
-0.328943411976	0.0654369289441	-0.0350756840115
-0.899361430156	-0.128335701816	-0.417946127613
-0.246193529766	1.11223472538	1.76294285213
0.29440703078	-0.899190486251	0.323698887337
0.812009491695	-1.91777173289	-0.670127264868
-0.591544096199	-0.67805078236	-0.43625992114
-0.989977320717	1.0179620715	-1.68941565789
0.471238842872	0.0569037339375	-0.880168119187
0.499688670881	-0.916660121253	-0.675606773098
0.267034075105	-0.950680729742	-0.157794020259
-0.20043439002	0.349606219086	-1.35106762681
0.0841586338157	0.736962071864	-0.670674458279
0.226717958387	0.216223680137	-0.886409963774
0.796242416178	0.487536833895	0.35819806012
-1.57717641951	-0.160426033966	-0.61048953547
-0.015235303883	-0.309654118734	-0.950727201813
-0.543108353559	-0.907178846233	1.40194406004
0.698490909187	-0.603638268388	-0.384358284313
0.392868122064	-1.38920799292	-1.68787025026
-0.529993453519	-0.706482740919	0.469029930825
-0.444258157517	-0.655613479341	0.419362383159
0.407602043768	0.86049891077	0.305617732601
-0.308990676685	-0.908920108216	0.09480062584
-0.666833048589	0.417510563327	-0.617267053082
-0.91094083099	-0.748364194195	-1.72246932582
0.876125576559	0.134253424481	-0.463011870382
-1.8818208793	0.0714337641263	0.426089914886
0.56951510041	-0.120525473428	0.813096649028
-1.37538615971	0.726754466622	0.849077902055
-0.239674929647	0.539476691509	0.807168400904
0.166951411342	1.84283798298	-0.470247219228
0.197144626716	0.845994791134	0.495405701957
-0.739394307948	-1.81408688748	0.947978844178
0.639034064807	-0.104610288868	-0.762031594804
0.630855216023	1.93338510596	-0.516181145004
0.0927196669984	-0.169283702411	-0.981196255318
0.103718048536	1.06056186413	-1.12244999857
0.675959466791	-0.254839508606	0.691473516564
1.20591781983	1.14164905242	0.872190048544
-0.544774790807	-0.657009682379	-0.521112947989
0.448764234393	1.7467625331	-1.20792369344
0.488917306172	0.792898324806	-0.363692334598
-0.298001274767	0.136105456408	0.432491335592
0.573636270585	0.688410076258	0.443883989322
-1.94281507324	-0.796223516646	-0.765733346145
0.749501091426	0.581885584618	0.315685413607
-0.309038967819	0.363715188246	-1.90028549903
-0.0843616140497	0.423232357198	-0.902085079078
-0.539564169772	1.83121846921	1.10584433854
0.855629095832	0.0612035852603	0.513958141795
1.84737828437	-1.66058510119	0.805641692089
-0.0860040560146	0.814808488443	-0.57331529677
-1.4071039283	1.21495977016	1.93705668252
0.83728253764	0.314462379189	0.447293376027
1.43325843661	-0.173044901639	-1.95548235473
0.965256707616	-0.0597986797906	-0.254369035649
0.399781376757	1.36177856081	-0.575034254967
0.310281869232	-0.175929361793	0.934223753329
-1.63363909111	-1.22341281023	1.65529659473
-0.436513008872	0.241508122126	-0.866677690974
-0.411288802832	1.89996522132	-1.63047248898
-0.430022671974	-0.890293450952	0.149860177436
-0.116792782673	-0.85041460109	0.064114962662
0.475179938776	-0.625459851922	0.618873169089
-0.321094083243	-0.262151157664	0.0547506698248
-0.730106787257	0.644740127545	0.22639400861
-1.46193234837	1.75660859887	0.299074771482
-0.696746641308	0.616006457362	0.367532532321
1.11173303699	1.41210492248	-0.734499893475
0.00348761779557	0.8131073201	0.582103360686
0.211799027186	0.575112500071	1.35770309839
0.680073585178	-0.704309868539	0.203586659244
0.90824360183	-0.457739604683	0.428898099367
-0.558775590377	-0.680122841085	-0.474555329369
1.28157872812	0.697443364712	-0.455334354029
-0.718223117093	-0.129339930901	0.683686138771
-0.462365903329	1.42121251943	-1.80744757424
-0.698534239861	-0.653259109661	-0.292065833994
-0.833126641174	-0.037159319211	1.56403344735
-0.479201961924	-0.716183270275	0.507392356137
0.517811067361	1.76776807673	-0.487897023231
-0.575696511989	-0.536335793398	-0.617185096064
-1.12515237614	1.73780792707	0.526912944559
-0.524483378088	-0.477612786055	0.704842686496
1.56807074305	1.05025033634	0.55163785156
-0.794900496347	-0.0655466147464	0.603188894297
0.963025900092	-0.457008667355	1.32923598529
0.272555078721	-0.866161316339	0.418901304774
-1.57523215611	-1.57646841125	-1.82785431969
-0.878713241593	0.397999868158	-0.263551027308
-0.640494524011	1.94733901547	-0.203574860507
0.694124375654	-0.703297263379	0.153506711405
-1.54148211175	-0.952500868433	0.919626840969
0.539443010715	-0.655029845772	-0.529090861137
1.53481965556	0.127141393723	1.42335664236
0.21885328449	-0.912610460466	-0.345319254191
-1.20867860542	-0.141958153475	-1.57756225679
-0.768212183119	-0.244612482487	-0.591620465432
-0.410922930331	-0.27801586377	0.412889128117
0.0333697680817	0.817780279962	0.574562331069
-1.81644520328	-1.13744097	-0.59807280919
-0.284749990111	0.601408520047	-0.746475207322
-1.91911576259	-1.1538133663	1.03622991422
0.85856731311	0.455740837215	-0.234866894546
-1.83238561824	1.66893750445	-0.429815739973
-0.463830193267	0.7749323473	-0.429349984188
0.862557214441	0.774669099514	0.690129376989
0.184961718776	0.681179890274	-0.708366515071
-0.575860705178	0.891126231709	0.991180882328
0.533139606376	0.462478346762	0.708432028419
-1.14576135616	-1.6188733009	-0.341117443265
-0.457256656061	-0.612586691011	0.644712258674
1.13734365569	1.40775351285	0.327445575191
0.35394685317	0.473853463916	-0.806340201073
-1.61281685533	0.796939506165	-0.787276829363
-0.125155998868	0.64165813407	-0.756710522544
0.878189470846	0.375103283811	0.220465703168
-0.537145849174	0.70349290799	0.465373038672
1.04980022262	-0.897716283652	-1.69707376826
0.741625733854	-0.443485623347	-0.503300876982
-1.89400899154	0.58545247767	1.39485506219
-0.742788587935	0.471329676697	0.475513879396
1.62341004926	-1.25298201813	1.08951636602
-0.315966003865	-0.653443410355	-0.68787876393
-0.846512595446	-1.40144869535	1.08415387266
0.392982001709	0.440159437415	-0.807356684488
1.82484324577	-0.542779059543	0.72018427481
0.375152810546	0.861758841288	0.341514374809
1.90480922813	-0.515756655379	0.955752348723
0.862452166621	0.37663701033	-0.338113624008
-0.162014863106	1.78120232423	-1.02470797795
0.498556219398	0.827474448855	0.258317116334
-1.14189815847	-1.69353054479	0.0450942568148
0.688023952339	-0.67522864466	-0.265874629175
-0.322778792076	-1.2893939177	0.126859637142
0.383966486686	0.514371944702	0.766805868265
-1.80693952285	-0.294740750702	1.93766668577
-0.663786039291	0.393078296543	-0.636299887497
1.86426582689	-1.17920268723	-0.764735967772
0.908468738735	0.351391197009	0.226293564657
1.09157449655	0.0344372450605	-0.078020957227
0.601539040995	-0.750365535607	-0.274048070842
-0.114619298617	0.440120540319	1.24076998961
0.382434724806	0.605148918104	-0.698239549281
0.474480381037	0.804519519399	1.02681581394
-0.552782850804	0.590002878594	-0.58849615386
1.41693088257	-0.741987656565	-0.402864899762
-0.544024294492	0.0946075082673	-0.833718769359
-0.647496320679	-0.501566715604	-0.922287390717
-0.680891856313	0.621489967219	-0.387474516134
-0.37663752009	-1.92594827298	1.72023826209
-0.673321072326	0.221962256413	-0.705245694981
-1.89814931794	-0.495278816343	-0.221963554808
-0.681288590964	-0.680362830189	0.270096788429
-1.58562741896	-1.60862723462	-1.52229807052
0.0559437971737	-0.226218487374	0.972468759153
1.85910093506	0.636494324153	1.03026533626
0.301716353395	0.693025550129	0.654738748634
1.29145536235	1.19576862619	1.39863734249
0.566860693579	-0.738943080215	-0.364186872743
-0.188161134037	-0.0945228838986	-0.031269109759
0.409240597694	-0.873914780569	0.262288180256
-1.75314459278	1.19049344354	-0.100605829673
-0.049664403555	0.96037473795	0.274251362308
-1.63726551037	0.539550333277	0.124321150509
-0.490466162721	-0.406276983027	0.770961708704
1.03567741849	-0.247865848914	0.312416483196
-0.508540773497	-0.648353370665	-0.566589964999
-0.997597713533	-0.873357400345	-0.468936802875
0.916590038306	0.00578798718733	0.399786444096
-0.751622554262	-0.873201026488	1.73152379058
-0.551996071564	-0.594211843686	-0.584989420247
0.249144129873	-1.65968279221	0.237070543519
0.714182381238	0.0347420811387	0.699096927563
1.63355937238	0.686177240803	0.627961092059
0.95034058132	-0.0880715877355	0.298489823832
-1.53258611441	0.643638231964	1.75013387628
-0.567253641052	0.819410103705	0.0824038145938
1.73382350928	1.6239684286	-1.94660977251
0.772455740616	0.265716890078	-0.576807301546
1.79713798973	0.476976086598	-1.31071958348
-0.259521664717	0.194759598065	0.945894922549
-0.56479085946	-1.45847032258	-0.635051356878
-0.230920081139	0.972878088175	-0.0135698812263
1.4275887939	0.412033997326	0.711887145655
-0.400798451749	0.722981282012	0.562724325879
1.79066509166	-1.70903631508	-0.0618836789377
0.160233458252	0.454005427435	-0.876472652578
0.808663961525	0.700765742455	-1.11955177773
-0.226207513439	0.96876471376	-0.101612451188
-0.167014433145	-1.06107153234	1.40137897358
0.770563462299	-0.602023777449	0.209282875448
0.104362374261	-0.520649916558	-1.36624104625
0.734604262725	0.676013235157	0.057988646114
-0.511455038148	-0.42666265147	0.753664811515
-0.157727296804	0.110702259314	-0.98125792207
0.0958645397689	-0.597291782175	-0.262408808994
0.471860167209	0.650468064647	0.595180039547
-0.631624626708	0.905619660654	0.736507360966
-0.540758628647	-0.626211356738	0.561639957834
1.810254468	1.79933250031	-1.23468785457
-0.413857110051	-0.626235701419	-0.660720166734
0.766537176121	-0.137101338042	-1.75619816521
0.874086206355	0.394621213239	0.28327972381
-0.619988476726	-0.470416957567	-1.89852011237
0.874962156112	0.482472283011	0.0407642183548
-0.454927298038	-1.04948598222	-0.60467499863
0.330620937684	0.351283475854	0.875950749276
0.366377498562	-0.738972819859	1.2435631281
-0.942554317098	0.19580673401	0.270649371395
-1.95632118322	-1.55206150193	-0.382189452017
-0.47057737926	-0.777452326207	0.417282650734
-1.21498938964	1.88628509808	-0.469628206163
0.462174065849	-0.731992393006	0.500581930794
0.739772255384	0.621390121403	0.752232288858
-0.737377864335	0.63018761553	0.243181936873
-0.418297637733	-0.267930635256	-1.49450415642
0.609949239142	0.78966419326	-0.066275089988
-1.78532638602	0.686318945516	-0.753715806066
0.574995917102	0.746610476437	0.334593024122
1.6666229322	0.742405584067	-1.62123744411
0.939956523547	0.300215843094	-0.162333549819
1.63555798227	0.781927940761	-0.662133521518
-0.0618315820707	-0.211169950644	-0.975491725953
-0.446786223917	1.93232297897	1.88465434287
0.292099129869	0.16314459374	0.942370383588
-1.32056786786	-1.5953680876	-0.209072974412
-0.551240393501	-0.777159816936	-0.303573133714
-0.875984599332	-0.912987878083	0.591431296227
-0.382962030728	-0.721912637901	0.576352519088
-0.596676821617	0.62677962238	-0.141875670114
0.41269652598	0.90485644872	0.104481503881
1.0079802049	1.46090550366	-0.390118634935
-0.914434316808	-0.318502933902	-0.249731378363
-1.21147195288	0.507298730408	1.65570387507
0.519617895343	0.715836828003	-0.46644922394
-1.61540978813	-0.94578368238	-0.588569021639
0.793813741441	-0.182463855371	-0.5801436765
0.987493257125	-0.79422634683	0.489197366599
0.266282418136	0.908975901269	0.320712464216
1.00907427511	-1.30710478183	0.143831760144
-0.625171679809	0.351210379931	0.69700189368
-0.691720629298	1.44832557654	-0.953455292835
-0.0488953203317	0.524683985715	-0.849891735919
-0.0755163674647	0.40193301435	-0.468759310901
-0.903552556641	-0.0378420430129	0.426802948874
-0.683103224909	0.0889982027045	-1.66154750877
0.748283060832	-0.650447820826	-0.130346051937
-0.928749447542	1.90210522149	1.02236233926
0.644968585616	-0.698476076581	0.310075303777
1.17993193499	0.0274201695186	-1.69214535056
-0.640532451634	0.678811384459	0.359072809792
0.614786270185	-1.32375343278	-0.0278418863096
-0.734397496183	0.555800232374	-0.389546427648
-1.32067699489	1.67511182472	-0.731114400437
-0.0820831708868	0.118442252929	-0.989562421365
-1.62965182937	0.261382092176	0.659786578872
-0.642626988621	0.75552077517	0.127353491441
1.00539269395	1.19426443824	-1.27428956053
-0.102145871244	0.573848056465	-0.812566692081
-1.92932704502	0.715555762305	0.882358761612
-0.585153883092	-0.607891703013	0.536714645329
1.05099569458	0.00616422337131	-0.343612617298
-0.3841930805	0.519282119024	0.763375240467
-1.63535919005	-0.591286748997	0.992662518025
0.211016155464	0.876636747186	-0.432412066918
0.750886280857	0.99055769149	0.0932386212013
0.764440140401	-0.644490867131	-0.0162109200468
0.34540170208	-1.14148871071	-0.564671722245
-0.637816361184	-0.521964663788	-0.566341927781
-0.470615623548	-0.0767811372403	-1.3371852973
-0.343432648768	0.655070946298	0.673005253379
1.58052508883	-0.153905649929	-1.61440303224
0.715774497719	0.0284105089896	0.697753331338
-0.493933320732	0.4193404527	1.86536728306
0.572012794162	-0.762087734219	-0.303353998932
-1.26551366788	0.276319549961	-0.88908477352
0.04000372947	0.835194464769	-0.548497864761
-0.209588581411	1.07083476291	-0.190764886508
0.438602010432	0.238609633532	-0.866425830196
0.720572985793	1.30751810399	-0.283613695454
-0.732854885014	-0.676859622653	-0.069172022764
0.753335291249	-1.17332087746	-0.645078890992
0.592091842562	-0.26719940927	-0.760283976983
-1.38200265768	-0.0959850772378	-1.47752563636
0.617744683077	-0.198362086275	0.760949399933
-0.820327873297	-0.573452322621	1.58740954347
0.545895962893	-0.832107437882	-0.0979530985646
-0.231244273935	-1.77227600142	-1.5635304894
0.591430133104	-0.728543961195	-0.345592381662
0.782987257918	-0.222690447159	-1.10220454422
0.420665905141	0.621876553447	0.660537469433
1.41587134121	0.662171589396	-0.994737188305
0.757132191538	-0.649272995605	0.0720792738287
1.79079435368	1.0868915895	1.63431467399
-0.709200868505	-0.0574750014353	-0.702659769961
0.823347676237	-1.28288192552	1.63527998211
-0.28063637187	-0.0596048367202	0.95796163296
-1.79867443324	1.01918678108	1.25682037146
0.442758306134	0.757826155778	-0.479233346052
-1.27107421479	-1.80705857463	1.20876831173
-0.967813447123	-0.200931574425	0.151537566189
1.63780998907	1.46653642029	-0.869745399764
0.414173648805	-0.858008863958	0.303777843177
1.35459117199	1.31088307691	0.593957178437
-0.802946295165	0.595101354515	0.0336396333943
-1.65600967028	-1.90687435462	1.73783465585
0.985208089097	0.140524683615	0.0980705586461
-0.554965722034	-0.776561060888	1.91113444515
0.30924561278	0.94204665834	0.130058619425
-0.886890564732	1.65579140339	-1.49848848129
0.755156960352	0.642314805493	-0.131033033533
1.05243064811	0.460114083142	-0.612098718871
-0.709831528008	0.66215360058	0.240191196936
-0.455997255497	1.80428867555	-0.0129210257956
0.717267295351	-0.520702193335	0.463030077722
0.147674303879	-1.92351286733	0.806400063592
-0.435497421855	0.537591666648	-0.722036838055
-0.924999137917	-0.18345976655	-0.15466933542
0.791559035023	0.0442148568142	0.609491050393
0.0958360252241	1.48686997061	-0.728638995517
-0.974695150924	0.217323281625	-0.0523445701947
1.84308838405	0.354976218692	0.322875762944
0.34298433509	0.678774840062	0.649327700304
-0.81270137157	1.42360382279	0.343288885884
0.56648927261	-0.723475555246	-0.394554210446
0.540895051481	0.451323003014	0.670983726714
0.753175017852	-0.656452289311	0.0424002870525
1.48681411119	1.21559178867	-0.850176051314
0.146474803167	-0.890067827431	0.431653095216
0.643721382859	1.92162433754	0.747951941683
-0.666462551099	0.427317528118	-0.610923397936
0.737402265803	-0.963872963205	1.9067528494
-0.642900307699	0.0251911613817	0.765535498686
-0.652747666514	-0.360650979177	0.451604672698
-0.903852468687	-0.146561230632	-0.401958356704
-0.86668828931	1.0233386629	-1.07176204465
-0.0679619659094	0.690270122733	-0.720352919653
1.75389513393	-1.78166670336	0.246664608439
0.976977436393	-0.108806521197	-0.183510843616
-0.739033415879	-1.87898915832	-0.679366248664
0.519202479158	0.251421514562	0.816832912934
0.581239531403	0.71701363382	-1.50242268203
0.698106195892	0.6933302623	-0.178720134949
-0.645644542014	-1.77414927689	0.418188541698
0.44670809266	0.0297577362094	0.894184744383
0.604116791489	-0.136571510042	1.44507550983
0.332853505148	0.546898202978	0.768186760944
0.924677431403	-0.569534010882	-1.51470789228
0.379562646305	-0.527932178965	0.759749835106
-1.71963195552	-1.80064992046	-1.04298914061
-0.0255383193021	0.660261669841	-0.750601306678
-1.03911943135	-0.478869783043	-0.431515091628
-0.389643182152	0.0827271495825	-0.917242830075
-1.40662182762	-0.43405902019	-0.88242368065
-0.544440963845	0.338994815423	-0.767246083081
-0.578389019861	-0.538455221479	1.1517813086
0.714643492764	0.562790581229	0.415393114928
