128
0.975437663304	0.0768448445935	0.788585401477
0.873183150542	0.149023807063	-0.46405074134
0.189641737878	-0.16839112856	-0.381466528837
-0.965317966532	-0.233945193827	0.11589162945
-0.70516681687	1.11810616013	0.301469657507
0.37534817736	-0.642802128992	-0.667771793891
-0.383009137707	1.61876681131	-0.721952585018
0.0890056576322	-0.117684272083	0.989054298314
-1.34034620065	0.872206135176	-1.61586485184
0.443876846896	-0.487364181868	0.751963761774
-0.253071855598	-0.214787821771	0.195833125262
0.363551071194	0.442220907473	-0.81992151309
0.945612088241	1.10481324053	0.734068945256
-0.894779638272	-0.389862745347	-0.217661293582
-0.353430315192	-1.01291107056	-0.134128945866
0.862057195264	0.229557823118	0.451841341555
0.895060933421	0.237331402256	0.678545205696
-0.405857884412	0.773302892631	-0.487116016888
0.642946718379	1.67213946751	0.614162339193
-0.895363190611	-0.422432731532	-0.140979942648
0.786378514583	-0.0630317304435	-0.260867684513
-0.518185005663	-0.56594568178	0.641240816839
-0.747884715705	0.0354482651966	-0.441501310175
0.576348350098	-0.502465297132	-0.64447746626
1.39952175819	-1.34371092912	1.20119225681
-0.153288007747	0.798788852869	0.581755236516
0.382529654783	1.17861989521	-0.535771700821
-0.95985785156	-0.112583708106	-0.256900396005
-1.07701503272	-1.70785586257	-0.697477441639
0.0669122765883	-0.857536471329	-0.510052887045
0.847860555757	1.02015030401	-0.0738815422183
0.180837476764	0.965201456994	0.188901970382
0.370831920629	-0.40051381892	0.504213217201
0.71367410169	-0.27399770946	-0.644666217346
-0.424580359619	1.60112952967	0.471596964922
0.81813042169	-0.455495745259	0.350978972528
1.66236731432	0.14585461486	-1.34074898824
-0.0125154527263	0.798420306064	-0.601970413149
0.830219277139	-1.26461558429	0.447780389692
-0.402498128802	0.720941401926	-0.564126538376
-0.199425037209	1.11474218614	0.86078289147
0.695075821512	-0.682482999749	-0.226023355878
1.23844579808	-0.437518829581	-1.12629392826
0.580707552584	-0.580368139392	-0.570921676897
-1.52967703718	-0.844377399169	0.608081990038
-0.503126831245	-0.699400479954	0.507643930646
1.37964687731	-1.58244942015	0.417913023858
0.0395139880566	-0.839625484297	0.541726583127
0.00360200736043	-0.436638508806	0.964490555652
-0.643826703029	0.233131401355	0.72879141472
0.230411267132	1.56269951912	0.223144457885
0.466056730031	0.39750098965	-0.790432848268
1.19998777986	1.47941338459	0.250964914865
-0.853358115313	0.322483475634	0.409614861757
-1.06903219047	-0.700862999064	-1.29402929899
0.76033208214	-0.071784042582	-0.645555711073
0.496411534049	1.06568607385	-0.941022403311
-0.334249373487	0.692921164275	-0.638856491259
1.23013023167	0.444774069447	-0.211498271153
0.0804290859918	-0.661385422034	-0.745721453122
-0.272576503381	-0.0896761405445	0.859344418099
0.862233122864	-0.316414541993	0.395519758611
-0.183183058264	-0.44369260203	-1.24206368393
-0.201440297707	0.943994746196	-0.261334509039
-0.784391657922	-0.161827380469	-0.562301055217
-0.965529931084	-0.147717698377	-0.21431620043
1.54464288969	-0.469263872244	-0.498684687012
0.279133066524	-0.94188495128	-0.186915675438
0.721482070578	0.566931997395	0.0688881378792
-0.793866640957	-0.053457296227	0.605737627902
0.382541714181	-0.815296196598	0.66795426811
-0.156260105097	-0.676891291682	0.71930588681
0.221662161063	-0.334706382547	1.05856786868
0.714661273609	-0.120188905509	0.689067406714
-0.718023876112	1.39736824911	1.57398502977
-0.147741774663	0.759079110463	-0.634012044112
0.726979410291	-1.0632716866	-0.380900869823
0.244208958728	-0.0453812182222	-0.968660172357
0.771244613652	1.25989634135	-0.898079045132
0.272398709432	0.56804393578	-0.776611247744
-1.19666732541	0.272505176649	0.306694080968
-0.193209590903	-0.951696525106	-0.238628954832
0.918761574057	0.33726418122	0.106369404902
-0.0151222599229	0.732071514912	-0.681059919765
1.55095600961	-1.40520316199	0.100778075134
-0.074302357318	0.771756877481	0.631561938181
0.586050331942	1.66672381045	-0.0425115300352
0.46598164925	0.8663092883	0.179914756392
1.10523885185	-0.197904612231	-0.0735433117813
0.188685912198	0.97106428692	-0.146395960353
0.356211944798	-1.02808560029	-0.74921677671
0.213424229863	0.574027287677	0.790533219485
0.588556229566	1.09520676618	0.314111415379
0.828875236106	-0.0783818894159	-0.553915266428
1.44319030768	0.146840473584	-0.0756575966892
0.238502419909	0.591116900195	0.770517622123
-0.771672821034	-1.41858323198	0.810440658995
0.504932102389	-0.827638543654	0.245067364279
1.19750484163	0.20879022611	0.912020703917
-0.614902745432	-0.301008425073	0.728895425761
0.688278199146	0.788036660339	0.429425866058
0.843810104071	-0.252275190997	-0.473647269891
0.262505796827	-0.508164322879	0.152243116391
-0.249578280386	-0.460068049116	-0.852084545185
-0.226107416728	-0.154809944561	1.04462987366
-0.591103811456	-0.778281417796	0.211835593789
1.3132302005	-0.0155486377034	-1.24235925861
-0.846839098609	-0.527743966204	-0.0659533714268
1.59934939854	-1.24148994112	-0.984349467698
0.107782966536	-0.396212511349	-0.911810549388
0.27179485253	-0.969175681432	-1.29616621361
0.525768085695	-0.750510623935	-0.400376976641
-0.378649869169	-1.67616844389	-0.638428242974
0.362701653957	0.198025989321	-0.910622434256
0.599258592813	-0.165807441676	1.09688338732
0.176958044977	-0.308004942928	0.934782758426
-1.66446171859	-1.31399172476	-0.38464688546
-0.580196820064	0.512938255709	-0.632665785244
-0.950906004135	1.45807726816	0.0659059285191
0.642472034482	0.761979186731	-0.0813474271109
1.19431947521	-1.41938262297	-0.58158754617
-0.672230637034	0.6676230863	0.319977163671
-0.129935477888	0.828507645452	-0.223183122034
-0.347712744508	-0.653818126841	-0.672025077151
1.15213629172	0.643564641385	-0.238720195815
0.21280369298	-0.721139573024	-0.659296825772
-0.587491485835	-0.557997315136	-1.51283918467
0.0397519990593	0.58177359118	0.812378770756
-0.330128215766	0.0113168487282	-1.48501455674
-0.604727738333	0.781955091655	0.151164139685
-0.806064607848	-0.816621672158	0.94874244992
-0.190190010806	0.945556240809	-0.264104440056
-1.33096484245	-0.850642519334	-0.777528408212
0.166671353755	-0.852705306128	-0.495090214748
-0.502481265177	-0.840621425721	1.47312419421
0.356162604687	-0.479408918369	-0.802069378552
0.00481324503851	1.02704294371	1.57074804562
0.396881081556	0.916293358304	0.0537762831572
0.48715184162	-0.683138954894	-1.00609970971
0.778782189537	-0.146877788291	-0.609856718064
0.534571421332	0.872007625632	0.268756599322
-0.694306306915	-0.154551257808	-0.702888796957
0.902974404538	-1.46202645124	1.6143119894
-0.600394320304	0.571851007193	0.559028698475
-0.222387185404	-0.369166707092	-0.609267699377
-0.418654975323	-0.425019594105	0.802549908893
-0.141078811842	-0.669350500859	-1.29775353829
0.498563168386	0.695457693189	0.51746822522
0.483804497311	0.962030628383	0.0917289882552
-0.646623895546	0.251819199488	-0.720044879489
1.41223139785	-0.997945542532	-0.0833875048088
-0.543317974578	0.668951633235	0.507256632182
-1.56847900184	0.64520193214	0.356862057129
0.60598650734	0.730448619979	0.315000264275
-0.535519882801	-0.355770579325	-1.15746423539
0.643021542063	-0.430061309311	-0.633695957598
0.356675486672	-1.55483771716	1.37940791222
-0.707231176739	-0.416495393022	0.571275459161
-0.571827098199	1.22113713654	-0.806927109322
0.768358469088	-0.573919512774	0.283269581561
1.07456405312	-1.03681293713	1.6319227241
0.567970381337	0.689915338157	0.448805606137
1.51334610073	-1.30042021872	1.02998931363
0.522060000183	0.78416956746	0.335457069799
1.1118033414	-0.337033014567	0.728802584109
0.642519698866	0.70155517497	0.30820248708
-1.61607712687	-0.513626429041	0.975655395437
-0.206859468475	0.946817086734	0.246468181659
1.45853456972	0.640872092856	-1.62493954784
-0.452496144845	-0.591617159319	-0.667260350763
-1.3863564014	1.20576960394	1.11283897144
0.596937319037	0.472497606529	-0.648391740358
0.140416809113	-0.211792668321	0.383532696019
0.927038983677	0.370304534355	0.0589344939619
0.00479163840614	-1.67900511553	1.64775458626
0.696996979835	0.294064725131	-0.654003935412
0.0919158402719	-0.0801813354148	1.13732253902
-0.488084778191	-0.367765778676	0.791531162578
-1.10886352845	0.218251626068	-0.452727868582
-0.666643269023	0.112784053909	0.73679475368
0.758286908294	0.433072963688	-0.956421630136
0.232648643887	-0.721574315512	0.652077538098
1.59088547023	1.02451604637	-1.1972033581
-0.325676188504	-0.417222260561	-0.848445994471
-1.43488604794	-0.123520546774	-1.32969796552
0.471618545589	0.846975430239	0.245374342645
0.368528378945	1.29901351568	-0.0126455542444
0.147007082362	-0.338687823533	-0.929343572596
1.24162982217	0.571779898572	0.896693050516
0.772412333488	-0.624484340472	0.115751870744
-0.311103176014	1.1344410967	0.187175505314
0.339825838239	-0.648227660317	-0.681409788648
0.43359756952	-1.54338533116	-0.306976183151
-0.756114759012	0.643817414719	-0.117429160386
0.486591101361	-0.289875623385	0.804640910717
0.205009367592	-0.639142310535	-0.741261267087
-1.66275541596	0.652528380252	1.03616050651
0.278299808671	-0.777539605854	-0.563898375438
-0.783524185477	0.808378504916	-0.381959875777
-0.880994920667	-0.0406430363765	0.471376806125
-1.44616927924	1.68669187968	0.383866636942
-0.815288067305	0.454817857229	0.358393755603
-0.205924874919	-1.64242035209	1.63717506536
0.831908476116	0.547070626765	0.0929624477798
0.127794047545	-0.364750717313	0.0830873816114
-0.400020509815	0.527979197481	0.749147221015
-0.59412860244	1.53103737706	0.135852342574
-0.643119021461	-0.613803265133	0.457868404618
0.988946937675	0.00714750249774	-1.33523087085
-0.782995934354	0.455870571114	0.423201357723
-0.730427701306	-0.815934825674	0.636287629104
0.854121001463	0.419978936905	-0.306749095216
0.969386274523	0.405768703005	-1.29028113785
-0.433687098918	-0.812541195258	0.389476964969
0.721925105699	-1.36766533142	-1.54422094964
0.0247896145831	0.748225593821	-0.662981097589
-0.975590154394	-1.34890152844	-1.6835350442
0.369444955549	-0.427466879945	0.825095443794
0.639400252447	1.00099086904	1.11273381272
0.672004310299	0.0959674849883	-0.7343026956
-1.34412443923	0.938884101881	0.372670049635
0.742602588728	-0.623882137257	-0.243541524232
-0.923273472796	-1.01360749183	-1.49432760144
0.496720911667	0.491929688318	-0.715033927631
-1.67195006979	-1.37966140053	0.475801460092
-0.66711795948	0.56941744959	-0.480330507298
0.0898046228615	1.41372364137	-1.49066432958
-0.998285090163	-0.00129473012391	-0.0585252290297
-0.624836797523	0.683539252551	-0.703342910933
0.139221248505	0.792914522665	0.593214972596
0.946582809298	1.4337880031	0.883100305668
-0.155446746123	0.538965341416	0.827860296108
0.360217793798	0.907701703261	-0.580494043701
0.928632342363	-0.238676397125	-0.284034417234
-1.08561770869	1.17745898456	0.709728718835
-0.662618457251	0.72642954887	-0.182309875316
1.57641103533	-0.934816060098	1.47700516554
0.355957970544	-0.326603200715	-0.875570826655
1.58820778809	1.62367942567	-1.3802260487
0.0411755165646	-0.991257385198	-0.125352994085
-1.25944500791	0.900014362044	-0.85789805722
-0.519154468333	0.625343862499	0.582600799557
0.597846672486	-0.531489104175	0.840488592634
0.50212437064	-0.80907806126	0.305391236282
-0.492993380069	0.711980111704	1.26948385721
-0.785704335416	0.310278979332	-0.535159464359
0.322362361458	-0.162542144228	-1.17639483496
-0.0393544794733	0.884095204345	0.465646748726
0.69746899593	-0.274032205193	0.897453490517
0.0579574014802	-0.713192188816	0.698568422866
-0.533004281659	-0.815637961506	0.796151359827
-0.669842739699	0.611630144394	0.42097419225
-0.458266351911	1.6460774469	1.07745622491
-0.519964234663	-0.197047551401	-0.831149479431
0.109766679169	-1.23022172925	-0.605409224285
-0.886290398249	-0.0570144386147	-0.459607097161
