544
2.52995991224	1.85480848015	1.02997887481
-0.497519737778	0.138716310479	0.856289609728
-1.06858799179	-2.65176355779	-2.48910546062
0.129605875545	-0.221542668702	0.966499437645
2.418758308	-2.70443370483	-0.395294032973
-0.66299548508	-0.574444639773	-0.480052437343
0.592895357016	1.71544535079	1.07817503749
0.345146872902	0.320556641634	0.882109446515
0.676735564457	2.28083958605	-1.48673327124
-0.423968363767	0.54701531309	-0.721820665935
-2.47289020304	-1.77893895051	-0.986651153594
0.613441368629	0.372871834676	0.696172595094
0.797761935331	1.64898761768	-1.60379742794
-0.67040083427	0.741515102196	-0.0267969144608
-2.43775539398	2.07361374637	-0.435498554196
0.714903596867	-0.473131007621	0.514839680691
0.293007324013	-2.44635923271	2.30997169696
-0.585479386394	-0.592823264219	0.552968774442
-1.77025476492	0.637484447333	-1.28402657452
0.648813976439	0.447915576132	0.615152063019
0.0116778705769	-1.71854947281	-0.453507330677
0.0205908022558	-0.41268266513	0.910642101357
2.62842859658	0.382964996929	0.706436155907
-0.868446287582	0.351712561607	-0.34942713059
1.76069936595	-1.68755437815	0.725276145221
0.291315547635	0.646251352504	-0.705332858367
-0.0284760704236	0.207374890795	-1.95026403307
0.841667825431	-0.466209171454	0.272478035972
-2.52410225526	-1.0368282979	0.567111125291
0.0303211431519	-0.794525579939	0.606473190752
-2.54501156681	-2.60599461403	-0.765347928426
-0.181657751419	0.556102942447	0.811017865864
0.356406614729	-0.888056981718	0.0592447384874
-0.803494504398	-0.585095086345	-0.10981949434
-2.4957285857	1.37324892896	-2.21055368034
0.675442538026	-0.499371731039	0.54259123847
2.68311267521	2.65076419248	-2.02369434914
-0.339604567839	-0.595556961601	-0.727997694358
-2.24510775172	2.43615533001	-1.87954246879
0.235820711959	0.391017237549	0.889659548227
0.773691845346	2.71560190607	-0.363274324491
-0.604209877231	-0.796820311375	0.00279564611762
1.57069613574	-0.093272039174	2.62238853423
0.437066283521	0.861985372378	-0.256815656872
2.21388533707	1.48634930825	1.85319521501
0.511344871524	-0.37727138117	-0.772135174251
-0.931519174222	-2.73144821375	2.44608878049
-0.518639660175	-0.753832155913	0.403422834759
0.733907206403	2.39804172157	-0.147691317782
0.426468051315	0.684792641077	-0.590917963794
-2.41889560738	2.62456695314	-1.71708813042
-0.902778972353	0.42806934669	-0.0417942759428
1.28495097568	2.09278556977	-1.79063952809
-0.969492979264	0.153807565168	0.190857528156
2.00291950017	-2.18254344887	-1.13604684714
-0.640877042414	-0.137595704433	-0.755211254305
-0.764321699533	-1.03648408439	-0.428776808997
0.59944112773	-0.547941702537	-0.583463987754
-1.87392576081	-2.4173963324	1.44956155145
0.343640384036	0.720577306059	-0.602228887095
2.48359437338	-2.33501388577	1.49976309765
-0.324255312795	0.930165359708	-0.172194354506
-1.4018953692	-0.261895837681	-1.26315948233
-0.104851714033	-0.935122739821	0.338454693473
-0.0468864920668	1.40556484801	-0.717953696401
0.642116733502	0.124660653096	0.756403213985
-1.87365246558	2.17662213985	-0.552600602192
0.499057790357	0.861487018581	0.0937093309141
1.86326049858	1.96916238418	-2.22976412135
0.253130700192	0.668382272138	0.699421179914
2.50972521582	1.50733673571	-1.56190174105
0.19827339913	-0.689564918137	-0.696554292838
2.01652161853	0.937816291752	0.0563829109514
-0.686688298943	0.368696906865	-0.626515579186
-1.20282488611	-0.0571744289194	1.76250035526
0.758064218553	-0.568531302044	-0.319547804164
-1.85961771569	-1.42981107505	-0.0556122034882
-0.202587937868	-0.0562873420039	0.9776450596
-0.660532798265	2.49676458424	0.848156809674
-0.55472117917	0.730403136099	-0.398491746661
-0.391477528622	-0.621077622678	-2.15319712541
0.656201912953	-0.500237830155	-0.564943504006
0.456543140731	0.953424369688	1.53612656641
-0.343544798101	-0.727544928829	-0.593847916754
0.906936830201	2.11710651115	-2.2350125036
-0.563311795185	-0.721074966038	-0.403398952352
0.939767590064	-0.44845646393	-2.74375268157
-0.68628824688	0.461983601916	0.561764713875
0.281577870159	-1.50519766492	1.769171692
-0.443784637804	-0.776999310191	-0.446460823827
-2.23979044835	-0.0484702020382	-1.89086552466
0.612268191975	0.502011574854	-0.610828977544
-2.56470745033	-2.60600984796	-0.966722147103
-0.633736129603	-0.660919292398	0.401950503137
1.28904625959	-0.522753732182	0.67953874599
-0.704778815472	-0.584298342009	0.402345956594
2.69896585713	0.0494431979682	0.737008230431
0.391829707123	-0.623614016903	0.676442930732
-2.01207833758	-0.604707825845	2.75374272603
-0.726909036369	0.0275838892218	-0.686179555146
-2.39106946311	0.387550956984	-2.45841490885
0.0298471663216	-0.920109760857	0.39052166987
1.37246663463	2.12244124207	1.1439740183
0.615913246376	-0.770446842211	0.164506948988
1.36273993679	-1.22948048427	2.1546746756
0.92477935762	-0.22232845912	-0.308793128139
-1.92106885829	-1.80261035475	-1.54900541047
0.269483813538	0.728038123176	-0.630348288999
2.16642225794	-2.36715760907	1.56414121939
-0.615698655693	-0.690914087245	0.378883741303
-0.257543395183	2.56203293381	1.36160383297
0.247679874629	-0.59234812723	-0.766667056727
-1.82723468397	-0.409233618133	-1.07624777788
0.979867488784	-0.132795590153	0.149080634756
-0.837935054583	-0.236561215994	-0.506468023249
0.743640626135	-0.650836961661	0.153002838202
-1.22895556736	-0.18356681029	2.03415721087
-0.732589791603	-0.678346017704	0.0562038922495
2.09952724803	-0.179437922923	-1.84404451577
-0.0966559799815	0.708933883613	0.698620333371
1.56396874344	0.642011207941	0.747624367089
0.032194565179	-0.517877055643	-0.854849030655
-2.51093979986	2.62775248479	-2.43324856791
0.10791574244	-0.894583996448	-0.43367460824
-2.46687190264	2.33313827487	-2.58748733511
0.913617915861	-0.213715261585	-0.345872940229
1.97119630699	-1.90151595538	-1.39359376307
0.27245695992	-0.56974369566	-0.775344649976
-0.455830242369	-0.814885553467	-1.45680641611
0.589296266481	-0.475702498761	0.65302147207
-2.59922414016	-1.54005828723	2.66500939181
0.134614132466	0.69732369196	-0.704001920431
-0.510860917826	1.63227313789	1.83879892495
-0.791331897647	0.513579380641	0.331707774323
-1.13900062471	-1.97656023994	-0.946224854934
-0.256286321014	0.831738859398	-0.492471107202
2.21572953983	-1.95820593591	1.79893670668
0.613810168827	0.415486290852	-0.671273579667
-2.03377323147	-2.38356646428	2.46148332625
0.231933447932	-0.616053561974	-0.752784753107
-1.39047244073	-2.43542865224	1.1514111095
0.674067437359	0.572807511589	0.466395373648
1.14543991484	1.74407871312	-1.15178962219
-0.183667536975	0.209416629378	-0.960422256719
-2.7124579511	-1.69841309411	-0.967984370624
0.105437951408	0.67021697816	0.734637353113
-1.83497824808	-0.723779093518	0.880409041661
-0.630817236873	-0.0505602517379	-0.77428242561
0.389778615765	-0.640734133713	2.55135140234
0.65396548335	-0.500607579266	-0.567204723331
0.647703452567	-2.36104055906	2.76268609126
0.364957509652	-0.911693352313	-0.188735919996
0.50966660032	-1.52020661405	0.460196799797
-0.838097660922	-0.304944110209	0.452328863114
-1.46792440778	1.62404901149	1.22210340922
-0.454378342112	0.647705215014	-0.611570336645
0.910680127811	-1.67037169388	-1.59865643899
0.633131916231	0.440446539938	0.636514589076
0.666494191379	-2.25544868922	0.739131077783
-0.435586935615	-0.570166702214	-0.696544293788
0.832662362541	-0.779906795873	-1.55024862616
-0.754251794402	-0.386817207293	0.530543757652
-1.73881185661	-1.12786575388	1.3168077131
-0.41630570455	0.905509498341	0.082110345104
0.724612590552	-0.726256795651	-2.7178700523
0.0143755056742	0.949524929895	0.31336201484
-0.0264203967546	-2.7041923066	0.973080834308
0.179399358972	-0.629959557525	-0.755623468325
1.58066270009	2.431393077	0.848080287873
0.867238595948	0.413723153612	-0.277002472667
-1.72436362926	1.68884929188	0.958871474108
0.795621945067	-0.591270350842	0.131852541664
-2.58889197725	0.488963589648	1.28088625138
-0.712082205354	-0.28883348507	-0.639932926735
-2.26407697669	1.04549607846	-1.47511265999
-0.0986178073654	0.993025351536	0.0646156271952
-2.44551710507	-0.340247821344	2.11170682799
-0.25609811992	-0.860529299896	-0.44034427099
0.299190336514	-2.30323262223	-0.787558993747
0.616671459813	0.697326958802	0.365310037064
-0.096028189705	0.624015232799	-2.71789309429
0.826217365345	-0.451829794278	-0.336473925
-0.277407603983	2.37517357754	-2.41587310514
0.281031984168	-0.271354128309	0.920536778692
-2.07038771497	-0.901156591074	0.170208081158
0.66120169018	0.679608005749	-0.317718874833
-0.492988494604	-2.4441845986	1.83272091903
0.823934550561	0.245407418006	0.510790618139
1.86677594814	2.2939964295	1.00880565202
-0.588897823504	0.787396837079	0.182223967771
-0.814815263537	2.30646002812	-0.64558760915
0.818338677758	0.233232138859	-0.52528523479
-0.0518460214293	-0.515815017052	-1.00461737414
0.722083098114	0.400217691769	-0.56428875464
1.79050480975	-1.83119497863	1.54731703545
-0.634402176298	0.20661812487	0.744877727673
-1.63328302604	0.0559258917547	-0.524812381697
-0.756693629389	-0.183635478203	-0.627449410222
0.14423037374	2.72752428294	-2.57165536608
-0.343648750465	-0.0551410230268	-0.937478001813
-2.12598143784	-1.01555067443	-1.22526336383
0.255425823181	0.956525807099	0.140769418577
-0.27559352133	-1.33966395051	-2.17752320975
-0.958361847449	0.121785706009	-0.258284361057
-2.76767486915	1.11135666726	-2.08950384146
-0.432858749977	0.611668219898	-0.662189769881
-0.236407195925	2.42277834148	-2.61307177921
0.235270262433	-0.585561812634	0.775735307434
-1.74896992287	-1.11068168139	-1.87828285924
0.104341197124	-0.994509539524	0.00798062524098
1.3124060345	-0.168419163635	0.583340299515
-0.263190787258	0.709577074013	0.653629088657
-2.17532145494	-2.5459948271	0.850256813058
-0.0620893685185	0.951691310167	-0.30071341917
2.669377741	-1.10014972554	0.401057461056
-0.355194565128	0.849040551449	0.391109911532
-1.76008300818	0.856837549116	-0.579915757553
-0.561107453315	0.396940798434	-0.726358333313
2.42560950785	0.555231530558	0.287060368285
0.525073166856	-0.603240958635	-0.600332004205
2.75910801071	-1.64413711707	-1.73098083181
0.880667232362	-0.0767003625168	-0.467485058835
0.78689251275	1.46702513526	2.43368036478
-0.792141674233	-0.225629390312	0.567100472731
1.8123383334	0.589351845605	-1.6399506129
0.623309526478	0.331419818312	0.708269820218
-0.627033568209	-0.53020473276	-0.512093613353
-0.604601600281	-0.71499811616	0.351047858312
-2.38115268424	2.39555687138	2.07916105341
0.969898164435	0.0133394805039	-0.243145242366
2.09492063161	-2.36993593663	-0.398241071921
0.821345922089	0.385938611754	-0.420050311539
0.642745080645	0.627518471052	0.950011816818
-0.721982217799	0.0342822195545	-0.691061796516
-0.934417959866	-1.59679604736	-2.28638803047
-0.123915999409	-0.988309538094	-0.0888205044011
2.30574418754	-0.109997509765	2.03053362047
-0.679995806327	-0.520398898524	-0.51651785041
2.77281081175	2.11104371196	-2.09823573458
0.337007615955	-0.67474126901	0.656620199722
0.24749967009	-2.23725182175	-1.11357191242
-0.248174342181	-0.576396303435	-0.77857356574
-2.07162974998	1.50945859696	-1.66234828139
0.440932978885	-0.874879789383	0.200408239003
-1.54130597991	0.0367766158629	2.76999287919
0.702953475665	0.252290431305	-0.664985676028
-1.28596844011	-1.23323938718	-0.904462003079
0.790807211994	0.442887093786	-0.422462987273
1.2105801825	1.82407191552	-1.54874768415
0.0499300872012	-0.6094555764	-0.791246413443
-0.288521574142	2.45890048898	-0.642159902724
0.272399830829	0.77442654915	0.571018259021
2.15814974203	2.01875089922	2.19841631385
-0.708160776276	-0.168601173918	-0.68562523225
2.44124280067	2.64159967379	0.783996191917
0.0968509839518	-0.526508074146	-0.844635504088
0.560290473822	1.78646204792	1.3359268202
0.0164890770986	0.301253402214	-0.953401540795
1.91496253996	2.25825434293	0.207717796606
-0.70480060464	-0.435877780025	0.559702303533
0.686788222486	-1.5210978957	0.0102169521751
-0.681963015094	-0.566519757837	0.462581679301
-2.42904003861	-1.42738814108	1.33698122841
0.478022071947	-0.862917876398	0.163913505617
-0.35669391404	1.26879147753	-2.56466974076
0.806245232001	-0.297550477861	0.511304546234
2.45121614385	1.70348353794	0.476955529587
0.572776215588	0.784847185493	-0.236521251225
-2.07602722367	-1.16270239189	0.0187950456163
-0.650910233006	-0.703853364071	-0.284440346039
-0.959804791642	0.968181977342	0.028634573827
0.68151674505	0.679150449317	0.272561173701
1.47037050677	-1.26751156607	-2.10911539441
0.246386115466	0.194468281045	-0.949460883751
-2.35722942749	-1.89710159879	1.58756383509
0.801052275058	-0.409902795943	0.436228094582
-1.16943651448	-1.77866290236	-2.4652176731
-0.0546497632903	-0.668671207267	0.741547179851
0.427241482763	-2.15005036102	-1.12690460425
0.688711376382	0.379373912854	-0.61786088587
1.3746502209	-2.28336401541	0.786053992532
-0.247126286479	0.130251688367	0.960189093986
-0.870723354627	2.31148625015	0.49559663465
-0.264969672078	0.79501245798	-0.545661309363
2.59663036732	-0.438247178204	-0.258015742962
-0.656735592832	-0.430703153175	0.619025972761
1.87731167453	-1.54181101724	-0.0514838019133
-0.455081127736	0.503445695616	0.734468242162
-0.502312635394	-2.38493844288	1.16897770906
0.364504824865	0.899962959097	0.23917128779
2.7701470492	0.836247432362	2.39732570038
0.374328831527	0.844489044021	-0.383035481927
1.69958323677	-1.14278180484	1.09733703635
0.806266549966	-0.481217823737	-0.344040196088
2.60843365021	0.966078733432	-2.36860754001
0.110321097909	0.351783379711	0.929557802999
-2.76930714394	2.01635233125	-0.781759159956
-0.589724709258	0.713703183987	0.377958373975
-2.24141465323	-1.70561181642	-2.02455880022
-0.262217819135	0.602921993904	0.753476532213
0.208133315138	1.16970828991	2.13802644869
0.607937918472	-0.106655796895	-0.786788426626
-0.824572028505	-0.638379392715	-2.5716193366
0.695773609592	0.16332793318	0.699444830161
1.4982646275	-1.01738095336	-1.3349055624
0.0492525618283	-0.410606519192	0.910481450415
0.258552976101	-1.99380425744	-1.87183830082
-0.375107971391	0.499822395191	0.78068661002
1.10881818567	0.428835802461	-1.22094624389
-0.904100428577	0.216006848124	-0.368705107924
2.72909674635	0.871696583834	-0.724314497633
0.359670062666	-0.0402360920346	-0.932211619172
-0.297594059943	1.19306285789	-0.329682740527
-0.571009944346	-0.649518986003	-0.502068451787
2.0373012109	0.497995729268	1.23340487964
-0.350293629183	0.614049449491	-0.707274802982
-1.09672012763	1.19830211143	-0.688041676105
-0.256319481447	-0.844257162249	-0.470669913445
-2.03567454623	-2.70001837106	-2.14953106549
-0.510823710043	-0.586664489971	0.628397894224
-0.28143164198	-2.71977860263	-2.05707801271
0.490429637166	0.703420670936	-0.514468784952
0.431682834647	-1.51991887638	1.17965453664
-0.074266755101	-0.748389193821	0.65908881318
0.484530972368	2.3612366299	-0.0829164117559
-0.83620412944	-0.00661413545253	-0.548378434221
0.228666066591	-1.20416550238	1.29630666297
0.825729576076	-0.514239012808	-0.231794963061
-1.16953953592	0.957224714352	0.0386795517531
0.180608506389	-0.73126743889	-0.657745011566
-2.73319649103	-2.17747144067	1.32535855562
-0.486815968897	0.404516624245	0.774194105594
-1.82218558608	-0.486015838894	0.0313821579116
-0.840474716038	0.00587755324352	-0.541818886778
0.035191600168	-0.551010378944	-0.807539319446
0.272729753408	0.0213607338281	-0.961853523493
2.30391783479	2.25370032432	1.71947404633
0.881703421099	-0.420593743302	0.213775537228
-0.831114707749	-2.00282377919	-0.862320215596
-0.583373407193	-0.775937404344	-0.239992942231
1.18808101217	-1.02576686835	1.07588178663
0.761330036065	-0.491286084696	-0.423101121683
-1.44772053695	0.454387938519	-1.14444695804
-0.444870782474	-0.679147049041	-0.583822980603
1.79960945518	1.74993291375	1.91496757231
-0.593796171579	0.772018759113	-0.226700556232
1.90394328472	0.878999759795	-2.25289333825
-0.585566193009	-0.453638370415	-0.67180686398
1.07844385033	-2.61664495138	-1.41016452356
-0.603799921749	0.719520642051	0.343097216776
0.834888500903	1.16284427363	-0.479141698035
-0.597246443689	0.747500856429	-0.290756178162
-2.67005031733	1.32755861225	1.6691921421
-0.0147265068243	0.416112442448	0.90919390959
0.218204621099	-1.32371595183	-2.48209098546
0.19795308997	0.775543518816	0.59945544004
-2.46930110926	-0.712919677769	-1.047287773
0.0388664660927	0.963599350119	0.264510283851
0.882592123099	2.18232173726	1.65369535713
0.284539295817	0.0722760626095	-0.955935960151
0.739572915889	-0.393060055784	0.475661518792
0.742047573639	-0.645637622754	0.180325978554
-1.09211151235	0.0164147981099	2.01098951208
-0.303055206423	-0.235469950892	0.923423761924
-1.53228001587	-2.7145904146	0.894049214391
-0.144129913802	-0.901420283273	0.408249973487
2.12138833102	-0.13322802478	-2.62391463532
0.980054153229	-0.182057815065	0.0796794120921
-0.992691919249	1.19167531167	-2.22739889329
-0.543398948541	0.830863929053	0.119927953883
-2.50474582002	1.72141902623	2.69326214767
0.258546123522	0.642837234035	-0.721050755877
-1.44683015688	1.90257554575	1.85140916519
0.103089266566	0.691803526522	-0.714689081917
-2.37800129045	-0.0774688355147	0.551228627451
-0.416131077641	0.731582125769	0.540020850964
1.31411745623	-2.25099511913	-1.53098115465
0.166496059814	0.794538063636	-0.583942058341
-1.04221475167	1.58786264851	-0.188678899506
-0.460920770805	0.843299396868	0.27640218936
-1.14751065158	-0.912628493603	2.04643774188
-0.251378855977	-0.87399271568	-0.415867050517
0.886755931106	-1.62591562488	-0.180698948676
-0.0155933153302	-0.782865472501	-0.621995579151
-0.261274432221	0.85493063727	1.93727621839
0.588146179264	-0.75364533021	0.293432765843
-1.02872293713	-2.21848528211	-1.37644849605
-0.163667637375	-0.964304440147	-0.208158235937
2.47554955473	-2.20913522689	0.34946334496
-0.758063889999	0.479745592503	-0.441795546778
-2.7505978748	1.98649811152	-1.84239328156
0.745481847118	-0.318189166886	0.585672664287
-2.06016764851	-2.07867726268	-1.62635595523
0.416470623085	-0.887576353946	0.196876702594
1.36971777579	-0.445137536004	-0.845981493793
-0.631906043716	-0.396516248508	-0.665935144429
-1.4688953558	1.35053314456	-0.0777225664352
0.535666874912	-0.831622907338	-0.146507129905
-1.50126364297	-2.6502307897	-2.05766141643
-0.283700653468	-0.810205440483	0.512914304181
-1.44632687545	1.87317045372	1.1326770408
-0.406427390427	-0.829923814766	0.382156038805
-2.68771633804	-0.310492742211	2.16253235975
0.635381387634	0.253893011148	-0.72926595364
0.490894247348	0.236918383453	-0.417832652247
-0.834783069157	-0.549571369863	0.0332946974209
2.27000380936	2.19236209905	2.14775181998
0.136188850837	-0.970776467813	0.197599712671
-0.942636924046	-0.0186846006733	0.290299526937
-0.528843840602	0.725608471747	-0.440245997127
1.58129057001	-0.662370129778	-0.787855612728
-0.771745877872	0.349610122115	-0.531207174746
-0.999590314773	0.656812461343	-0.0957959471461
0.252315911141	-0.965801726177	0.0596967896895
1.49131524877	-1.40507782298	0.950242755072
0.171229204125	0.406615063077	-0.89741002342
-1.34459131368	-2.49857808198	-1.09997775037
-0.0212346660623	-0.20378520407	-0.978785308206
-2.5987325609	-0.85434216968	-2.63762674549
0.565542269949	-0.76457743302	-0.309165473198
1.89713954922	2.36722966255	1.68259123052
0.0635555264708	-0.474623621539	0.87789128765
2.63689224735	1.56746766092	2.08722249075
0.449309743993	0.891930740074	-0.0507967406849
-2.30580395583	-2.70216518886	2.13931987241
-0.556219061582	0.695449206059	-0.45494038876
-2.08265211821	-0.157035733514	0.78034114179
-0.993890399815	-0.0438658298116	0.101280117157
2.15222929141	-2.67804227487	2.58382907278
-0.767068802491	0.432322486155	-0.474028185037
-1.30217838284	-2.26321622037	-1.26593943657
-0.462256934829	0.075904321736	-0.883491403549
2.10043011722	-0.709285509624	1.49907480643
-0.764344339898	-0.495088911145	-0.413115843471
-2.40095173792	2.6877367791	-2.59975702251
0.598854672105	-0.0688570718372	0.797892088792
-0.271489616724	0.769662018545	2.32821726239
0.75849148335	-0.401593745653	0.51323789137
1.87735590215	0.25805324526	0.425646635982
-0.446650678599	-0.599659684407	0.66401162204
-0.207664623953	-0.936812807867	-2.45333690809
-0.870309513566	0.461407687708	0.172233261366
0.814580218582	2.4526509979	0.613247973471
0.50869808412	0.605218496178	-0.612320856331
1.72292591636	-0.00387204916121	1.22667948074
0.835842463564	-0.500310291983	-0.225957933781
2.21323584526	1.80007090298	-1.84071506848
-0.589753740504	0.683041134689	-0.430865795677
-2.63326292839	0.369944156869	-0.474878894323
0.379332182117	-0.67498158428	0.632856189425
0.0803165139777	-2.46134764636	-0.997962862786
0.921279048576	0.36392500256	-0.137125880728
1.50987652985	-0.730097676745	1.77197383138
-0.201528163594	-0.123429022907	-0.971674675796
2.46442914374	-1.55150122889	0.00440810064265
-0.133948748996	0.0827512586295	0.987527195493
2.19941419692	0.491932327997	-2.62556435683
-0.286586932917	-0.930768797472	0.227018447562
0.17187408442	-0.170275064464	0.883653189765
0.962241207685	-0.266595625168	-0.0549420683428
-0.821897155945	1.14089141187	1.58771275764
-0.415198360023	0.580148233746	0.700741285152
-1.99905186652	-0.400253956835	-0.827977911238
-0.1924864787	-0.839259153826	0.5085204305
1.9153622134	-2.20934788022	0.916474748624
0.307388165555	-0.782698128232	0.541198813506
1.73703391612	-1.98432708135	-2.00340230531
0.525868360603	-0.414827121504	-0.742550285558
-1.08312815181	-1.63491047376	0.715534373737
-0.0043757800829	0.848455122524	0.529249239595
-1.0465873696	2.49730482432	0.769494298698
0.675891193766	0.701605020349	-0.22565790394
0.254753362044	0.581839989325	-1.06066647603
-0.65570080817	-0.218012813089	0.722860196369
2.29607666816	0.745480800784	-2.08901754365
0.238332920203	0.201681781391	0.950011514774
2.51772392976	0.460268348117	-2.36736690876
0.637559950131	-0.593599640569	0.491077159625
0.0522080045101	-0.83281317548	-2.02780170586
0.764399681901	-0.638248722927	0.0912781134277
1.4596668204	-2.21924151244	1.98708118329
0.796153527403	-0.406659896166	-0.448070630207
0.434641180318	-0.490843922384	1.37709887648
-0.287320822595	-0.825655598684	-0.485530202216
2.35060916868	0.359250262078	-0.374385740347
0.654457048317	-0.442884508937	0.612812600761
-0.502640936607	-1.00360071825	2.61272601585
-0.583579918232	0.377959333109	0.718735849636
0.210146516139	-1.37780583013	1.92622144014
-0.231673030109	0.29171981955	-0.928023250787
1.39567436761	1.19244652835	1.70562212183
-0.749208769445	-0.49573012306	-0.439246929276
-2.71162039909	1.92412371278	2.19658673058
0.130934549045	0.21178673006	0.968505304496
1.73059584426	1.43216748855	0.0995828467478
-0.0092192677023	0.676355391664	0.736517745387
2.15686742569	0.82424498818	0.383959370232
-0.170788439348	-0.662627094524	-0.729216457979
0.390401834822	1.29069727853	-2.47505027682
0.553838468532	-0.319717667868	-0.768793576734
-0.163965524448	0.217018418462	-2.48113769731
0.335695116927	0.763913972555	0.551129958364
0.249593043582	-0.182835178833	2.67849273631
0.0154247271162	0.998657950536	-0.0494406272604
0.614594456015	0.691935559975	1.99830674762
-0.435761186904	-0.0710548787145	0.897253248642
1.13124384899	-0.473664126913	1.18527447579
-0.268055295693	0.810551758445	0.520722772052
-0.466586520905	-0.771451632377	1.69109664754
-0.331022737649	-0.428024453896	-0.840963146652
2.27697566336	-1.0197518879	-0.68009281952
0.259986869189	0.811294211673	-0.523649243249
2.35319754683	-0.0381555260664	-1.81118803307
0.68434495078	0.277798868685	-0.674165986163
-1.72097718659	-1.40152368366	1.76848627817
-0.0497996231275	0.987664323467	-0.148455992424
-1.70179033049	0.387059671926	-0.934836962116
-0.20664200623	-0.959750732049	0.190204136631
-0.193664712586	-1.53778887629	1.56991612842
0.195172156199	-0.78400089583	-0.589279581169
0.434948718854	-0.792842034276	2.00094344398
0.129458698322	0.726213974881	-0.675169392164
-2.11664035771	0.0519759095702	-1.37146012416
-0.812763275177	-0.522505322053	0.257689827023
2.55513508387	-0.105702752247	-0.261231004522
0.782648444435	-0.280763783197	-0.555547577142
0.374254446078	2.76234020484	2.40750418135
-0.140728905834	0.113514321128	-0.9835191274
-1.96846158102	0.14659673463	-1.69599079829
0.301515804411	-0.941204875564	0.152386357344
2.39122023961	-0.376427510113	1.28400688392
-0.635208944143	0.506236121166	0.583296311413
0.391689692326	0.808680150829	2.34187703828
0.711571601006	-0.217033700394	-0.668253117864
-0.280464392411	-0.60258756914	2.51806426398
0.557783503675	0.216003290806	0.801386387075
-0.970156893731	1.32963580394	0.436856267847
-0.0148415219074	-0.658911383345	-0.752074144035
1.49636198242	-1.41880567487	1.38881068051
0.736953904029	0.600431385332	0.310453047729
-0.284399038233	-1.82403369092	2.33543269603
0.59560554932	-0.168839978383	0.785332471835
-0.40464335852	0.847046101509	-2.50795933879
0.35161282086	-0.671245196055	0.65253222984
-0.140157951095	1.42035119401	1.97339738208
0.0906633966005	-0.628485788266	-0.772519101683
-0.516909466367	1.04262990569	-2.6884056488
-0.257551717036	0.0718793128583	-0.963587296219
0.0146287618792	-0.249962160093	2.16818992212
-0.205106286013	0.756476946258	0.621026602666
0.374661809662	1.16853189789	-2.30703391941
-0.502389409454	-0.293392820203	0.813342200013
0.72370113535	2.2306770453	1.21112288325
0.135271128798	-0.0549124000632	-0.989285777737
1.18177467883	1.39403901184	-2.41166662254
-0.823863490334	0.475308962042	0.308756117183
-2.40082472368	-0.861191686684	0.906493275846
0.445292457871	0.877436555596	0.178380822588
1.01739609172	-2.52648686072	-0.78932399032
0.732983271878	-0.372405554766	-0.569253569094
0.327148540252	2.43992413664	1.19433129286
-0.819866673257	-0.546141957876	0.171894153271
1.38707306365	2.46555554234	2.61217134458
0.93410081083	-0.00913932526922	-0.35689234783
1.93603481398	-0.233641037121	-1.72029832768
-0.573144209969	-0.736247478422	-0.359785165197
-0.484839194115	0.211897376741	-1.29258619132
-0.448383701083	-0.747280818248	-0.490431886485
-1.9889421206	1.60033665556	0.517360713725
-0.939683149042	0.119070301267	0.320652214654
0.50386038681	-1.91028415705	-0.997815352785
-0.499282225229	0.695146075237	-0.517193574643
-1.65597789158	-2.05320456794	-1.39141699101
0.965979128906	0.250642051722	0.0637407595459
0.674100549208	1.34544113793	2.07737935757
0.734341474781	0.241348850514	0.634423620912
0.835544446961	-0.0794765810202	1.18927689912
-0.0691250069163	0.669315174945	-0.739755993559
1.60323331508	2.63533456701	0.87480321711
-0.129642802521	-0.566259122375	0.813967659113
2.47841674392	-0.991432421858	-2.25269102912
-0.531240703384	0.663830971615	0.526414053947
2.30404619919	-2.53878957092	0.0849402939357
-0.308647571887	-0.900958058211	0.30497746427
-0.82077899688	2.07527621046	-1.19029491083
0.423041664515	0.522927162435	0.739988468067
1.1698543158	-2.60643726095	1.98417320009
0.527328634711	0.576769634717	-0.623908085764
-0.641141132148	-1.43400984341	-1.01233227521
-0.35948246256	0.870295104304	-0.336687972069
2.05487146536	0.820433659403	-1.87853831914
-0.593970056419	0.545942736593	0.590885860754
0.705700993581	1.26403225242	-1.44249678193
-0.434789737155	-0.672261581134	0.599184655174
-1.33782568363	-2.00282541011	-1.12812090641
-0.645425178953	0.342962764203	0.682497531676
1.00384825986	-2.4326423855	0.98993936091
0.198627115786	0.674093958044	-0.711438405348
2.48979635956	2.49634926454	-1.80459392292
0.0944608099011	-0.489325510926	0.866970414576
0.847081731642	2.11882152802	-1.82974716297
0.246409507356	0.484980957796	-0.839092262662
-1.63344772966	-1.59937671585	-0.304882519868
-0.548013862523	0.69109559878	0.471240575322
0.324966119022	0.3862597455	2.45565256158
0.714970879066	0.68338394241	-0.147658488898
2.04779216054	-2.43313783665	1.39208394622
-0.658482183048	0.378253578382	0.650634647901
-1.414329775	2.71696249684	-2.28074288374
-0.276808312434	-0.773918589821	-0.569585089777
1.06259143277	0.656439506886	0.195748248632
0.5113276197	-0.0668849048461	-0.856779128385
2.40216267233	1.86575691352	0.622469748794
0.0661047550259	-0.804387121355	-0.590416395742
0.409543971953	2.53455795129	-2.69822977373
-0.596555818774	-0.347094327723	0.723634357082
1.52771591626	1.31988297775	2.24175686066
0.43215327618	0.886501458289	0.165404686566
-0.397189385811	-0.784777486675	-2.27398148635
0.597113324428	0.509915635105	0.619226713624
-2.18783505126	-2.77278752987	0.00454963775132
0.134042600614	-0.57201677965	0.80921528966
-1.11172358107	-0.727113129741	1.68653521955
0.0872353942896	-0.973288963491	-0.212364261425
-1.83675755703	-2.31602572429	-1.25437366823
-0.105928484921	0.716187244604	-0.689822431318
-0.686669872033	0.913588618587	-1.41344930285
0.411502968251	-0.881087438087	0.233131365468
-0.781938846707	1.44315288111	0.918617624349
0.793296463674	-0.433366744536	0.427637680114
2.72425643419	2.75951393204	1.93945440652
0.938385360592	-0.166071425895	0.303072922789
0.900662177054	1.46954371324	-1.48066678344
0.671362415312	-0.656794360149	0.343356484987
-0.196654174153	1.26083155358	-1.0888904707
0.694204016376	0.44387199301	-0.566620188018
-2.26149108918	2.38694285897	0.151706934569
0.264033105631	-0.213630108126	0.940557651626
0.494036565224	-2.47557645268	2.35554664843
-0.109678749671	0.887097755573	-0.448361621827
-0.409811496164	0.942595712012	-0.3042476188
-0.582748709934	0.665955625561	0.465732805215
0.787697236726	0.190315582079	2.5071402816
-0.402841639114	-0.412353316666	-0.817118936282
-2.48459083498	-0.878780693558	-1.28957891058
-0.852921573834	-0.394211460123	0.342231082161
2.49438219232	1.36770907022	0.337738823704
0.97648054302	-0.21497880501	-0.016427492204
-2.50084897283	0.993350858147	-2.25912032717
0.290700612037	-0.809315791569	0.510393087412
-0.62621820913	0.955549454735	-1.2211549203
0.289542122832	0.651914453711	0.700837287926
-2.04234099423	-1.68489892513	-1.38371937634
0.243819912229	-0.936449225791	-0.252219543089
2.13470706344	-2.47358269787	1.93653580153
-0.590717524296	0.46723858373	-0.657830458677
-1.91359574921	1.6711912819	-1.2031978349
0.351707007921	0.550896699819	-0.756845431186
2.3146125877	0.106779059789	-0.383422672687
0.320841282747	-0.650407579331	0.688498984773
1.67171670064	-0.939162293383	-1.77984573918
-0.849794126711	0.395315563018	0.348676853037
0.497717910857	1.57656183552	-0.0862296166011
-0.633783517608	0.600980365449	0.486971306293
-2.40510468365	-2.44083121366	1.4422122883
0.373861796039	0.916652725966	0.141333426482
-0.663841631797	1.31816083363	-2.00681912803
-0.527668727974	0.620123883452	-0.580527417691
-1.62635733779	2.53004845581	0.772208074699
0.547715647727	0.817953977505	-0.175951299853
2.35393096657	-1.38511682649	1.06865245925
-0.281910670751	0.948733577411	0.142936953969
2.23667565267	-1.04556719878	0.371350839296
-0.697642664111	-0.222886463515	0.680893778496
0.233830345886	-1.88722250696	0.20460358004
-0.969924615698	0.172720430554	-0.171504789243
-2.02670134156	-0.411232905868	-2.28862370567
-0.395699660328	-0.703283438527	0.590604930481
0.669559615002	-1.28525120906	0.104821367023
0.183485950752	0.799462107149	-0.572008081332
-2.22864516731	1.1723294711	0.383509652417
-0.692654159743	0.697670819498	0.182990826578
-1.62280052142	-1.84968448576	0.439075772164
0.00179418019083	-0.276594984838	-0.960984908976
1.12928848897	-1.1869689407	1.42060324633
-0.186445466817	0.442588467651	0.877128004459
0.901662669798	0.391633055655	0.545795052534
-0.435803359591	0.607120325005	-0.664439871422
-0.253298062375	-1.76464224374	-2.42602867617
-0.793413867683	-0.289166818436	0.535608985813
1.69175763652	1.40199857332	-1.82622201893
-0.29467534632	0.674036364326	-0.677378343201
-1.99706073234	0.582679134454	-0.715876244583
-0.194292023851	0.472776001443	-0.859496051141
-1.87126886099	2.49160522014	-0.61646571402
0.388450371332	-0.705356500724	0.592940566919
1.92209204264	1.6362283474	2.16863972818
-0.547736672382	0.748409591706	0.373988797654
-1.2403795809	-0.650690679608	-0.575021852978
0.174438290081	0.283214444157	0.94305930968
-0.999258547779	2.51611929012	-1.41179059395
-0.474721974428	0.0942010455371	0.87508011634
-0.307168005158	-2.13403647898	2.73876503572
-0.811572015215	-0.151207628873	0.564346628492
-1.43570983882	2.6178648146	2.28440398831
-0.64435447778	0.631075496427	0.431915529675
0.0981975638069	2.36895861718	-2.20924911068
0.793270339579	0.530524813962	-0.298773476257
-0.247043598764	1.71221278284	-1.868223274
0.39814290248	0.267226441256	0.87753761076
0.694266793933	-2.52588075096	1.22103246331
0.0645347046601	-0.997614672797	-0.024499724787
-2.70711572068	-2.54014902872	2.62196409524
0.529085465304	0.671138070134	0.519270893871
1.06400090721	1.59428703616	2.74849573463
-0.561087990544	0.771375576092	-0.300266527401
0.976852212117	2.11856201519	1.36583742924
-0.126497790835	-0.873708408439	-0.469714728251
-2.52011075964	0.408192522569	1.64472999514
-0.827715595413	0.199936876289	0.524320644844
-2.38570866773	-2.19834169046	0.422983190547
0.917511400056	0.367748430692	-0.151439501094
-2.46785235796	1.00452091875	2.69526164737
0.916744343003	-0.0880879624628	-0.389641271482
0.213508662889	2.41095211838	1.90765673335
-0.648399627534	0.744462307839	-0.15922875124
-2.60131916571	-0.300310328694	0.989253615082
-0.091202980776	-0.883536240111	0.459397136157
-1.25464159275	-1.0855567633	-1.76555354627
0.7612821665	0.501604573151	-0.410904265203
-0.113572478111	-1.42371549735	0.449270320046
-0.854014175494	0.426275773311	-0.298242775509
0.166461291822	-2.33694357573	-1.45927554787
0.764972597107	0.435388486646	-0.474609093225
-2.18115458546	-0.625100964645	0.0185462689722
-0.663330439147	-0.354090709027	0.659251468169
-2.27598421992	1.20729323688	-0.626560106709
0.314940663762	0.70751814249	0.632637697546
-2.75088231187	1.07125014829	0.0271151800697
-0.652664815852	-0.0211722516585	0.757350892195
1.1482445924	-2.03257443255	0.993608190357
-0.823645405745	0.514566893763	0.238388668854
2.40855662244	-0.911348657566	-2.55092573449
0.233251925171	0.705530358319	0.669193882887
-1.92340561794	1.33366985739	-2.15990320635
0.449322677022	-0.671855698403	-0.588828542479
0.661489552282	1.2872266107	-2.00009514674
0.717310390419	0.609539378713	0.337531553482
0.524107096302	1.56575803219	1.9224840887
-0.559881099996	-0.82242800294	-0.100724048005
0.942532934113	-0.21659117	-0.641903354474
0.775561545693	0.590232280199	-0.223897620026
1.5595719213	0.767184782961	-2.12014106665
-0.618486067431	-0.284767527946	0.732381348357
-2.26604287449	-2.06624537653	-1.8171811425
0.212274454111	-0.956446469368	-0.200373918875
0.228479472174	2.73215053243	-2.27572091175
0.998634520156	0.048873843854	0.0184510850821
1.09692679062	-1.7008573375	-0.6368713916
0.29905981552	0.489891583044	0.818883058564
-0.514577177744	1.13330915358	-0.984891791465
-0.128533899137	-0.785177224649	0.605785244674
-0.930777183492	-0.547902263147	-0.277035024517
0.947632545445	0.295067662457	-0.122178694485
-1.93612080887	2.67705166791	-1.07262418676
0.669397733311	-0.164136370178	-0.724545324064
1.29421645546	-2.34735580828	-2.71737836715
-0.779314083193	-0.439197352567	-0.446962241398
-1.3297380105	-1.42089442089	-0.117080456435
0.569354338592	0.328139736154	0.753763856048
-1.94115293019	-0.437578090835	-2.73446795502
-0.378534425588	0.897313636321	0.227024066384
0.32139958417	0.652927696932	-0.381012894236
-0.0522427475348	-0.7607159888	0.646979041171
-2.45687834554	-0.917899991675	-1.05588924927
0.416750241639	0.666579532189	-0.618054175101
0.99997911667	-2.16081634138	0.0969219898728
-0.844499529711	-0.075778332168	-0.530168075889
-0.595198781749	0.133834128973	2.71855933626
-0.374551033515	0.662084621191	-0.649119001167
1.15832037973	0.453054635043	-0.400650933707
0.660415054827	0.616053533137	0.429336697322
1.18331516468	-1.85297151508	-0.74421093545
0.618140657981	-0.730171311564	0.291121937889
-0.942246407975	2.64989751975	-2.60281937491
0.648928840727	-0.624820814081	0.434154707407
-1.75254927181	-2.76814952889	1.51936143353
-0.846606807771	0.514301533252	0.136933728239
2.51244852592	-0.305612274654	-0.106949587644
0.821172812853	-0.339136276701	-0.458979081502
0.668836811889	0.431557642711	1.04248462819
0.0888093091618	-0.844459110325	-0.528206131728
0.869012539234	-0.101092031394	0.886036929744
-0.799738030704	-0.58321679718	-0.142398208317
2.00805189896	1.19460985003	0.184170053787
-0.73616167093	-0.387843080926	0.554656415118
1.9425920408	0.910347792199	2.15095749423
0.728688327164	-0.365083577086	0.579419799107
1.14530760188	-1.44836909761	-1.03289336257
0.791728638327	-0.568684194981	-0.223078572778
-1.43451531918	0.109312925195	-0.660935177913
0.521002028125	-0.821718699968	-0.230944289413
-1.64979833429	0.524964477127	1.08517841567
-0.412568174458	0.165781547335	-0.895714228974
2.61153178619	2.10287162684	-0.753126521149
0.758882766548	-0.162887585397	0.630527224758
0.37675393984	0.913782187078	-1.77745827005
0.342749159814	-0.773191086569	0.533571510763
1.49470882372	-0.386022380329	-0.181300016322
-0.100659510248	0.64393158881	0.75843244388
0.176702803879	0.0182110887209	-1.70546003449
-0.596197302292	-0.417663718584	-0.685642614573
-1.55404308128	-1.83656988816	1.72817414702
0.114060755149	0.809283972608	-0.576237447425
-1.07509235376	-1.44445056534	-2.41452467241
0.204485703368	0.68790504778	-0.696399484748
-2.03645737047	1.94589478093	1.8199354395
0.497485251619	0.710133657627	0.498215428031
0.61518588319	0.0131214710569	1.33105708487
-0.452643466035	-0.773296505929	0.443989196461
1.23708400193	2.47844476964	-1.66720163066
-0.780742013969	0.0145141839703	-0.624684917448
2.30924328152	-2.55472439179	2.54472481436
0.639540376159	0.570594875052	0.515179188076
-0.313342607831	2.61561160957	-1.60387752361
-0.1299097366	0.633502368208	0.762756979524
1.95451887448	1.1926779031	-0.298560573443
0.454012607427	0.738095845142	-0.499086240725
1.09704856457	1.00568435553	2.42439974513
0.906022844014	-0.366008550059	0.212509640741
1.65415487388	0.652196621492	1.26903904407
-0.721175232757	0.110671499741	0.683855323006
-2.54773397614	-1.60634540219	2.04919978154
0.966406300593	-0.146643398895	0.211079548355
0.0237658109662	-0.718898030836	0.293153118148
0.757010191561	0.0395620342836	-0.652204274224
0.154287633167	2.3862080343	-2.59735611015
-0.319429605379	-0.353491121569	-0.879209164067
-2.52138085181	-0.163384208115	-1.86725142858
-0.0679151744622	0.975700012415	0.208319501849
-2.11634953249	-0.560738893782	0.936333505982
0.682902128149	-0.0854775428068	0.725491745677
1.00159280191	2.05118322676	-1.14072552585
-0.32405811408	-0.721329986836	-0.612102433249
1.43744841896	-2.02657822634	2.51046748467
-0.662731748417	-0.467315704573	-0.585151828075
0.722360335546	1.38370651617	-0.368244825675
0.53089268639	0.767117093516	0.360117092587
-0.4167275786	0.159254328997	-2.08080788396
0.487862600129	-0.369576193775	-0.790824582566
-0.138803946205	2.64698426336	-1.26335740779
0.673733705634	-0.408636135463	-0.615710486094
-0.904126663368	-0.677339756972	1.01669677294
-0.0445115891652	-0.731687820127	0.680185013293
-1.11580575094	1.32770271854	2.61705809725
0.441821134916	-0.881611907698	0.165995569056
1.15560558348	1.3820239328	-1.58530408878
0.0211027538497	-0.505448762394	0.862598529082
1.36641402815	-1.87940814227	-1.24905018688
-0.651919439659	-0.73294345583	0.1944091941
0.211110566245	-2.21648888219	1.13115221763
0.540843410721	-0.556781542215	-0.630462306033
1.16612974499	0.99536118285	-2.15248396653
0.524812617227	-0.703091058619	0.479827760858
-0.491843316297	2.70913336228	-2.54496715185
-0.883269129428	-0.431897528024	-0.182483342489
1.71104856893	0.256042806417	-1.68157135398
-0.0799542103131	0.902191067801	0.423861535686
-2.66000847337	-0.571722671625	-1.46251042682
0.547120453535	0.276324085985	0.790129235523
2.05833477855	-1.95643120049	-2.09882913941
-0.334464439754	-0.603262116068	-0.724022346241
0.505213744067	1.23209512125	-1.64049797203
-0.737869992479	-0.164134573802	-0.654681385013
-0.211474690157	-0.244132061054	-2.22144032095
-0.598665587424	0.524909474024	-0.605036824098
1.57042882624	0.449060417545	1.09004649875
-0.118453302995	-0.113770034704	0.986420394261
-1.03196911654	0.18148361409	-1.92737347172
-0.144377067529	0.627377433408	-0.76521423041
1.36114281432	-0.447327584898	-0.375868079919
-0.721123203052	0.451363082388	-0.525597463728
-0.406482159467	-1.02554110568	0.690160996082
-0.32521556085	-0.685542040332	0.651357774129
0.574722299931	-0.770288101307	0.361445641133
-0.460769683753	0.318718702864	-0.828317383
1.73520793182	0.906416468161	2.09537559394
0.477433610385	0.422902159038	0.77020186416
-1.75686153021	1.28257140313	1.33626583166
0.662362854157	0.657806953964	0.358560260974
1.1474184982	-0.267762555596	2.58225766197
-0.664275051437	-0.746974679651	0.0277035015763
2.0762338184	0.909819419634	-2.71541671933
-0.619653872087	-0.0697581162644	-0.781769073335
0.323272586821	-1.42336696384	-1.20792430128
0.137112803537	-0.726591648173	-0.673249326707
-2.52391841468	-0.794520187057	0.255872250185
0.966987054013	0.174908313729	-0.185318966003
1.22646081936	-2.71069467011	2.55030437409
0.321869386954	0.735824071348	-0.595787742209
1.17168533075	1.21992151407	-2.70675836766
0.257060387708	-0.392370580192	-0.883156432843
0.151895947923	1.93189612052	1.3653048734
-0.414143618805	0.622376974832	-0.664177660119
2.13549927085	-1.62355441658	-1.52784285618
-0.343394698063	-0.383467407364	-0.857340555924
-1.70933006283	2.70072556519	1.74151038688
-0.260647097538	0.367520127612	-0.892744110227
-0.350147256606	2.22693822143	-1.22975611226
-0.846139367072	-0.0392509735331	-0.531514376634
-2.07199179663	-0.447564164855	-0.554795489662
0.816141347404	0.436020039857	0.379209474961
1.89342583306	0.728897170847	-0.704962659942
0.0954430637682	-0.77538248753	-0.624237630722
-0.581378914886	2.18746847612	2.16401603036
-0.592332440023	-0.692813060797	0.411281343226
-1.99708950975	-1.23534900003	-1.14079356944
-0.680973494369	-0.300831315043	-0.667664301768
1.044357172	-1.15731889747	2.51215273429
0.214658298849	0.915551885334	-0.340127270292
-0.542204579047	1.55853118348	-0.454236752541
0.0552212504267	-0.494362205085	0.86750021538
-2.27177731497	-0.0849187884344	0.866545741908
0.469672266191	-0.129928955982	0.873227592766
-0.938081857183	-1.58855537894	-0.625346709329
0.501912441458	0.640132674808	0.581647711035
0.48683058745	-2.13973815596	-1.3632758049
-0.312673508062	0.800983164027	-0.510549946921
-1.2913728258	2.6379409191	-1.76559219221
-0.309153334273	-0.404075952929	-0.860898855948
-2.38226243632	1.24276190257	-1.22868818712
-0.454799122434	-0.675632434448	0.580240098369
-1.96266168166	0.00415342638394	2.57434255361
-0.294661359594	0.583251458692	0.756962627278
-1.2952452421	-1.69082460106	-0.598227418798
-0.819495159347	0.0122014994191	-0.572956200088
1.52642668204	0.979341169916	-1.62895225
0.215576023472	-0.716227205857	0.663736067797
-0.133574921061	1.2814681799	2.62646067319
-0.238850011072	0.839219868434	-0.488529103162
-0.463091806856	2.43333580355	1.05423008148
-0.829749078833	0.553190278398	-0.0741416351412
-1.63737333323	2.38527851699	-1.15105818678
-0.780414691327	0.190639928549	-0.595490828816
0.363491621291	1.52598878503	0.678613715196
-0.15042849958	0.578907276082	0.801397299854
-2.47518633701	1.21407510471	-2.0131510368
0.862918984067	-0.330635207008	0.38216643864
-0.668524129043	-1.96985441127	-0.165904878521
-0.724737348991	0.309372401018	0.615665893538
-1.78860242241	-0.12531729461	1.3762294117
-0.628227653502	-0.300529963075	-0.717643195934
-1.78443992394	2.76745127445	-1.17229625261
-0.281011075796	0.0027194775456	-0.95970067194
2.34170751288	-0.686394359817	-2.11636900268
0.71320285327	0.463703619373	0.525662100088
1.00797949993	-2.48073933118	2.68261933899
-0.461748779427	-0.851786272059	-0.247483759931
0.111155900898	-2.00865195519	1.561775335
0.851666925434	-0.280999111564	-0.442383258523
2.19362379187	-2.34232656755	-1.93360672823
-0.321278713379	0.573373283186	0.753673050107
-0.457835822318	1.97069062899	-2.0325773714
0.537293937179	-0.0411118499641	-0.842392450621
2.46519980766	2.66036586684	-2.43660791201
-0.491083469214	0.574884240732	0.654480814098
-0.754551576066	0.104874812538	0.706880643171
-0.406320369185	-0.082425040904	0.91000542318
0.51779192327	-1.96900998035	1.45542795973
-0.942168750357	-0.335132085902	-0.00212857929516
-1.23054653886	0.0826576179299	-2.3618542313
0.954937517513	0.273161495218	0.116091064153
1.40558223076	0.510445425931	1.24647637336
-0.528401397125	0.0829361458691	0.84493405614
0.177904468154	1.10697478964	-2.17356119013
0.834373115861	0.514818686601	0.196934566432
-1.41535578151	2.70021013036	-1.61404487371
0.489244106182	0.655747635012	-0.575008907533
-0.211658955487	-2.13316652425	0.623552290992
-0.36860410457	-0.481710319925	0.795038478171
0.896410391894	0.218740994745	-1.36094935655
-0.874328540672	-0.366916921595	0.317681563226
-0.409100711181	-1.07180700842	1.56200792263
0.150217271452	0.69102865928	-0.707046082948
0.148805615983	-2.47256423073	-2.33877223788
0.764139886365	0.607070457678	-0.218072679356
-1.79482305452	0.769232626303	1.86704664329
-0.703330689116	0.646618435122	0.295314309012
0.228725360693	0.324010742523	-2.68848234198
-0.817371274754	0.415090667805	-0.399504614127
-2.26579503635	-1.59970697148	-0.545012361177
0.0154932380079	0.99915974753	0.0379441496417
-2.51436485585	-2.67924195088	1.84472911523
0.338054951723	0.616506935213	-0.711082307789
-2.68404963546	1.9833780428	0.982801363344
0.208260875159	-0.539582159229	0.81576865674
1.65340569356	-0.656542101586	-0.483306011072
0.861658386376	0.47557628659	0.177121486054
0.382896240364	-1.08842425399	-2.43679824264
-0.668640171396	-0.743125970002	-0.026155571175
-2.68779621601	2.22414656708	1.577503057
0.685615502863	-0.705043999144	0.181230078918
-0.612199289267	-0.0555954544939	-2.13165960856
-0.0462465868971	-0.672612950556	-0.738547948304
1.07007946313	2.65271152286	1.72367052894
-0.624089973277	-0.663456441601	0.412719342111
-2.25786606859	0.183403694197	2.03124674596
0.715080810068	0.69904158857	0.000540852996329
-1.25077586047	0.748979368757	-2.51061849174
-0.443364671452	-0.871139693343	-0.211053080504
2.22527509168	0.244334760571	-2.63921757454
0.608393018351	-0.665393513139	0.432561449847
-1.8098475843	2.0974193756	-1.3306522034
-0.0703226166467	-0.666062898611	-0.742573191465
0.887570161003	2.19748340555	1.0839259704
0.561292537027	-0.508059779285	-0.653319178159
1.4748721067	1.67036373698	0.812570128659
0.411593080153	-0.573627541802	0.708196709719
-1.13052398607	0.0805074356379	-1.78185239879
-0.78858032169	0.32604341279	-0.521379678565
1.28697825556	-2.35019148487	-2.21060051558
-0.145202266796	-0.679998775291	-0.718691844479
0.0449658601452	-2.02159820574	1.96640284088
0.627665797823	-0.049889982512	0.776882639713
-0.733200022955	-0.968508756902	-0.630144263402
-0.353720781985	-0.514238209594	-0.781307028117
-1.49998027091	0.270740965893	-1.27603957072
0.779950632602	-0.47134388802	-0.411718289526
-0.486925556444	0.647243374549	-0.0968003891623
-0.885757200965	0.200521022646	-0.418599451046
0.625584374612	2.72325266963	-2.16608532446
0.967565002274	0.21482670537	-0.132918971684
-2.74167035172	-1.38721361346	1.98057170834
0.521851230379	-0.0290528320085	0.852541627315
1.62676797057	-1.05975497732	0.711240368627
0.61055824938	-0.00637070597898	-0.79194572934
2.20037888804	-1.90494295894	2.06195010826
0.529595553742	-0.22200066414	0.818684465822
-2.45732516176	1.87159821556	-1.74257004933
0.580165061402	-0.764567603334	0.280793307366
-1.83821579345	1.85818718725	0.158627527665
0.67352687974	0.421936421617	-0.606902956312
2.17661079547	-2.41674004058	-1.14293250678
-0.9138874399	0.370517447326	-0.165911326981
0.0605182519665	-0.237796696985	1.81509195936
-0.352546123985	0.574918290809	-0.738363182558
-2.72638561542	-0.0968457602049	1.21800384861
0.874969507024	-0.426545317945	-0.229101404442
-2.75445407471	1.45826726753	-1.81747669641
0.429360362684	0.679542204154	-0.594871474968
-2.20416956945	2.29875339703	0.814861599777
0.640157444719	0.335557157267	-0.691085986096
0.584121074412	-0.959123553118	-0.073313289107
0.593619664365	-0.664618644256	0.45375957487
1.64507782877	-1.43938145236	1.80882615886
0.281628915988	-0.676135172423	0.680827718511
0.30315935069	1.97298125553	-2.45467990569
-0.678522282411	-0.663633594677	0.314957083247
-1.89760739442	-0.450793533144	0.881725359157
-0.0866404889314	0.989511331248	-0.115588714892
1.02590354855	-1.85558102937	-2.67735937119
-0.391567393762	-0.561977680956	-0.728598697672
1.57726547518	2.49272836976	-1.67427374104
0.631197507914	0.0445477579536	-0.77434178711
-0.574552780706	-0.5442324021	-1.48623009318
-0.487089238471	-0.802776280863	0.343939408399
1.78090988179	-2.46193487441	-1.41519757882
-0.455679996402	0.683496042325	-0.570253365624
-1.75627721373	1.46359610391	-1.79866225046
0.673336228266	0.149237004861	-0.724117835773
2.34576184896	0.262534854267	0.95569421669
-0.698728970328	-0.364925188197	-0.615310842618
-0.474458490363	1.28457687767	-0.115440607893
-0.642760710021	-0.739243962836	0.200940371911
-0.502378715585	0.0138337408965	2.52357744549
0.548165828967	0.831854125687	-0.0867924969687
1.37993440037	-0.0264250540547	1.41773336596
0.647416143073	0.0449022580805	0.760812805431
-1.18753684184	-1.85517722901	0.966109546111
-0.62896182912	-0.265655411989	-0.730639596238
0.966473725717	-0.700859193532	1.17051892989
0.888682949151	0.141167661247	-0.436250280579
-1.51096199989	-1.96428111442	-0.863245445322
-0.797030859601	-0.16720014891	0.580332593473
1.1025980018	-2.51635079213	-0.122246362184
-0.181501387316	-0.164717631497	-0.969497472032
0.381835619727	0.441271636372	-2.01785566419
-0.656813932244	-0.503268655974	-0.561530157984
