100
0.970766320729	0.0682564803186	1.11811370501
-0.0273423989889	-0.881716340299	-0.470986930251
-0.77580005176	1.14917003806	1.29026455867
-0.922028155818	-0.384558242654	-0.0444863786579
-0.0119882060431	-0.949341203753	1.28613274147
0.783584391828	0.621235291023	0.0078875896569
0.413278729636	1.18780906882	0.686612234232
-0.244497141289	-0.905700781974	0.346305127646
0.483921571028	-1.47848755912	1.21060508231
0.771045081925	0.545822134025	-0.327975120471
-0.0908063294969	0.288767862612	-0.831548843601
-0.184777006849	-0.837366928724	-0.514464852463
0.807193617435	-0.998861196377	-0.564031535587
-0.804233157963	-0.375520911838	0.460644192849
1.08687187624	-0.267590437053	-0.223286459211
0.809121147993	-0.217830010752	0.545777476896
0.230368046248	-0.123171226711	-1.4162221088
-0.648024143397	-0.650788614004	0.395649958244
0.90473972666	-0.671697988053	-0.0867208582845
0.581895942624	0.620426842907	-0.525801906195
0.76448912341	-0.721119592115	-1.23599256756
0.92820924609	-0.0519839324131	-0.368409101739
0.799869112569	-1.47873228557	0.693935922152
0.893460619875	0.0980143120528	-0.438316455731
-1.35631292154	1.11348697646	-0.417763965935
0.146683169741	0.916509034241	0.372149483231
0.0481710899144	1.24448146299	0.783267733027
-0.602869739168	0.495838870044	-0.625053511749
0.363492329592	-0.340360661764	-0.210668030124
0.384842134453	-0.264172793336	-0.884369417614
1.45515822575	-0.272481083286	-0.533751069878
0.537873228537	-0.695036710374	-0.477091564856
0.333335747996	-1.48769022844	-0.573620469604
0.555006698631	0.784972467006	0.275292191165
0.0295970358314	-1.39978215593	-1.42085284509
-0.814923901008	-0.311725444905	-0.488596236748
0.65390945744	1.01333670328	-0.565429806699
0.652647800103	0.295207896019	-0.697784456081
-0.116672379963	-0.0263250608319	-1.2567758074
0.851838645213	-0.0724877614621	0.518764346269
-1.3100287651	0.948023903137	0.389075578609
0.668508986247	0.121166744766	-0.733767235076
0.935996676641	0.287138873212	-0.235002816421
-0.507175535188	0.608154938872	-0.61067220899
-0.981292057454	-1.06426984508	-0.836910115481
0.732328200395	0.678260889718	-0.0604778669009
0.823995035465	-0.330166127257	1.37297893662
0.698404712628	0.239764565961	0.674346950975
-0.58274363595	-0.573562802477	0.332634598474
-0.119028708894	0.871776306795	-0.475224407381
1.36722792584	-0.114634116048	0.831600359991
0.517922607352	-0.225355102452	-0.825209822162
-0.425152723806	-1.0012795318	0.169021713906
-0.707342737273	-0.404567482824	0.579647654932
-0.551429858952	-0.928698323643	1.46088688765
-0.559741602123	0.467357139582	-0.684300111746
1.35517689685	-0.39635880946	-0.406204646677
0.559284409455	-0.184495503477	0.808184606719
-1.23507539906	-1.40349066186	-1.23195079867
0.693695367084	-0.531548028041	-0.486048795465
-0.161301450797	0.903559233836	-0.00390873548547
-0.632952169749	0.32474492686	0.702788932247
0.641089465733	-1.46876308628	-0.22989449415
-0.695086808948	0.354523062065	0.625434030487
-1.27673092984	-0.584476596719	1.24007696523
-0.130310733148	0.267060937413	-0.954828554524
1.06455672488	-1.32845335354	0.738242666106
-0.00267702496636	-0.503679617109	0.863886379593
-0.658609361956	1.310916011	0.088571657462
0.306766231657	0.592725709441	-0.744695046635
0.0609638174788	-0.0863057581653	-0.480908064144
-0.0997842675566	0.48666669845	0.867870165732
-1.52716116437	0.597661782793	-0.453538971382
-0.798977720916	-0.294416025671	0.524360377324
-0.188114152123	1.02408778677	-0.873886896803
0.805771892927	0.589960787478	0.0517486792835
-0.0610417548902	0.753143468381	1.52099307935
-0.233296745826	0.514249243652	-0.825300153757
0.118147756281	0.570192636891	-1.52415106252
-0.545019524409	-0.190726936797	0.816441641266
0.989582233908	0.142921222402	-0.683947640145
-0.799030085158	-0.0206041652293	-0.600937926401
-1.20305859783	-0.353233096254	0.768561647907
0.199865288559	0.59463299488	-0.778758927929
-0.430749989522	0.567786831177	1.53398366369
0.0632827611307	0.0433923567284	-0.997051851972
-1.52410037798	0.893956442708	0.798196201825
0.00788178317926	0.760931231314	0.648784662816
1.17138588167	0.67789118827	-1.26396657448
0.757810601283	-0.423476180523	-0.496377897486
-0.433802168503	-0.692717166014	-0.696384668237
-0.667961080383	-0.666188114687	-0.331694725528
-0.0970830578474	1.45189254122	1.27276602531
0.0525422465523	-0.814699586498	-0.577497961977
1.56950830878	0.710344046909	-0.308346840964
0.578170007574	0.00847736223289	-0.815872279632
1.14724520673	-1.32306463815	-0.61485269642
0.619569145132	0.245016499132	0.745721790988
0.0179285969636	1.53347572006	0.754400465024
0.23898029611	-0.583676424204	-0.77602206792
-0.078540651553	-0.109973716	0.385867437097
0.884071311891	0.209716854347	0.417656265958
-0.755656915313	-1.18726246259	-0.987414705605
-0.405231781	-0.703510856271	-0.583831892566
-1.50576697706	-0.463017430106	-0.906708456592
-0.725428696767	0.128732647875	0.676151692506
-0.0145505963361	-1.10447956633	0.450143436391
0.80530154308	-0.553991697072	0.211145978619
-0.206108337914	0.434297039713	1.10467643274
0.589307771253	0.57936225655	0.563077016425
-0.107171383331	0.836848411119	-0.421162637183
0.12155353953	0.613574403951	0.780225087936
-1.31467204537	-0.895877522285	0.920480201445
-0.611843786315	0.201820417508	-0.764797816566
1.36930743271	0.200380820862	1.49516646746
-0.611125811354	-0.743550850593	-0.271398922767
0.275232187658	-1.51857929374	0.364804641293
0.615500511706	0.19954700465	0.762456630258
1.47879350056	1.45447245425	-0.748947877261
0.784842486697	-0.03143356369	0.618897569998
-0.97307631119	-1.23805342985	0.663382357243
0.633268340206	0.44123010773	-0.63583582891
-0.588231449463	-0.849053287486	-1.14124346212
0.294369215689	-0.940016400086	0.172383097852
-1.08270080722	-1.55681317756	0.161668146649
-0.6304153869	-0.417674834994	0.654311983821
-1.20161253665	-1.18037088189	1.53957192904
-0.68836420707	0.315384574728	-0.653213049815
-0.489884782396	0.0945747334154	-0.337465838302
0.751255882827	0.150738220249	0.642567185184
0.586223767254	-0.225592201178	0.133584227306
-0.589031776871	-0.390760634705	-0.707352593973
1.47796909924	-0.856107582272	-1.55812366759
-0.372375366742	0.490818163194	0.787676403685
0.435918557766	-1.38527572717	-0.0437083151167
-0.417602298162	0.457589622632	-0.784996852114
0.786384097722	0.683054374425	-0.711695748979
0.351285001321	0.0188236927827	-0.936079332341
-0.864831466568	-0.108189302567	0.550706751552
-0.67414410765	0.447755298462	0.587405239014
0.396151927343	1.33204676612	-0.725088240198
0.377106879858	-0.769776119415	0.515009832082
-0.948691197567	1.25081724861	-1.42425078499
-0.407632427819	0.795008463739	0.449218595312
-0.409017101881	-1.29457087921	-1.39458118696
0.251844973602	-0.709521989691	0.658143339567
-0.908505480723	0.556907431877	0.647374427375
0.995048694107	-0.0896515875721	0.0429032539848
-0.731380221004	0.85299151353	-0.595391775729
0.747024377285	0.601361239227	-0.283406491983
-0.537060643627	-1.31617821524	0.864291425657
-0.703275904303	0.379322811066	0.601263010198
-1.03009691712	0.357226920416	0.213259153354
0.544156582528	-0.434940048506	0.717440428117
-1.42732378951	-1.3797630046	0.065138723521
0.443753073713	0.817807890625	0.366433436794
-0.11646703884	0.0378369277702	1.0655851685
0.039417928376	-0.460039623718	0.887022982527
1.04621225693	0.0893077309095	0.192016823908
-0.229986970064	0.429147482133	-0.873463469287
0.33404902985	-1.43726303943	0.738732504002
0.243893030652	0.0895241725802	0.965661230517
0.365569411422	-0.503958986851	-0.566006996954
0.391766897183	0.761346995459	-0.516594087052
-0.578194125758	-1.15994156188	0.390756287912
0.861620991511	0.38899360383	-0.326026445503
1.23609932171	-1.06142386642	0.724389195185
0.416335469453	0.445683224682	0.792484220734
1.34282147192	-0.0483950007548	-0.0119651680843
0.685646423486	-0.46004433888	0.564134902506
1.47488219164	-0.832546584039	1.22932194102
-0.752148702489	-0.47202355117	0.459854429667
-0.783717507109	0.885069224829	-1.14003005026
0.000352933088817	0.219776283762	-0.975550234757
-0.574905589272	-0.267598172272	-0.254036102007
-0.356941229765	-0.113477801711	0.927208577944
-1.42567925317	-0.24119804025	1.36185744699
-0.508049982453	0.360218285392	-0.782386095351
-1.49536897665	1.05197198002	0.153341725559
0.934038813051	0.281084974101	-0.220369537478
0.488535198867	-0.198496499806	-0.961134592719
-0.0612367479058	-0.0469430377395	-0.997018762067
0.277980585061	0.0839768134749	1.12439680524
0.706176494608	-0.676546668218	-0.208804607676
-0.767846980554	1.49652195421	1.17088362622
-0.444257495809	-0.42681216493	0.787697056796
-1.39442270045	1.45971890427	-1.39990898112
0.842500325171	0.535179884605	0.0614466695688
-0.0411225406972	-0.774688452583	-1.06579064616
0.543060621728	-0.591327317845	0.596168738108
-1.26615600353	0.365085393083	0.9920827974
0.656542037383	-0.632637482117	-0.41075828582
-1.39951431544	-1.2945995948	-0.876037615186
-0.633989929243	0.440163290709	-0.635856152861
-0.956392793132	-1.28893595313	-0.530425551564
0.411613601598	-0.474842020955	-0.777881287932
0.919874896113	0.783704705887	1.03594584685
-0.809913347883	0.314666370864	0.495000448452
1.5124715532	0.834967421504	-1.137001943
0.878428016283	-0.12466109269	-0.461328334462
