32
-0.661111368507	0.799141080386	-0.821684814856
-0.0831001000619	-0.712550920502	0.696681820533
0.624487836581	1.01501618661	-1.02950821183
-0.76175292542	0.636694424698	0.119802713544
-0.406228331967	0.668591770944	0.514732881316
0.382786737839	0.185336904934	0.905054995569
0.144500050332	-0.815764179581	0.27096266022
0.184724256549	-0.856514891069	-0.481932765454
0.402154847144	-0.996605935893	-0.104255107465
0.75014254954	-0.519570997012	-0.409062506756
-0.796461417907	-0.950371840388	0.530044109983
0.239475507996	-0.877104814921	-0.416339554585
0.154942318462	0.685666499715	0.400636909786
0.768029090681	-0.488513567689	-0.41410845204
-0.434553891888	-0.635430169087	0.731219871525
0.59813792589	0.367754418947	-0.712030693831
0.368751688502	-0.939857853374	1.06414540226
0.61446640165	0.768288260859	-0.179343774547
-0.462256613087	0.894545625879	0.0683193237214
0.710685877543	-0.208825649551	0.671801631101
-1.04006181302	0.766512542742	-1.06275007686
0.507695677171	0.796667816079	0.327971782637
-0.0316908915941	-0.472726858503	0.48286431577
0.773718057905	0.30306116429	0.556340091645
-0.250745725479	0.581995295806	0.917100208377
-0.0506971806316	-0.404962511717	0.912926700223
0.218746597208	0.500557220759	0.346269332784
-0.930174576961	0.365137501446	-0.0380770457586
-0.744460658077	-0.943627743208	-0.512550434667
0.576965596958	-0.663216453711	0.476712319387
0.218156164454	0.186826378231	0.999830157014
0.370430388062	0.911765100388	-0.1773858205
0.411141854981	1.00892970246	0.192218715918
0.625980656737	0.652312236879	-0.427360460277
-0.656195036678	-0.242706189572	0.641158373336
-0.653296626552	-0.756887189316	-0.0180360856054
-1.06797173772	0.630465419354	-0.900624496812
-0.346574901424	0.196663149667	0.917174707058
-1.06429857816	0.598746776397	0.325795899368
0.430950707065	0.902375187301	-0.000713739301138
-0.375333588073	-0.0817932675614	0.294394019824
0.657083517768	-0.617073968237	-0.432967629739
-0.0517795326224	0.824431526838	-0.753108053928
0.74822361496	0.376650769649	-0.546164462172
0.687618211467	0.0528332694337	0.59741021497
-0.801183026934	-0.580308015807	0.146110794065
0.165382527362	-0.0893941660921	0.0877607579301
-0.683513719193	-0.366752364967	-0.631111478635
-0.128646603815	0.626753080661	0.424162608613
0.603118840116	0.680863227241	0.41553932484
0.380201040522	-0.558059715207	0.732953195941
0.922596508773	-0.248949616309	-0.294685884527
0.00426100774276	1.03540644921	0.608366579225
0.756267916076	-0.488737990807	0.434964384123
0.314578107211	-0.22242891077	0.157839033153
-0.121099745832	0.968468592786	0.217723302258
-0.46653731796	-0.300557008638	-1.0401897655
0.685836974613	0.694917991978	-0.216140298601
0.424729947279	0.912028419742	0.664341407263
-0.0457334930608	-0.924176072622	-0.37921897949
-0.307350646718	-0.0223573307643	0.100150268842
-0.466311723404	-0.772094621227	-0.431767613987
-0.401318851515	-0.713052653645	0.33621007041
0.333086214926	0.462046687515	-0.821928483497
