256
1.6036518309	1.89456028559	-1.16085079063
0.524840448874	0.807975196115	-0.267803259296
1.23810689847	-0.485948080842	-2.01509235037
0.145337219092	0.881269664352	-0.44971198721
-0.416912815713	-1.92613482212	-0.583596230569
-0.684205383672	-0.577663653339	-0.445160304345
-1.34368752019	-0.882161775894	-1.39939737325
-0.918889746647	-0.0360947097269	0.392859778338
-0.0961860844586	-0.629193108841	-0.911495966395
0.00700655666882	-0.734552985082	-0.678515158468
-1.07452016845	0.0737238720118	0.727698120368
-0.96857172419	0.116137993715	0.219956317291
-0.55759984639	-0.0968478465968	-1.72073885077
-0.647069410152	-0.694012601621	0.315670219115
0.432294099314	2.12787222911	1.88621034039
-0.282209219107	0.715112158948	-0.639509622114
-0.129564348893	1.444701943	-0.494110762726
-0.883287663162	-0.344030754892	-0.318505484715
1.88431391307	-1.86663641108	0.743585023222
0.652662789674	-0.624430923561	-0.429088923972
0.762909074299	0.866957467098	-0.741539130494
0.439755392393	-0.395628655185	-0.806283549415
0.640804278887	-0.975018771219	-0.584239000095
-0.638066468637	-0.67457485731	0.371241085397
0.873818855758	0.107778018524	-0.736803302085
0.611289312192	0.412021929055	0.675694684586
-0.671521138491	0.497094264498	-1.04167815562
-0.531311361027	0.780366672913	-0.329751563226
0.013271078336	-1.1117273779	-1.05160534397
0.801062527127	-0.125580190468	-0.585259295864
1.13061901082	-0.226467201264	1.90651917679
0.991581246401	0.117521784678	-0.0543623206977
-1.68307291383	-0.0169025321718	1.17292000646
-0.732808397891	-0.0707972018626	-0.67674190663
1.12576390168	-0.765530824698	-0.442459013358
0.436838028976	-0.858428531721	-0.268836367273
1.40175856775	0.767347309195	-0.868263728104
-0.79936419323	-0.599955451882	-0.0327160868376
-0.329681942274	0.541601912495	1.72750017522
0.115675512772	0.0324969939001	0.992755317857
-0.296708194302	1.52300817644	1.52199246288
0.712656726584	-0.260765114088	0.651246455137
-0.924839283351	-0.157068306392	1.82653727782
-0.436439578161	0.84542306918	0.307864140023
0.165229433066	-2.00896002104	0.740980017356
-0.705741781473	-0.706778066526	0.048921391647
-2.08340889649	-1.05174462136	-0.96406164438
0.760547644731	0.649252073658	-0.00624699485565
-0.0749152337575	1.80422292976	0.347826942605
-0.697432295483	-0.712128689782	0.0803798631861
1.52747904622	-1.01365465682	0.316082109841
-0.206911765068	-0.552617878009	-0.807341936469
2.06374475004	-0.735108799496	-0.919743231473
-0.621643838318	0.49406339762	0.607832458342
-1.77438680997	0.817619481259	0.816532449187
-0.795177159799	0.233098157114	-0.559784363558
1.77756201951	1.82416256776	-0.815832858801
-0.718468616703	-0.493648891508	-0.490013896461
0.318958575942	0.412508616755	-1.58451969876
0.672078718409	-0.680183675024	-0.292677919379
-0.503827377329	1.43948961625	0.934638103697
0.102890425095	0.688347447379	-0.718046901052
1.4920369691	0.257206444804	-1.60196074149
0.448229668968	-0.89339447611	0.0306018612761
-0.287309507685	-0.0371968043255	-1.39759738011
0.209005303844	-0.500950759732	0.839860178416
0.776286733476	1.08417199364	1.90827399326
-0.806489005886	0.537014277921	-0.24736844725
-2.09025110726	1.30629389121	-0.236116702284
0.0183578864339	0.532070195889	-0.846501207709
-1.72271003391	2.05011562989	-2.02119442214
0.209159343526	0.595720519602	-0.775480129688
-2.12297804493	0.178899950598	0.794694291075
0.431234242738	-0.242880501442	-0.868933881207
-0.726589110062	-0.411408946524	-0.182035820525
0.476158409936	-0.747829192667	0.462628000928
-1.81376995592	0.602587470568	-1.46011830297
0.129212196047	0.789894405235	0.599475635011
1.3321118913	-1.05046919536	1.31669384282
-0.425810660721	-0.866690335091	-0.259871399495
0.623397375554	-0.827730363443	-2.08574284824
-0.482196963956	-0.655973914915	0.580675736451
1.62304046139	1.54543987188	1.91617794825
0.310377708053	-0.643273267156	0.69990369488
0.118569773209	-0.747458829879	-1.57892453371
-0.420622856442	0.501669160477	0.755913001651
-0.975982494625	2.01936085117	-0.0931573648226
-0.48185448334	-0.766203275101	-0.425145619889
-1.38885871259	-0.929478694562	1.0106421068
-0.425453069082	0.609011267583	-0.669398955754
-1.01390009162	0.699277904665	0.21832595939
0.255715137185	0.69732525072	0.669587382888
-1.08022896124	-0.440263257316	0.424653548039
0.392067211614	-0.858499630511	0.330547554808
0.27051051111	-0.437225450017	0.389823075578
-0.125752933076	0.304639098956	0.944129874122
-1.56339552087	0.236581452316	-1.79203238259
0.139777053529	0.200894710986	-0.969589444252
1.55622349359	1.40703623051	1.22600172841
-0.3796125456	-0.270697867362	-0.884656419085
-1.32152234984	1.13292011091	-0.434747314639
0.655939269525	0.736479186284	-0.165354415925
1.38138078983	-1.38068064191	-0.476958885076
-0.529180214249	0.537209368523	0.6567909829
0.766384886295	0.642761674573	-1.63638895445
-0.163599893358	-0.969400267496	0.183025124703
0.727376914461	-1.46126994956	0.559452728819
-0.863623191562	-0.347059650137	-0.365656371808
1.61642296081	-1.87572892398	1.94616289356
0.629511582635	-0.761062815028	0.156520154961
1.77915617893	1.69313712684	0.888131427809
0.608662449844	0.563115100842	0.558955638091
-1.62393807267	-2.14213367646	-2.08977921242
-0.370987621566	0.564548564381	0.737328355009
0.67371839385	-0.765734921936	-0.0699353173638
-0.643004717152	-0.413758829652	0.644475418155
1.95442407513	0.793420595027	-1.87912108969
-0.254243229412	-0.615849084961	0.745714613543
1.64593700196	-1.20636139822	0.235515873354
-0.751184272123	0.478596267702	-0.454607305107
0.758179584543	-0.0177052014423	-1.37430242189
0.181161827867	0.959351689863	-0.216390219927
-1.87218332181	0.862094755975	-0.0977182652546
-0.560576770948	0.78690156038	-0.257952744016
1.97025818446	0.280151785058	1.61574108744
0.58841143377	-0.647455836069	0.484327291146
0.650063606459	1.57974980787	1.15408440873
-0.75445839672	-0.200351846143	-0.625021331928
1.46473644298	-0.316607443374	-1.57621366526
0.448509228117	-0.577399647227	0.682238315896
-1.8323002662	-0.492135883664	1.38250558349
-0.744414735959	-0.667717376556	0.000453796774858
0.0257507089615	-0.810074846735	1.92490521677
-0.824823331118	-0.409991741773	-0.389324086233
0.811832192813	0.428293654778	-0.731081842402
-0.70758333408	0.567377516227	0.421198978409
0.846271729542	-0.132552036257	0.382458481817
-0.891318097598	0.0109765314587	-0.453245589775
0.875403838881	0.121957884244	-1.46274737255
0.591657034119	-0.559250680069	-0.580672567648
0.611124208046	1.89055113132	1.29157540679
0.0820602889071	0.854136195848	-0.513534290897
-0.12511630236	-1.45955121081	-1.03598119493
-0.572792951067	-0.652541397442	0.496082613918
0.098922768029	-2.05406616276	0.300003426588
-0.616259728033	0.746256870293	-0.251643857754
0.291749165131	0.942669178474	-0.595272295419
0.209314559217	-0.921963427125	0.325838693748
-1.16797287435	1.53320870924	-0.346998013021
0.848417592262	-0.456196237078	-0.268463372579
-0.889178648701	1.92020785671	0.919939070569
0.266427071503	-0.219912348454	-0.938432296209
1.59050680562	1.97150546144	1.01067684372
-0.634832911846	0.728563155719	-0.257260378152
0.439843283038	-1.87258324213	1.2793435557
0.227393355481	0.826064116555	-0.51566494667
1.73856834645	0.0848917890795	0.483012390225
0.774663498211	0.00738517427755	-0.632330549428
1.74639172464	0.961941353266	-1.28075588455
-0.196924867352	0.360407503346	-0.911771368354
-1.10988092063	1.40372908632	-0.199414653628
-0.716009050114	0.228419484297	0.65966323177
1.513997378	0.499762015661	-0.715439373298
0.54193446678	-0.620371084112	0.566962742792
1.84319897358	0.496595774596	1.21377444467
-0.962952064063	-0.231352171656	0.138562242286
-0.508726272767	-1.18438155113	1.05822804715
-0.267528342292	0.655713165134	0.706023251133
-1.79926156619	-1.39427772474	1.42779330209
-0.147786052457	-0.442778892201	-0.884367647147
0.444299604917	-1.8650893729	-1.20493534447
0.58969247969	-0.587462120186	-0.554212086428
-0.829547813123	-1.76010503585	1.45194536252
0.64586066959	-0.760438902214	0.0677987571857
0.586334898282	0.360925572439	1.30237020999
0.767845844274	-0.356886622598	0.532019452691
-0.670226526322	0.601852654965	0.917010055189
0.524846722187	0.846455690207	0.0897144510467
-0.78372294755	-0.0636525038245	-0.176911106673
-0.4106915801	-0.804614035345	0.428869071118
-1.01763818961	1.73648698627	-2.09890801276
0.121806785123	0.669917519663	0.732375329969
1.42330706101	-1.47268524591	0.772885407589
-0.906502229857	-0.118219450945	-0.405312063333
0.830088554488	1.6498701956	1.23318528582
-0.0717722251837	0.0467560542675	0.996324555093
0.316026722763	-1.46259471569	-0.097936987877
0.0267472556255	0.407024915054	0.913025357174
-1.70884007729	0.600925524542	-1.79027795084
0.783055166571	-0.583523800435	0.215231457812
0.753670631285	-1.1501283514	-0.350979287559
0.75977758214	0.466297458371	-0.45310562344
-1.51547225574	1.66618488463	-1.98736454723
0.490222722143	0.102970394461	-0.86549337407
-2.10104601865	2.09522893292	-1.42649362413
-0.356462702118	0.656075179499	-0.665206509923
-1.81678858992	1.9636850156	0.708473271703
0.686572960177	0.283241961349	0.669620460922
-1.03874646599	-0.276475009205	1.47099391164
-0.800442453611	-0.587228098002	0.120229112006
1.01368994556	1.6346047864	-0.419427297178
0.517489416818	-0.0636275390827	0.853320713303
-0.862485876805	2.08508856775	-2.01386880235
0.523736488611	-0.272884727844	0.80699071606
0.85094636025	-0.946994643856	-0.759451808533
0.668280772067	-0.686919863673	0.285555442212
-2.05612680785	-1.05960478703	1.82449303154
0.047013332462	0.372422186128	0.926871869166
1.70760432218	0.942529137372	1.1468782363
0.464237743034	0.58512695321	-0.664913352678
1.6542086939	0.26727114735	-1.15837369584
0.684764914772	-0.727409826554	-0.0444067081654
-0.843780532551	-1.3234935031	1.96773706088
-0.092669498412	-0.445982922126	-0.890231204371
1.08655259148	0.513992390793	-0.565354416024
-0.525076758642	-0.636175564437	-0.565309692776
1.13489319492	1.15268189889	0.400564470134
-0.783639643278	0.372770440699	-0.496941755163
-1.49632344128	0.120362431039	1.3221668449
0.157018212723	-0.103504782582	-0.98215683109
-1.18991885408	1.63606085277	0.106714816009
-0.374968665525	-0.779294199622	-0.502094662698
1.84312978679	-0.195981482895	-1.44212559974
0.761018588248	-0.648221241585	-0.0256891085781
-1.51029618527	-1.04152268735	-1.5396864856
0.623409834242	0.65215937657	-0.431333196174
1.28826930783	-1.22429818198	0.928613048878
-0.853136512647	-0.251759060254	0.456919540367
1.63746226248	-1.7305670064	0.107669661953
-0.627838265659	-0.229900684194	0.7436160216
2.11246178098	0.721772080661	0.0257565881242
0.674632281982	-0.661516225781	-0.327517277614
-1.16854002899	1.76160075061	-1.33877955955
-0.827714046527	0.272583587878	0.490497344337
0.109801390888	-0.962447946253	-0.787709393732
0.591002749778	-0.780159931654	-0.205100538263
-1.51835160423	1.76318092418	-0.724227917767
0.796586996669	-0.464612650038	0.38676122112
-1.1456074364	1.99791351236	-1.05862065438
-0.500439874097	-0.79907718036	-0.333220035774
-1.66339641662	0.373975240481	1.74550489475
-0.894126806436	-0.189124011196	0.405917925696
-1.69887066657	2.10072983437	-1.04296057195
-0.468221701616	-0.87614362613	0.114633261003
-0.491077604823	0.777359722169	2.10203778585
-0.0428894520157	0.794844383697	0.60529571336
0.505229354596	-0.498050251676	-0.477972340989
0.303450274778	-0.560433211912	-0.770605311248
-1.34458413659	2.15313696898	2.07753212417
-0.296612417429	-0.775892414764	-0.556787243513
-0.992228316636	0.742585389325	-0.345675959184
0.812754670751	0.526146994019	0.250198293074
-1.57988444379	-0.455652866619	0.296544123804
0.252713426791	-0.700279358139	0.66764117944
0.171394216343	-0.782766718239	1.56405236839
-0.558035699407	0.829276104654	0.0299549734882
1.79139035346	-2.03008461099	1.36541507717
-0.646142752572	0.708843744142	0.282913572828
-1.43437752988	-1.0637988387	0.412083169875
0.964796431836	-0.262819319693	-0.0096876371005
-0.699835712545	1.67934325402	-1.92232441052
0.763017519095	0.575342219619	0.294593950851
-1.57311675673	0.563960055828	-2.06617030348
0.603732153985	0.638235166746	0.477664482847
-0.242451099401	1.11692255633	-1.10616728179
0.531763578274	0.518694644026	0.669464982714
-1.72071916507	1.58317202959	2.02848756973
-0.188889223516	-0.432444126862	0.881653525134
0.610492595427	1.94533933873	-0.653713127843
-0.865105102768	0.316893981623	-0.388807620266
0.198257503479	1.55680493989	0.384887674069
-0.279722892705	-0.717043170015	-0.638438873842
0.37568684114	-1.66450160896	-1.45460219845
-0.63846123984	0.559037164591	0.529003491319
-1.65830340498	1.51026776333	-1.69799965755
-0.675011658422	0.111276647108	0.729367375746
0.42336413282	-1.39010265696	2.00622538955
0.902168528908	0.1991754476	0.382650083655
-1.11131080397	-0.742771100552	0.0312406787718
-0.136657757616	0.763056946411	-0.631718888286
1.34479101453	-0.763884861214	-1.31995493652
0.719156375937	-0.361831899981	0.593204672188
1.7592850977	0.488645475233	1.73201573384
0.554569850283	-0.402152803117	-0.728509028154
1.56364333597	-0.430650849669	-1.72000861137
-0.660032093068	-0.713024998962	0.236543837323
1.93423347541	2.13191403861	1.08208707403
0.408603601682	0.910428503837	-0.0645215940101
0.840407827702	-0.365796449509	-1.66948124126
-0.0104362350097	-0.432412609511	0.901615450253
0.996337532878	0.426792658927	2.08574540813
0.257171027391	0.485892059448	0.835327462278
-0.0141973694747	1.46080702011	0.338525608268
0.400322940823	0.602935450623	0.690079984808
0.502501117044	0.5351589087	1.74250276243
-0.629707518039	0.197313053899	-0.751356107639
-1.77626504896	1.56680830655	-0.647925789173
-0.905361681594	-0.0209334913286	0.424124998606
-0.541761171131	-0.310885447667	-0.193158533797
-0.598722162298	-0.293902963285	0.745085780662
1.48201470651	-0.809329456464	-1.16938860307
0.941736062227	-0.27439233122	0.194530300129
-1.24181462798	1.87998664815	1.87734867146
-0.932466691913	0.323239620063	0.161313410772
-0.326878025961	1.49293751035	0.194331361277
-0.754053701791	0.656360093442	-0.0243811925999
0.707202397366	0.38796295512	-1.90778249377
0.29223928258	-0.439307537437	-0.849473418812
2.00979088787	0.626427140065	0.419457106382
0.333087422086	-0.180900279717	0.925379845278
1.19058863393	0.936532564006	1.77565022709
-0.627772229426	0.747336752755	0.217691997886
-0.898015457456	1.32624320204	-1.59315347505
-0.555151364898	0.831693090756	0.00967289201434
-1.7123398536	-1.00364090527	1.94458360156
0.967060655147	0.207620850232	-0.147265990018
0.477168828008	0.274338008826	0.203192804474
-0.529038933939	0.387955064327	0.754724237347
-1.38681273192	2.10906097462	1.79104838749
-0.408151327444	-0.580576393468	0.704516532988
-1.94392828351	-2.03835063885	-1.43395259773
-0.555704749148	0.533126444133	-0.637940770245
1.20736541605	-1.22717555649	0.700129380532
0.265577049059	0.342150267866	-0.901333470594
-0.622426982683	1.60766157494	0.948760762351
-0.590910914285	0.718657277433	0.366546053003
0.853498319756	-0.977800579698	0.253286096761
0.382380550896	-0.92058563354	-0.0794179174768
-1.70413121334	1.73831076862	-1.38387090317
-0.699427929876	-0.693968599285	0.170903932417
-0.842075286817	-1.87999976076	-2.12937847575
0.6438151718	-0.625602062655	0.440595147228
1.98625280635	1.82178919698	0.342489861979
-0.146744436811	0.576920436009	0.803510348894
-1.40611734628	0.177296962285	-1.58140760418
0.830441521081	-0.527396925262	-0.179497530037
-0.262347425291	-0.118946335753	1.22915893178
-0.209120844842	0.946966641973	-0.243972644456
-1.67227262314	1.40480775394	1.78004498852
0.691605934934	-0.619330246979	0.371633254621
0.272315679714	-1.09574133287	-1.96271520846
0.645696683854	-0.761604859604	-0.0550802168487
1.00073645341	0.637217876446	2.09468512385
-0.83999626269	0.286853032738	-0.460566625231
1.26047660836	-0.449124373029	-0.370056390839
-0.48828181855	-0.779649731317	0.392080555665
1.98648030862	2.10033972241	1.99576052606
0.655562825893	-0.433025635007	0.618648673105
0.670268586644	-0.679863050514	-0.863621849519
-0.821804371734	0.11225501551	-0.558602171578
-0.164802130206	-0.805386538322	-2.14153612959
0.929685627133	-0.0897105638668	-0.357262717664
0.270208547668	0.30328105217	0.964581970016
-0.319021954209	0.112568955905	0.941038374828
-0.613281592558	1.09359102123	-1.55127518681
0.710257487195	0.595428350627	0.375498843078
1.45348598706	0.361475898371	1.16648843146
-0.365340429312	-0.618951888209	0.695287660464
1.81574029186	-0.999240083511	-0.527886151723
-0.671881744799	0.488640186868	0.556601912306
-1.56334799204	0.829181640084	-1.72266336022
-0.597702971693	-0.750883233659	-0.280936873762
0.0154198804066	0.844306939894	2.10219243282
-0.176370691896	0.961442374704	0.211002225494
1.14831703039	-0.715001212787	-2.03599095766
0.975324339022	-0.205729535965	0.0801111212199
-0.526254658468	-0.302669840121	0.867077218525
0.983386361199	0.0785791620126	-0.163635509301
0.836284538507	0.426937252158	0.541046435745
0.706719637763	-0.590494266719	-0.389697157512
1.24840557401	1.23052335935	1.67119054061
0.843462455034	-0.425874691957	0.327416911136
1.74389307883	-0.260239758394	0.563281321176
-0.392062596395	-0.053726693642	0.918368315491
-2.06222777776	-1.27891508831	-2.02070789115
-0.575608054923	0.658581081205	0.484712622681
1.70879769731	1.52384700915	-1.26568381938
0.916597117596	0.303513027089	0.260249046881
-1.31859273215	0.843403526283	2.14356714729
-0.596675966344	-0.801363599873	0.0423576673901
2.10366822917	-1.4320542796	-0.408931092683
-0.358928438773	-0.760314651272	-0.54137972524
-0.74109276775	-0.853020889365	-1.35856140619
-0.780321018687	-0.554922446241	-0.288375079459
0.563240549927	1.9015332239	0.780541045885
-0.279448093784	-0.945492722368	0.167189338268
-2.13686779642	-1.39166333055	0.44341602653
-0.139792636761	0.757091492042	-0.6381774764
-0.00652716748126	0.484720881443	-0.754701604918
-0.476487303015	0.639379018265	-0.603452003947
1.49689999719	-0.233603566111	0.193664643065
-0.824196014397	-0.406302053501	0.394486465133
0.79325769726	-1.80506776945	0.860690175516
0.463930968034	-0.690311804622	-0.555191560904
0.560025352328	1.698721885	0.706863966888
0.129294935782	0.0615669128117	-0.989693050813
0.410767480746	1.31751710886	0.622752204797
0.498336984304	-0.642730722575	-0.581856913969
-0.491714943168	-1.85133711502	0.708811610476
0.684134117068	0.333103399754	0.648847158379
1.52537651244	-1.34170162199	2.15183264037
-0.473010083768	0.873941868386	-0.11174556517
-1.74214013814	-0.995965588574	0.788940259572
0.532387044065	0.784743667409	-0.317397876131
-1.35204543792	0.988873575311	1.83499532611
0.604028192198	0.552606010504	0.574261734912
-1.26247875285	-1.62783311962	1.85831035227
0.695194204129	0.661951723503	-0.280223008151
-0.384075394476	-0.0361768864605	-1.97706731164
-0.630765437749	-0.726212282696	-0.273405711356
-1.58639440832	1.26217268961	-0.407302484573
0.546798969926	-0.303350371381	-0.780377753829
0.196560315655	0.0622288121042	-0.521376199869
-0.649269425311	0.49900785639	-0.573968964856
-1.35904302992	-0.0515858043328	-0.275816948319
-0.827837554262	0.538513785771	-0.15712379288
-0.0414530770267	1.84096310737	1.22688751763
0.425032138219	-0.820610256712	0.382029433499
1.42311988129	-2.04073083159	-1.02699584535
0.600589485243	-0.408589112798	0.68727520479
1.85757967241	-1.23132864663	-0.161545084321
0.278089888199	-0.238561980117	0.930459131679
-2.10133763683	1.29474308821	-1.85076568662
0.791971960929	-0.442853487769	0.420310839111
-0.764635550024	-1.7071747812	-0.225447958707
0.00906127146709	-0.673678160689	0.738969301913
-0.0624629000353	1.75211056883	-0.528495974058
-0.639952512285	-0.582369137776	0.501305265667
-0.573847322973	-1.69680704081	1.17237640668
-0.34247413373	0.669373059891	-0.659280800887
1.16827790153	1.82080515691	0.805198392947
-0.23607836368	0.67952319994	-0.694633159981
1.37760173095	-1.67685934562	-2.01816833894
-0.870905506997	-0.0733502588765	-0.485945817355
-1.64786196851	2.01578289996	-1.54005892661
0.633106285399	0.765406985253	0.115449462166
-0.870799135733	-1.12354326708	-0.328695212689
0.527970803939	0.566170646278	0.633006816299
1.99681147152	-1.42940806005	1.24701973857
-0.4111300572	-0.909322745159	0.0640641959459
-1.355605905	-0.00534585221604	-1.30192993264
0.509132419631	-0.728213237841	0.458791520751
1.5069703748	1.85963495486	-0.336581178702
0.620762349909	-0.583054595238	-0.524119684716
0.341580751365	-1.29560846275	-1.51982516498
-0.441253447688	-0.896060063863	0.0487006863839
-0.41424177592	-0.786886346198	-0.661291558335
-0.567653345018	0.491370900389	0.660548497948
1.85226995017	-1.12961782246	-1.90023923673
0.345875275107	0.922052995591	-0.173748575218
1.94442193343	-1.87959379225	0.226367661612
0.653949342733	0.165712295357	0.738166439434
-1.06299016241	0.38255583179	1.50632023462
-0.536018264107	0.707884488885	-0.459982576779
-1.6885134136	0.369571907446	0.565369259323
-0.115329535899	0.957031839369	-0.266062317104
-1.24713176196	-1.97261895956	1.92338922001
-0.180949214588	0.950547638922	-0.252421409314
-1.89819894396	-0.425563680987	-1.69864867185
0.482450814742	-0.658803512454	-0.577251369278
-0.510219652388	-1.80168786902	1.63191128026
-0.353026943116	0.692589996116	0.62903980376
-1.12798998682	0.613878208522	-0.640237053163
-0.441562574484	-0.511661676195	0.737037870078
0.395130203535	-0.980439595236	-0.512732368619
0.0422145688289	-0.998610907858	-0.0315306975044
0.214556685219	-0.236283178741	0.394216757639
0.84712459926	-0.274838267486	0.454800879566
2.12980541332	-0.363188767796	-1.20209449283
0.261162981848	0.609162969881	0.748808635793
0.908670066509	1.12573620114	0.591604276093
0.576306916526	-0.4915685489	0.652863461756
1.63859480294	0.0278491034693	-1.40669132337
0.811631650503	0.344292711897	-0.471928588281
0.832426782602	2.09980785248	-1.71235389203
0.632227616963	-0.682982284112	0.365818862196
0.376970494483	-1.58618744661	-0.978611486507
0.258384374634	-0.723510570709	-0.640132774522
0.33382971535	1.14150236803	0.906549662594
-0.47721432829	-0.539109340358	-0.693993950992
0.193026837246	0.919376441167	1.93595375952
0.794880993536	0.239078746521	0.557678723887
0.118535679276	-0.308358343707	-1.82510054256
0.149752562762	0.899544683927	0.410357809192
0.16290591064	0.927375757989	-1.03636461055
-0.113563328949	-0.993347605982	-0.0190762682097
-1.12327641395	-0.627400278191	-0.744666810092
-0.726359778855	-0.284706025	-0.625574896388
0.527563454045	0.930164043029	0.39632166248
0.0259623317887	0.0390092345812	0.998901515138
1.46649572742	0.847285842356	-0.216355988879
-0.154012656856	0.73430207958	-0.661120682971
-1.14440287102	0.564220627257	1.57948197287
0.86841446975	-0.494353357504	0.0383544867335
1.27927872022	-0.854088828144	1.80455502701
-0.599378870361	-0.550558130827	-0.581059992036
1.82563394753	-1.73036561692	-1.05948933777
-0.834046491596	0.539620060324	-0.114789548098
1.82536469464	0.698171836646	-0.203567554119
-0.584273590554	0.725331926558	0.364030174157
-1.82463884391	0.37033654682	-0.616063861894
-0.649023148068	0.0788746005026	-0.756668851392
-0.294463930821	-0.978422741631	0.384821901819
0.145750395253	0.509485833935	0.848045404034
-1.1989600703	-1.33456627445	-0.275852781668
-0.356797958432	-0.827754622066	-0.433032911574
-1.35353213653	-0.447577007972	-0.81032339405
0.235755771399	0.0478476158425	0.970633721808
2.04130968954	0.396548207652	-1.49591765796
-0.251319477869	0.964799520598	-0.0774622817791
1.04472293248	0.842507697171	-0.781416983155
0.577963312034	0.667800726689	0.46904221492
