832
0.238138222237	1.99586080955	-0.132290396919
0.503118643742	-0.730267644847	-0.462148025213
0.738310285952	0.223850853046	1.03892415608
0.885246627553	0.283922004617	-0.368411052631
-0.981378349213	1.07789134561	0.0108126547661
-0.978576744689	0.0246195883108	0.204405065065
-2.96281835926	-2.88038413162	0.0240837416178
-0.40793526107	-0.855963121524	-0.317672720526
1.0979474696	-0.778380819386	0.21995544629
0.771093156154	-0.303504477862	-0.559732415043
1.07896448451	1.53611771739	2.37453237051
-0.677212849404	-0.730445324045	0.0885007637436
0.844637204965	0.949480519108	2.88949919222
0.582826538373	-0.589956281789	-0.558806596011
-3.01209628223	1.56334259219	1.53447933139
-0.759235932889	0.643529170165	-0.0971133634312
3.07877825122	-0.332248139056	0.362528425715
0.689052659038	-0.68494998225	-0.236748716765
-1.88632262676	2.33936061339	-0.665027518786
0.0698811477274	-0.776303254507	-0.626474167252
0.140784496884	-0.632202534882	1.90769444361
-0.922236078018	-0.280082046899	-0.266523288677
-1.83644156701	-2.12636191642	-2.82647749201
-0.0572446339272	-0.810356239495	-0.583134475912
2.08147178855	-0.517916598573	2.22228596279
-0.478519388606	0.3232758691	0.816401804987
-0.0562703063999	-3.04053773816	-0.108882879648
0.855653771786	0.0677519001027	0.513094828331
-0.949552991888	-1.79146599407	1.8827500919
-0.661062618047	-0.357671425163	-0.659596366456
3.183119766	-0.00958345747244	3.12303278659
-0.044442881609	0.620932266203	-0.782603316542
-2.93807472151	-2.89076470781	2.35006706173
0.651581084562	-0.427044351812	-0.626957105252
0.314467209423	0.959309614788	-0.495736531768
0.86945713044	0.220996980601	-0.441819683686
-1.52870703972	-1.93907012355	-2.4312652122
0.288335926839	-0.586501716561	0.756887131457
2.07911624309	-1.18000488622	1.20905784544
0.144224530438	-0.955905747495	-0.2558192462
2.84641743264	-0.0383212987689	2.73936779585
0.555620499288	-0.597432853209	0.578238572457
-0.562496889825	-1.8725177547	-1.84491651052
-0.356470946787	-0.739822865133	-0.570605461176
-1.23654614715	2.78910347289	-0.93609481095
-0.903654658629	0.252839571728	-0.345659382784
1.62681528453	3.05723392118	0.362973918496
0.137193609435	-0.986973340847	-0.0840329577455
-0.730792307154	-1.94102373998	0.436751829585
-0.568281231289	-0.658531536209	0.493348414391
-2.14515787784	-2.52462438559	0.912958963583
0.679861515155	-0.47069762174	0.562345151219
0.46825136777	2.84937802978	2.32365847876
0.672713148944	-0.314230395962	-0.669862879619
0.905972046967	-0.762473963524	-1.08915094036
0.161697027224	0.932720485004	0.322314393474
0.684785305175	-0.843652369192	1.30546671354
0.615302750389	-0.632099531647	-0.471012428133
0.11635817382	2.93467610604	-0.264905197665
-0.95941272666	0.262799392839	-0.102292223777
-0.665353623946	-2.19430796273	1.39765230483
0.692946633511	-0.691814129725	-0.203022592385
-1.64948462144	-1.67256272297	-0.313791892028
0.598526458125	-0.800846431297	-0.0202749205383
2.53509812416	1.08964944	1.58164212549
-0.260625168147	-0.291262067699	-0.920456913521
1.14539643045	-1.85293887435	0.68589059512
-0.350699881889	-0.766312821121	0.538306839107
2.93569225975	-1.18931474675	3.19286376208
0.952489211351	0.173575141955	0.250271796964
2.32433306338	0.87084499806	-2.37095043185
0.370600118032	0.354211020999	0.858597755132
-1.96144494864	-1.33467124593	-1.64753147219
0.925678299596	-0.235928004277	-0.295732416984
0.205750587006	-0.318569229253	2.13143239952
0.0131103885633	0.999674551405	-0.0218839892591
-2.83539458565	-2.92484450428	-0.402738249521
-0.609698727852	0.704990283999	0.36229292116
-1.86069330472	2.0914781596	-0.0288211107259
-0.898686542433	-0.298860052281	0.321006491524
3.17713292347	-2.56146447538	-2.71390714313
0.816724616204	-0.56555764255	-0.114479055899
-2.16736675845	-0.208665832833	0.413578421412
-0.291974727731	0.842532582349	0.452647330762
1.6963902432	-0.814765785885	2.67453383265
0.966325148279	0.156493927734	-0.204267859405
2.774826819	-1.58524881996	2.5770434843
-0.466080730318	-0.526264460482	-0.71120634872
2.91793486634	0.0366212523327	-0.376745835874
-0.974658329753	0.202031573299	-0.0960436548324
-1.62994218514	2.67362577881	0.768692907735
0.1443933773	-0.112054266854	0.983155325405
-2.37684695912	1.1017474373	2.75048221395
-0.579747153867	-0.645209605387	0.497592004256
-2.79164581119	-0.619082870981	2.2861234061
-0.71020466198	-0.423106405699	0.562663582932
-0.938141495814	2.81575068102	-1.90476969619
0.786017798569	-0.6093770938	0.104094081894
2.5517923357	0.97174618326	1.278793602
0.0663404061255	0.343276383058	0.936888614164
-3.17186521037	-3.11416447256	1.29442246669
0.347694856374	0.44358898727	0.826036982964
-2.30332050799	2.02659694132	1.37440254339
0.528217701687	-0.307312667942	0.791545945443
-2.55185682114	0.653587409905	-2.54283953034
0.611147246855	0.504191935099	-0.610155336978
0.23668097483	-1.27354874305	0.0130344376466
0.256949138418	-0.90030994728	0.351310602025
2.32885709167	-2.90235685278	-0.379139418548
0.582072710885	0.585118573636	-0.564648221488
-0.505015072826	1.68353460935	2.22809762239
-0.644658356204	0.595509068882	0.479358480321
-2.12862902042	-1.63041023634	-1.60633429459
0.0977397273391	-0.302038469676	-0.948271959163
0.313827678971	-1.77285944327	-1.65315372442
-0.78370848248	-0.0568529009846	-0.618521432238
-2.53535605111	-0.838291628686	1.92087927318
-0.709518128336	0.529575327564	0.464902138087
-2.55446586152	0.296271354821	0.16010610003
-0.139929208036	-0.699871733784	0.700427992722
2.02206738953	-1.86009937658	1.36592754108
-0.0140168428213	0.945712421736	-0.324702238198
-2.23575872955	-0.563712773984	2.27691795011
0.602900849525	0.615244790407	0.507921660809
0.781123883133	-2.52511817543	-2.98710702023
0.594933335255	0.787061517837	-0.163059785789
2.87532597985	1.24420975619	0.496951067453
0.254781985279	-0.813784912997	0.522341129298
1.61850650897	-0.973753835444	2.45764138369
-0.909731457331	-0.331545755088	-0.249932166449
-0.0471191577249	-2.14070945591	0.517084512404
0.610361744969	0.600313123194	-0.516800439628
-0.940532013621	2.01627298864	0.769687734946
0.470841508924	-0.590910824796	0.655082186151
-2.31723309598	1.57780671613	2.86982490411
-0.817533571754	-0.108395055413	-0.565587633367
-1.46294528557	1.67227468797	1.08804674863
0.150388958098	0.781262044597	0.605815796224
-1.20829868278	-1.36404984619	0.560070233208
0.552505985615	0.00888814234826	-0.833461538876
1.02437671514	2.98584382463	-2.58046318084
0.677170987474	0.557854806536	-0.479830666536
-1.36996074359	0.990076931236	0.907095944232
0.363923740823	0.475520575813	-0.800899302561
-0.125001033345	2.0617868066	0.122237235703
0.857887850882	-0.448017163148	0.251612910708
-2.91189449198	-1.06380755655	2.80368976442
-0.193875888815	-0.923552009219	-0.330853178924
-2.41995508376	0.551725260835	3.15049013923
0.821623459961	-0.531233324715	0.206702793293
-0.51751845118	-1.2550824769	0.100201250327
0.0247347236482	-0.53386505619	0.845207841436
2.84231079903	1.5352033023	0.559414499191
-0.392299167399	-0.427312592614	-0.81455835362
2.59970448316	2.78764259078	1.68064314181
0.821206527705	0.133276999032	-0.554848700444
-1.48121267943	3.05409260458	-2.49882107202
-0.749992703809	0.51534296959	-0.414647522514
0.664437312471	1.96498656725	-0.0284961120333
-0.381603392599	-0.610916816778	0.69365661082
2.18146876289	-1.58022089357	2.66430223288
-0.327236037997	0.358376815009	0.874346975691
1.04202746746	-1.44607337728	-3.03321044436
0.61265739134	-0.786793283445	-0.0748815729166
-1.19862492031	2.81776880943	-2.23364750146
0.400433225295	-0.283325245782	-0.871424143103
-0.0849283070186	-2.0468048443	1.90602706761
-0.598923652262	0.673026940761	-0.433964509805
1.61759144044	0.683299543081	-0.629612782996
0.614689676424	-0.761713832352	-0.204813669714
-0.438558104491	-1.5403462972	-2.72962062419
-0.813081521465	0.154742767721	-0.561206838243
1.62300673299	1.05179767247	-1.02280735431
-0.741946369647	-0.583595001969	0.330049175495
-2.2279294978	2.45636516837	-2.54072394594
0.816686908778	-0.510439178969	0.269210582266
-1.53911309319	-1.93419440022	-0.183302739332
0.397715833271	0.758605251282	0.516081571743
-1.27873494566	-3.05135066621	-2.74381576259
-0.537426225716	-0.102947482719	-0.837003505198
-0.954382567365	2.5642181842	-0.68118420431
-0.790507856143	0.609340082529	0.0616603048929
-1.43849942853	-1.68709627555	1.65985118967
-0.697815227918	0.664408290918	-0.267610782004
2.43585529338	2.84376423279	-2.35891837508
-0.647645514755	0.689810718224	0.323599227811
-0.564247636786	-3.12470836731	1.70484209829
-0.608193698925	-0.576814373315	-0.54533072839
2.80564987881	0.0448919308377	-1.54757247626
0.723416434152	0.231874234617	0.650309927742
-0.341264431777	-0.149581312154	-0.210875607126
-0.260283101277	-0.66375972753	-0.701195929323
1.26408042958	1.08494003441	-1.3164556585
-0.302893643228	-0.140338491164	0.942634896866
3.0815689998	2.33604557251	1.25743182071
0.877648918572	-0.017885558683	-0.478970231351
-2.7428864561	-2.10580563114	-0.489069756383
0.0618996117937	0.62448794884	0.778577703131
-2.21402406667	0.675386646283	2.26052202814
-0.418420825735	-0.863808862026	-0.28063902522
-2.79913282697	-0.0550744626087	-2.48225549262
0.785362261827	0.42850351812	0.446755920673
-2.19165517914	-1.82228099346	3.01879636749
-0.452327644984	-0.568956456412	0.68679564085
-2.1695786928	-1.40462992679	-2.64147455564
-0.152623450561	0.730665296225	-0.665457968042
1.53690924501	-0.57437209552	2.98798500571
-0.879216530932	0.369003698505	-0.301354545718
2.94920489459	2.95762916994	-2.16770311369
-0.435771121318	0.231656930801	0.869734784999
0.623047022519	1.2889059149	-0.977913704584
-0.0499590948923	0.703234915835	-0.709200071904
2.4663708263	0.531191489039	-0.0146904693221
0.794898855246	-0.358366113515	-0.489601407896
1.93792098546	-2.56528230088	0.319270342475
-0.598629827158	0.723533014115	-0.34371835494
3.14139780122	2.16017958075	-1.72450276128
0.841185131339	-0.0730567338368	-0.535789406815
1.46398051744	1.32962482983	1.78106942359
0.679366753938	-0.499957831782	-0.537124734194
2.19525784766	-1.55469531698	0.727867652533
0.368524208298	-0.760950852684	-0.533988490229
2.67644876901	-1.23911835638	-3.19443332391
0.508693462889	-0.422308169435	0.75025780292
1.29134146587	1.54887562203	2.38193443861
-0.190002801569	0.7564677555	0.625823833266
1.23413656106	-2.77857694549	0.348868815628
0.522481738791	-0.411873093366	-0.746574435399
-0.0150052888338	-1.34205856499	3.02686557544
0.601898276003	-0.796892728007	-0.0517730180085
2.51209720107	0.99770953677	-2.53119904366
-0.339736419036	0.885880014027	-0.31590467918
1.10752460701	0.133371607839	0.156070073427
-0.447117719434	-0.74476902542	0.495383531966
-2.68780810449	-1.34806802662	2.32533344104
0.17020650486	0.972697758136	-0.157761899777
-2.70886114479	0.27565175335	-1.04539729626
-0.0735535346599	0.955944087088	0.284184411784
1.2830621113	-0.679828953684	-1.84220730836
-0.836879042554	0.0681071796596	-0.543134311393
-0.713206977574	2.93809926424	-1.99373872697
-0.810734223287	0.557713990382	0.177946969976
-1.32457739013	0.116072677674	-2.94855929566
-0.0595321982398	-0.961507456303	0.268252360375
-1.90573443692	-2.89100490617	-0.408254005956
0.439950631444	0.655528142139	-0.613780332656
-2.46316009768	-1.8990697836	-1.72850084662
-0.416211164961	0.784525370891	-0.459660971357
3.00427228016	2.27277948102	3.17649378515
-0.712716517754	0.679995700458	-0.17216565476
0.702034741169	0.564883334412	1.75165665635
0.650174543774	0.753254816925	-0.0993994135151
1.32904451787	-0.743641683129	-0.531008653009
0.0904535231765	0.966390085894	0.240641563392
1.29093747776	2.86434898071	-2.49311255153
0.513284888378	-0.58633237105	-0.626700067035
1.4842906426	-0.529609527133	2.6074990039
0.73319051688	0.256424327837	-0.62982396751
2.07461500444	-3.07893409562	-2.55208908066
0.365802683777	0.457502435179	-0.810481288092
1.50010099106	-1.38450165297	3.01802659533
-0.435793856738	0.19239553624	0.879242669611
-1.70068928158	-2.05932415395	-2.38700809226
0.840908408205	0.436857193145	0.319419538863
1.02334875269	-1.18790638224	2.97455611083
-0.913920498159	-0.312650914697	0.258841126146
-0.0513295507191	1.21593330436	1.79340027373
-0.587179528458	0.809188036771	-0.020854795788
-0.504845199028	-2.50496605909	1.25803960065
-0.325559758515	-0.397547996277	-0.857884860743
1.1081162971	-1.83888886338	-0.490684546455
-0.619194575418	0.245823753201	0.745767229191
1.71833661134	-0.564914020451	1.31497399785
0.601502872549	0.591667634511	-0.536771557171
2.61472101326	2.50165378852	-0.0365783151211
-0.490414026849	0.723342495055	-0.486075834739
2.26911519352	-2.82486594857	2.45931036929
0.140926785923	0.892715998743	-0.428016105535
-0.807029927354	-2.27834620856	-2.55564699648
-0.783218232777	-0.615594196114	-0.0872524243529
-2.00836345546	-1.38866103596	1.68552583395
0.750980304903	0.56019829593	-0.349580392593
-0.459701190406	-2.45230745892	-1.32429533303
0.121631513133	-0.11736560696	0.985612037932
3.12340016521	-1.21299433343	-0.279291285887
0.583641686458	-0.194853136898	0.78828588524
0.242466865981	-2.14034495012	-0.770915816159
-0.895276652388	-0.187364919304	-0.4041956243
0.670312040093	2.15572634347	-0.418224867163
0.180520723136	0.491573722696	-0.851919916232
1.97848741827	2.63289314776	-1.67855226299
-0.0468930530196	-0.829312033176	0.556814684799
-1.09354414936	1.2713287243	1.3534165897
-0.812281073907	-0.45196063772	0.368688267952
-2.77641347615	3.06049546759	0.723295753926
0.4939456273	-0.624606245966	0.604884083748
-2.21480042491	-2.96062878142	-1.89286852484
-0.249621354362	0.694003075546	-0.675313934833
2.81315252597	-1.21437458672	-0.55176400035
0.451007140124	0.759010145258	-0.469570185332
-2.11144649922	-2.75225413896	-2.30648295415
0.258158178534	0.175009739261	0.950118911516
-0.538826148427	1.76535748756	2.9576203487
-0.537302216638	0.629375690157	0.561420135581
0.301299180914	0.338352697309	-1.42094422824
0.731827171683	0.560998876385	-0.386922797832
-2.34171580018	-2.10679409349	2.65112067928
0.528299533253	-0.785689516081	-0.321856470316
1.72228327566	-1.79711244273	-1.50525977753
0.376597157383	-0.770778988861	0.513881631683
1.3772585122	0.227349726471	-2.28940511153
-0.262482189844	-0.559454951119	0.786201791962
-1.62813757157	2.04422140939	-0.50634714068
0.421187360155	-0.906730471769	-0.0210014097464
-2.80441516088	2.10682048973	0.665224102359
-0.367320284332	-0.755129783622	-0.543005357805
1.37912715493	-0.379107890708	2.71233916484
-0.427978414592	0.70277166073	-0.568283793116
0.96518730757	2.87505829237	-2.74835295951
-0.254065408163	-0.671780137421	-0.69581765955
3.02916190064	-1.34171894809	-1.91724158419
-0.540336571697	0.507698975177	0.67102767446
-2.12732094835	-2.79329054157	2.80283491267
0.0675697045905	-0.588036891546	-0.806006792281
0.867476275415	2.56960735097	-2.49808115144
0.0266046327845	-0.285985599602	0.957864515646
-1.32842029034	1.06495246016	1.7980186966
0.255819732234	0.545620824593	-0.798031440716
0.127669066642	2.46503526455	2.01585659829
-0.0861692138146	-0.943258402833	0.320684349595
-2.22111046218	-2.20490252723	-0.780565968135
0.96266504331	-0.0924491263981	0.254419286647
0.669655157589	2.31807298389	1.47724520475
-0.331209259653	0.49297182508	-0.804536640556
-1.02543371935	-2.35368386214	0.192511440903
0.367999530776	0.780323548765	-0.505639698393
-0.319515142565	-1.55492465205	-0.731345802762
0.171652155408	0.532331809863	-0.828950168437
-0.80500780937	-0.501563646745	-1.96507027669
-0.554012990646	0.140638388867	0.820542777539
2.33119910645	-2.08286957275	-2.68630648455
-0.0866794983713	-0.98690381391	0.136042370794
-0.620324524676	3.17791302498	-0.119138262244
0.816435779191	-0.392009399188	0.423982605074
-0.306389002168	-2.6125001515	2.41045041653
0.0738243337204	-0.849928275538	-0.521700962422
1.4438696083	1.19431230831	0.644413397895
-0.346462719022	-0.909355966124	0.230293966927
1.13477949746	0.854433287304	2.28123957763
-0.00202314965805	-0.577296220524	-0.816532290013
-1.68221837345	-0.583494973818	-2.00349764957
0.521050119301	0.753548409446	0.400838580725
2.97284860095	-0.77321307536	2.29054073543
-0.352974997296	0.888521743142	-0.293151433986
0.965534254155	2.13542283869	-0.812174655699
0.618587726896	-0.360732917469	-0.698012167794
-3.02551087207	1.98762422946	2.22942594418
-0.132615665592	0.621459633538	-0.772140537158
2.81652895448	-1.4661636111	1.28676863261
-0.534136308693	0.639291587804	-0.553176888073
2.98671713228	-0.155159338902	1.57680177724
-0.359921370464	0.507358061276	0.782971522306
-2.96242122361	-2.09771859911	-1.38246724321
0.593965646633	-0.559795951935	-0.577783093225
-0.315935686294	1.73645511074	-2.97099073538
0.718323737476	0.380092842184	0.582700986355
-1.85493809394	2.12593104504	-2.81929500146
0.583634037436	-0.808486087145	-0.0756409759258
1.08517492803	-0.804007344112	-1.95418874369
0.832260950608	0.541367510814	-0.119427502392
-2.27257911649	1.06852462991	2.98451940943
-0.665353626558	-0.444116698034	-0.600054089357
-1.6250970698	-2.76033615062	0.993900726431
-0.688357870034	0.528504314004	0.496836625906
-0.532090812476	-3.05824547816	2.21925576233
-0.517853418583	0.489496960868	0.701584322917
-0.192108736949	-1.53850795796	3.05762068894
-0.673511650646	-0.0658656690148	-0.736236218947
-0.919616637646	2.09541510338	-2.06994021689
-0.853127823152	-0.0172881243117	0.521415417993
1.78086369229	-0.737478451898	1.80733609221
-0.889503280161	0.431831686596	-0.149349620136
-1.06625678671	2.85467213623	2.52600853616
0.122400248555	-0.98154963333	0.146896209836
-1.37485754206	0.59675821956	1.80347635989
0.732434131808	-0.222835960813	-0.643338462344
-1.29870853424	1.5616103001	-1.86301125208
0.858008354597	-0.27685872817	-0.432632532386
2.57418789415	0.0762703836838	1.35179547657
-0.87607072948	-0.0669954477322	0.477505693088
1.97530180402	2.01303399742	1.28250401679
0.279294142841	-0.679444742981	0.678490694859
2.93351323562	-0.547333624668	-2.23022241908
0.0715662848077	-0.218060190672	-0.973307772559
1.16568749259	-3.10192026617	2.04949220743
-0.340351646671	0.826666609931	-0.448088242018
-3.06589155876	-2.32030459662	-2.71888987729
0.75121106082	-0.654652892388	-0.0843299032955
-2.58708048332	0.866603505235	2.99210496935
0.610804803539	0.791779866761	-0.00146101568106
1.90418731624	-2.75079638316	-2.60418518025
0.729427556922	0.415653979995	-0.543292930303
-2.36663086401	2.60866502402	-0.845928590504
0.574410152186	-0.400114557383	0.714115759549
1.77046621169	1.32597999807	2.87773760053
0.730350954639	-0.161618632038	-0.663676804503
0.306527025612	-2.34483187845	-2.5767060694
-0.783032230582	-0.119758987748	0.610342781331
2.4920479767	2.49723211295	1.00733091107
-0.260916409552	0.655739943803	-0.708468597277
-2.26275539931	0.892693961039	1.30379882081
0.553998728075	0.124173128742	-0.823204982608
-1.35436415944	1.76789382488	-1.49473042324
-0.759093173284	-0.618959546697	-0.201659698073
-2.56179535095	1.48434222347	0.794610105898
0.0770171777064	0.701729503377	0.708268351989
-1.41089491768	1.89731599107	-1.14728175344
0.578999303203	-0.486894461577	-0.653982866883
-1.61556939578	-2.87939843088	3.11645479233
-0.410226434168	-0.873964839503	-0.260575770213
2.01883838481	-2.38100003066	-1.75270130929
-0.786118246802	-0.588062424553	-0.190264780958
-2.80611488022	-2.7620401822	-1.07171431656
0.386521465373	0.906922068146	0.16761121417
1.11747372269	-0.503606775962	1.22906038625
0.720750244412	-0.692977968312	-0.0173384144214
-3.00753502394	-0.84477540195	-0.783957873796
0.774121428212	-0.631397698039	-0.0455297846848
2.67172705104	3.16721972607	-2.91803244253
-0.765146874592	-0.614011568259	-0.193752559589
1.4559080062	1.32436627918	-2.15058490255
0.662864039598	0.569340365132	-0.486274422151
-0.0749654310927	-2.15224445905	2.58578277358
0.0976563575916	0.51776950858	-0.849928215679
0.554192438872	-0.12704097589	0.871885846545
-0.162021340499	0.79574065745	0.583563099676
2.46942462891	-2.16541376613	-1.87660812095
-0.51239559191	0.661999115528	0.546999020502
-2.38371528426	0.639391917959	1.63710774419
-0.336540131744	-0.499216787373	0.798450586406
2.23461202767	1.55494256501	0.0239229655796
-0.551153256814	0.510871851818	0.659727245552
0.847868867569	-1.85871529468	1.0405091882
0.179521437028	0.982046917431	-0.0579301787601
-1.77513740517	0.564535151837	-2.76541211634
-0.256246988955	-0.106763007233	-0.960697216056
0.867796476481	0.981109948591	1.90673640776
0.47746514523	0.700962298926	-0.529791365138
-2.29016501156	0.928900986805	2.06458715438
-0.339861062824	0.267549609131	-0.9016161404
2.24572567193	0.995467962223	-1.24853605452
-0.0146609553228	0.901164511671	-0.433229245658
3.07592471146	1.85105665489	0.307839605661
-0.674495134262	0.728846540713	-0.117639423441
-1.49666070707	0.0737313121226	-2.54333057179
0.74128029273	-0.23285983045	0.629507606763
-0.611687249007	-3.00462350948	1.26772746101
0.150317884189	-0.854950740988	-0.496451169983
0.965695641925	2.65978335368	0.351565204998
0.100661246167	0.654881475239	-0.748997708213
-0.509869409546	-0.0898823520105	0.194906969545
0.955626802482	-0.187378678461	0.227302981141
2.37355490072	-0.83620348063	-1.8247303006
-0.286440056238	-0.702735626355	-0.651240918274
-2.84196978278	-0.664367540186	0.316402268898
-0.705506404532	0.11997474994	0.698474604077
0.548602678009	0.379320284682	0.214004496322
0.568355848881	-0.471213024617	-0.674484925312
0.68179899896	-0.577438749003	2.54335045234
0.917569398198	0.0843244997889	-0.388530279677
1.52051683024	2.81255181783	-0.275550078567
0.700500478589	-0.575005529654	0.422691045995
1.32340671688	0.694633218489	-2.06122521614
-0.824379039858	-0.0789720600946	0.560502107371
0.863778932872	2.09547154817	-1.53754190567
0.703013137069	-0.566068660152	-0.43050993148
-1.93332183966	-0.957558421029	1.68910059501
0.396436601212	-0.884485420467	0.246015369847
-2.69558456345	-1.34340638187	1.49421216515
0.0327667882071	-0.977663008779	0.207608715752
-0.425810898181	-2.23683021907	3.00376684132
-0.937447859625	-0.0160789603423	0.347754191231
3.01136044792	-2.78210704193	-1.35980909016
0.476452417201	-0.87067758357	0.122121413406
-1.59909014302	1.15419746488	0.482966760117
0.381194899692	-0.907074049214	0.178625635591
1.78739858176	2.50359938016	-0.215387267519
0.0285944398818	-0.87846053393	0.47695853943
-1.57365080708	-1.89388751692	-1.67313357748
0.786722759576	0.612640765307	0.0757534966073
-2.33461231526	0.773123268146	-0.107095800808
0.576496099185	-0.771680845179	-0.26862784816
0.553230745348	-1.72284913939	-0.0369225488037
-0.473483728478	0.76564971379	-0.435423557746
-0.783691496098	-0.861172115995	1.74922984418
0.440230188625	-0.747920809841	0.496801613553
-2.6804958045	0.862182887394	-1.68820937612
0.555894827594	0.826943698211	0.0845284605491
1.26938827501	1.97635239928	2.52241962019
0.655560581045	0.299203737836	0.693337903078
-2.88608686313	-1.87033680182	-2.45732205007
0.743859021598	0.644812259995	-0.175758087572
2.51211125636	-0.472384818204	0.124396396242
0.846923924694	-0.531305798735	0.0208330029572
2.32790740768	-2.04635930357	1.20133710307
0.45047106646	-0.846709062039	-0.283124676675
2.85855295418	-0.283707129538	2.90363531863
0.0864013715901	-0.546596968742	0.832926501409
-0.776952383764	-0.50267416748	3.04814023001
-0.153445636405	0.870139511357	-0.468307236164
2.03781078569	1.52927680716	-2.13710077599
-0.396361912544	0.504084586071	0.767330414079
-2.63631868257	2.83542486899	0.273091771042
-0.40740147703	-0.323670863755	-0.853967920047
1.1295749646	-0.432249263773	0.504389424986
-0.786811562721	-0.513207927389	-0.342848637206
3.14598314175	2.28744885871	-2.30593270548
-0.678868057948	0.5423026108	0.495021250268
-0.0905793311431	0.281373188426	1.70172838422
-0.310187980088	0.84903687471	-0.427691246569
2.37275140606	2.30787854422	2.82484040279
-0.0894728959213	0.559302904094	-0.824120660078
-2.53682201708	-2.97228902207	0.300504595909
0.483682548783	-0.721128536993	0.496008896228
-3.09083942902	1.38482733127	0.94994430864
-0.311460109032	0.779282880752	-0.543792968187
1.46664013227	-2.68138626578	-0.293046798447
0.565373808945	-0.824704273366	0.0146737060945
3.04408079733	-0.610849360844	-0.326065942325
-0.453959022702	0.889969339712	0.0433102768415
-1.82978657493	0.930208934765	-3.15490177619
-0.267621562272	-0.503620007373	0.821428991198
0.303467230175	-1.5986532823	-2.54505926959
-0.379989277745	0.554795127474	-0.74014222642
2.51010041478	-0.478913984786	1.16376459883
0.932533009811	0.32216765638	0.163064977221
-2.53643842076	-0.427654428212	-0.979521225178
0.338912573812	-0.677079905907	-0.653223597498
-1.25580672355	-0.233880369412	-2.81209902618
0.918221805933	-0.127024744234	-0.375144544757
2.20594536716	-2.16123409638	0.495979457351
0.863613245783	0.385059204563	0.325425215203
0.558955241192	-0.1551843404	-2.13796945087
-0.682456722343	0.440217752511	-0.583490490498
-0.736696697169	-2.8977349463	-1.54551611658
0.128048024587	0.530202706721	-0.83814604526
-0.0738644041317	-3.00924071701	-3.01264725932
-0.891279187152	-0.250949704417	0.377684599107
2.86764203133	-2.17381250387	0.156180792208
0.658228462445	-0.698087788905	0.281795546823
-2.5358211978	-2.94115412553	2.22708136699
0.695291158036	0.524146130734	0.491773361615
-0.653306772218	2.18649020246	1.9035191637
-0.622814569559	-0.466848518528	0.627817228732
-0.321012490887	1.58089467026	1.45529937212
0.618213098382	0.630579327253	-0.469235843717
-2.65132394356	-2.6647836801	1.66049869771
-0.644762405389	0.193425767366	-0.739505181264
0.0325141271427	1.62606477823	-2.32617133929
-0.701915856746	0.339790687982	-0.625984359556
-0.711879693769	1.18479960326	-2.28975019975
0.687867559618	-0.661693351767	-0.298328893425
2.1473699418	3.04690357572	1.72454997469
0.507375730519	0.816642721742	0.275071868984
0.73954560187	-2.07527657247	-2.33379969978
-0.584966438392	-0.690921172085	0.424784886644
3.04534548116	-2.66126841893	-1.55523204435
-0.766463149634	0.503171500866	0.399190031149
2.55007537468	0.329095845159	0.392850554316
-0.70585813806	-0.687271387542	-0.171529381744
-2.7204420985	-0.91364081247	1.41735208398
-0.899605896182	-0.320458303498	-0.296674412905
-3.02611971237	0.0349333753636	3.0197048985
0.154758072379	0.450706055427	0.879155271061
2.46611655405	1.43895508407	1.45770636882
0.929778593022	0.327063889739	-0.168940758809
-1.39362411395	-2.55134839151	-0.726627862822
-0.976822626736	0.165349811598	-0.135930113298
-1.88037549783	2.9155858652	-3.06802053312
-0.199258984733	-0.0562686957108	0.978330052123
-0.964193363903	-2.81963786595	-1.65827477356
-0.130524280149	0.797007322767	-0.589697159351
2.46866302703	2.68560773835	2.51442369471
-0.713836156371	-0.0416061872555	0.699075723394
0.0807928245626	-1.13500809338	-0.255244981925
-0.0312714408258	0.922404345451	-0.384957556727
0.656337369978	-0.56258071331	-0.289031679105
0.482776918401	0.843562851201	-0.235219393614
3.1608732187	2.22993393892	-0.807077405527
-0.470533524214	0.506535644521	-0.72250940715
-1.3158952665	0.518701316668	0.220939916002
0.28024396583	0.42249939659	0.86194987064
-0.16880378917	2.59113736466	-2.61636840393
-0.437090383957	-0.608532324853	-0.662299332524
2.38395399975	1.23253982958	-0.731380675213
-0.8779944935	0.415971762287	-0.236839950943
-2.35867846293	-1.93606802994	-0.993645328888
0.565843321609	0.681646274677	0.463874650751
-3.0327843165	-1.93193378281	-0.17166106813
0.346576613802	0.600241594119	0.720829161074
2.93158417879	-3.01587019515	2.65924534825
-0.552718692249	0.196046895399	-0.809980038052
2.6667642863	0.402714534908	0.765831383805
-0.715253779776	0.334975154475	-0.613354445977
-2.58281696233	-1.61810354586	-0.211787601419
-0.589212122922	-0.135775882804	-0.796488533408
0.698576147368	-0.961763158239	0.0965472187706
0.11824896289	-0.880323177449	0.459399919484
-0.603134265175	-1.10041521957	0.454767933557
-0.913503097048	-0.40131910174	-0.0667463127207
0.527996382887	-1.24955360789	1.52938692352
-0.310960662881	0.655951244138	-0.687772805114
-1.88396270416	-0.454562567965	-3.04303619035
-0.5268876925	-0.0174801731486	-0.849755142991
0.598382761063	0.980839205463	-2.53186587491
0.669857596156	-0.732854117648	-0.119229371877
-0.992538665584	0.189628409697	2.8159732734
0.766607108491	-0.0968769024494	0.634766419231
2.41253015836	2.22357845478	1.17627722163
0.943338496885	-0.243673228681	0.225246171819
-2.04001123272	1.93019430605	-3.17745873698
-0.0875911398985	-0.707344596465	-0.701420996309
-0.694879833902	0.990789859401	-3.18273789896
0.236031864454	-0.0276251943229	0.971352566065
2.45489317426	1.21778356546	-1.89143063084
-0.973079245567	0.120329897938	-0.196564232526
1.3972930362	2.07283134629	2.73085144605
-0.576271790752	-0.395051936158	0.715433288938
1.04448431615	-1.88563467308	0.994662582448
0.393605094536	0.575862628794	0.716559322257
0.724275804234	0.943133769709	1.75391508852
-0.372565620865	0.230372880479	0.89895672537
-0.0138214957174	2.54877424779	2.40618675549
0.621593014262	0.689277824094	0.37218034047
-2.73765506424	-1.50165708502	2.55427105518
0.657966251552	-0.736195166301	0.158420607666
-2.53940850914	-2.09679380573	0.487448311746
0.643972056078	-0.749110831535	0.155347845393
-0.128387433406	-0.265027937539	1.72973729389
0.487402501458	-0.643607346112	0.590091845057
2.40617053112	1.02734773396	-1.11912588191
-0.449059856154	0.832012755925	0.325729979536
-2.217993091	1.80371018341	-1.46718311735
-0.672150112479	0.107747613395	-0.732533055979
-0.935799636507	-0.870529869164	1.28874061225
-0.971909056815	-0.21375809596	-0.0984899065555
1.79262033726	-1.59122386259	0.888398856929
0.423307608021	0.712569497393	-0.559513521174
1.23033817468	1.01244227736	1.04581427346
0.329704927826	0.43505694155	-0.837866408311
0.79434220234	-2.95710338958	0.229253325481
-0.722324225898	-0.686427281803	0.0840553358067
1.39839640795	1.99353253264	-2.4422760021
0.474072682951	0.205539561313	0.856159202494
-0.542403992621	-2.37461143135	-1.50614757419
0.636833655455	0.671778910493	0.378359605002
0.921975370458	-0.419681416653	-2.46208941338
0.782776554158	0.469855390735	0.408040167212
0.0564804342362	1.05414853168	2.12287024776
-0.732933592267	0.0840001317024	-0.675094309857
-2.90701220736	1.27904760275	2.09620090914
-0.994792951065	-0.0604363964304	0.0820635515774
-1.7345309678	2.98198203445	-0.104760583813
-0.290080623569	0.633121499886	-0.717642249462
-0.751750603185	2.43273854948	-0.354531770122
0.423687878166	0.561614609907	-0.710688125576
-0.332538823945	-1.85804892229	-1.1552499869
0.445208742734	0.894222719805	-0.0464209303806
-0.873152894809	-0.563458492312	2.87101370741
0.394036397732	-0.708147518894	-0.585886003201
1.57217216178	-1.13180094473	-1.22725158149
-0.828027778908	-0.263030104545	0.495161752824
-2.06407086166	-2.91316056638	-1.35350320668
-0.831310337009	-0.225936662122	0.507814679083
-2.41686294677	2.15894077339	-1.68971392365
0.0801127579978	-0.328178617238	0.941212378368
-2.79114088973	2.96810947217	-0.051584421861
0.601574930752	-0.768819519571	-0.216850522289
-2.43738152035	1.86209316235	-3.18009508186
0.376374049316	-0.545755899863	0.748660852968
1.90345935506	1.53179413438	-1.61758054965
0.937554466428	-0.32223408417	-0.130984035213
-2.19314654356	1.04722236569	1.43271267044
0.00599224523875	-0.998408787342	-0.0560712613971
1.34572492992	2.67024313723	0.705826446378
-0.482634771577	0.873184945622	0.0679097047856
-0.609487057389	0.455335167125	-0.988155214989
0.491697301138	-0.409356300762	-0.7685448478
-0.940353392719	0.0854640286224	1.82719993186
-0.945339881169	-0.237626755084	-0.223307040505
2.37703607589	-0.744924722948	-2.97254352747
0.555291777013	-0.813203192745	0.174217133748
2.59433282999	1.75765619566	0.197807257391
0.569578547954	0.67334830608	-0.4713622136
1.13868483997	2.45036020927	-3.17597437337
0.403953036838	-0.340864083443	-0.848901419865
0.459159781968	2.07022924234	-0.37135833421
-0.600471914735	0.473304642439	0.644527885402
-1.98942881976	2.08136124316	1.0853395462
-0.686295663217	0.312461578639	-0.65678461045
2.58934877256	0.316668545775	0.590511913534
-0.668049171679	-0.120682605406	-0.734265628347
1.9596294587	-1.34203760061	1.17668969164
0.308925740301	0.628122960326	-0.7141613499
-0.150968354881	2.11636520426	1.76103871337
0.535238718591	0.263276006907	0.802623983138
-0.481064573822	-2.85686387643	-2.10682910439
0.801903940861	0.372705813719	-0.466948012151
-3.0096516958	-0.338791715737	2.06113942063
-0.250362223729	0.949671592455	0.188262113589
-1.48237061397	2.63888620791	-0.815664185375
0.50201076427	-0.395687120292	-0.769036342049
-1.19732078658	1.51112582699	0.18894328333
0.897634489418	0.369310146995	-0.240545918139
-0.838198978561	-1.38352793695	-1.70719611846
-0.588903100149	-0.0239256092748	0.807849431427
-0.155507773052	-0.322749910186	0.653906045325
-0.32226070892	-0.7993821188	-0.507086051503
-0.000114102155965	0.380788810543	-2.71371343008
-0.880070598689	-0.181018923703	0.43898506875
1.30766124197	-2.658688693	-0.420636439255
-0.849272734587	0.424313961805	0.314155191115
2.73139833084	-1.89968515446	-1.43973028295
0.535515550433	0.647170042285	0.542580898682
-2.63598354239	-0.139600692552	-1.96722555723
0.578225746125	0.49407596599	0.649264142201
2.80394329857	0.89763988628	-0.589214014071
0.983652106091	-0.178602524881	0.0230146103415
2.72734954492	-0.819810778443	-1.77468854373
-0.620812690664	-0.0522202029943	0.782217778825
-1.11767706356	-0.65491405616	-2.11112849881
0.0885978534748	0.715659018812	-0.692807757717
-0.192818794437	-2.04544319974	0.616062794782
0.739917639076	-0.0763723424306	-0.668348077499
-0.431499446899	3.14903187935	1.84115618588
-0.557624295111	-0.0434613869362	-0.828954916354
-2.07350091271	-1.99962226953	-1.12262144231
0.575891316555	0.631848378035	-0.518764704554
0.782205289136	-0.486356637231	1.09881222684
0.874590396995	-0.0863546524216	-0.477110586226
0.847231469877	-1.44870024696	0.700742495108
0.844008819817	0.302925208382	-0.442589460108
-0.231116185842	2.69902945995	0.156429267815
-0.0645483033243	-0.2229766853	0.972684385785
-1.67911696419	0.0739776165635	-0.46489973473
0.576406261261	0.710113352619	-0.404344962145
2.13236503096	-0.19755703875	-2.18011815476
-0.550012021625	0.287994424672	-0.78392983578
-0.394685741958	-2.13759621454	-1.26529329646
0.711514707875	-0.107319202082	-0.694427396739
1.74116978613	1.01191442577	-1.96427678778
-0.665432443869	0.712177225808	0.223614090984
-1.49991891708	1.62904595065	0.236205985042
-0.714332357846	-0.0154530258822	-0.699635967147
-2.00972558904	-1.37005381132	0.211047414604
0.754108899042	-0.448320941606	-0.479925100096
3.10742544582	2.08273707707	1.69175395363
-0.607439239088	-0.754425659407	0.248715691593
2.42424690507	-1.72130998958	1.80990597462
0.144475468832	-0.95914071415	0.243261031334
1.57570829562	1.0351693302	-0.102794470776
0.883625846269	0.146005016598	-0.444845927185
0.539901671256	2.33458037779	-0.410960747161
-0.890219654324	-0.442516357612	0.108112165372
1.82518928415	-2.65604706437	-1.03584471226
0.682992322509	0.489715938423	-0.541940759722
-3.03533551193	-0.517199282078	-1.85389345867
0.57496540986	0.538716177502	0.615791894686
1.33649470964	3.15877256887	-2.4763654958
0.769578307161	0.233827203359	-0.594200360246
-0.359789259551	1.27061173731	-2.03091342711
0.092348851887	0.692508194587	-0.715474730501
-2.01859533301	-1.74580626394	0.889415319083
-0.548097106555	0.453641970493	0.702707993688
-0.335955796521	1.81481679375	2.52586521904
-0.430043729209	0.835591397107	0.341832426853
-0.361390701345	-1.93751993336	-1.76897032912
-0.0593302280907	0.962301018292	-0.26543676126
-3.12230293936	0.630002572151	-2.57034227857
0.00656827750786	0.689554860707	0.724203667352
-0.194522645542	-2.81778668432	1.45042176721
0.0500745394853	-0.164209552423	0.985153675011
0.642739446434	-2.7601349514	0.523590274004
-0.573585964531	0.437078896408	-0.692792306256
2.42945687468	-1.6558548842	-0.170715894997
0.541266022168	0.763421398499	0.352446962762
3.06221074612	-0.341274587825	1.52349978196
-0.855040261648	-0.463261115738	0.233013496618
2.18104115184	2.97381143806	1.91077313994
-0.574772733473	0.384424844808	-0.722394520709
-2.46400239434	-1.8714164155	-0.150559204225
-0.354803171431	-0.0644593090002	0.932716305757
3.17719139712	-0.791561237753	-0.540951898594
-0.680306204344	-0.383464856171	0.62461041651
0.28066308833	3.0019301782	1.05963411437
-0.983474914333	0.128979183128	0.127049058227
-3.15406227097	-0.779122444532	-0.57463549969
0.636320430499	-0.586228759001	0.501430106644
-3.1444069846	-0.0912108528422	2.65578793093
0.16645872577	-0.452395964042	0.876144613824
-0.495724337206	1.36725989341	-0.148576126176
-0.422355053367	-0.872852723381	0.244426537391
-0.935397131358	-2.41018614497	2.50071231623
-0.936829030553	-0.162267304724	-0.309872053163
-0.639014028533	-0.231885369143	-2.02872150479
-0.713096883281	-0.137783849969	-0.68739249759
0.77594962227	2.22166041905	2.71689271739
-0.749889310518	0.0127236498568	0.661440950278
-2.33622768716	-1.25840494782	-0.567362301518
-0.508003674548	-0.62869971611	0.588785982857
-1.89406575072	-2.8546991001	1.4407998154
0.0618016868851	-0.445058175949	0.893366538168
0.43419443474	0.85448764316	-1.97316741831
0.663533289089	0.0946309902229	-0.7421378241
-1.69442149459	2.23055946158	-1.85580676171
-0.891142603576	0.446330356769	0.0815724997718
2.42003453702	1.95686881285	2.42473288439
0.0374699462029	0.70467919056	0.708535984635
1.19488677706	1.44598790781	0.130555979459
0.418887307113	0.740121571604	0.526073648063
-0.295476365985	-2.24016112025	-0.685257279366
-0.16946209036	0.985128998854	0.0283452914733
-1.4431398022	2.4481025639	-0.201052458984
-0.408358121135	0.40947333057	-0.815827945375
-2.0378617254	-0.626676397006	1.55582509049
0.903990593351	-0.0811885781276	-0.419773060016
1.85105345051	-1.79128321823	-2.68208874648
-0.367776406736	-0.915630744586	0.162360260586
3.0287054047	2.00045021808	0.0151609545402
0.576882039953	-0.516908269892	0.632465771799
-0.756114974975	2.97205263852	-1.39327932429
0.467696814608	-0.417389172018	0.779131547742
1.89684013557	1.415913797	-2.44727132421
0.634870769932	-0.315154444571	-0.705419578374
-2.36998174972	2.24220527709	1.35437289713
-0.842082069601	-0.429603038004	-0.326096638736
-0.33969118909	-1.67098751177	-0.0372610622067
-0.0574337774841	0.997547446429	0.0400056661924
2.9121738475	0.621529302527	-2.32625354742
-0.835812150295	-0.438696032003	0.330096714501
-0.780626868167	3.10574444762	3.06930261139
0.274469554209	0.334918064721	0.901385796281
-1.90680310425	0.904704814246	-2.44613654413
-0.345128685492	-0.509794521478	-0.788032826932
-2.84677021385	-0.809338961772	1.26686162158
-0.0250279194088	0.236258447014	0.971367875454
0.726523616125	-0.906256449267	2.91813686875
-0.201466611232	-0.928838764964	0.310917598824
-1.17421558286	-1.47406367488	2.72034299873
0.161030603048	-0.974896991289	-0.153769311824
2.44163000369	0.347213029172	-2.86202257336
-0.139105682858	-0.978766643038	-0.150550547898
-2.18629902088	0.672069502775	-0.683342068384
-0.804305437279	0.39708225741	-0.442061584412
-2.7217626569	0.591961336527	3.16451409346
0.31704084051	0.390671712032	-0.864211038385
-0.54393407946	-0.273726847278	-2.74105728744
-0.000303006213562	0.998728664829	-0.0504079580702
-0.988064866513	-2.03925449036	-1.34013845698
0.779578295739	0.413836094336	0.470103571394
-1.72107522191	-1.56702557589	-1.28213928346
0.505360138357	-0.754480137724	-0.41877303201
-0.217932073018	-0.585145352827	-2.12557804882
-0.610658798649	0.613136032309	-0.501158694944
2.12088235681	-2.56179194241	-1.71375000134
-0.838405932308	-0.244122848769	-0.487318712322
0.753276377142	-0.174464491321	0.650940156629
-0.572147467464	-0.634450043233	0.51973110174
-1.15825115888	0.21294509929	0.0315641098148
-0.43159643368	-0.568594404137	-0.700303449955
-1.16728428063	-2.98400165075	-0.0401803286529
-0.363111695881	-0.809234300468	0.461833025302
-0.916434451585	-1.84817762393	1.00533183922
0.98387915263	-0.04729196884	0.172468207805
-1.93549932301	1.65063008429	1.82474838065
0.990877920017	-0.131319104548	0.0302694632332
0.16629649077	0.758886284175	-2.36193615672
-0.97897284833	0.0609453999835	0.19467362547
-2.03163454617	2.24722684331	-1.87234761825
0.573188616561	-0.189494109511	-0.797211886706
0.185100782315	-1.15517886978	-1.5774222002
0.54168515805	0.225437564608	-0.809787067081
-1.55439712774	0.428012460916	-0.291145373444
-0.695796779036	-0.35284691656	-0.625592435822
2.86606751699	1.43031549552	1.50246216987
-0.698335100347	-0.229037551735	-0.678137071335
1.34801332978	-1.82399223596	-1.80501309205
0.659872267608	-0.562847052336	-0.497766798931
-1.07787422909	-0.718322820415	1.79161925218
0.639455648032	0.423560843774	-0.641632827886
-2.20135783804	0.454564977287	0.826553284799
0.511221416346	0.202533186337	-0.835244258826
1.33226260549	2.97767078361	0.905088195368
-0.235354683759	0.92363702748	-0.302494321104
0.0915663337327	2.13192554869	1.11324277703
0.458693463645	-0.766690228635	-0.449206411046
0.562268464546	0.572625215432	-0.209465950052
0.388245908861	0.823009590225	-0.414632763601
-1.47310531426	1.8785714197	0.729952771285
-0.619939931364	-0.43154562046	0.655318898676
1.40463402507	2.77187463173	1.57971121081
0.582694533676	0.372484607131	-0.722303466609
1.22719649763	-1.21248393982	3.12498777224
-0.0689336936577	0.941100430567	0.331025868273
0.169799300632	0.988597034104	-3.0363872521
0.968810821747	0.160542520217	0.188763584594
-1.01490208738	-1.26064258802	-0.16505922742
-0.238433943009	0.847379283238	0.474444522743
-2.06822862257	2.97558081506	1.28034588749
-0.091298494373	-0.926618462607	-0.364750338837
-1.5626939498	1.36482514798	-1.53119984883
0.851243852923	-0.411041491662	-0.326234263979
2.43124599877	-1.02309745987	-0.0725426669848
-0.200399391669	0.953622682052	0.224597115063
1.48498411781	-0.115780574296	1.97524341562
0.165022706064	-0.847081923451	0.505192756723
-2.8000228215	0.912703277965	2.72747536441
0.385286157725	0.917253318615	0.100999634432
1.73066552309	1.85937603405	-1.23142345648
0.610706353626	-0.150444071143	-0.777434454535
-2.24554733874	-0.473522353242	2.5420341538
-0.726660207694	0.344955253366	0.594113470416
1.60031988697	-1.30198566508	2.31870864731
0.789612973025	0.601178590376	0.122864377686
0.00281702607356	2.85773305117	-1.52923318333
-0.170757291623	0.936218938966	-0.307141735489
-0.563191457533	2.40956472997	-2.79321527111
-0.678264737081	-0.733104373139	-0.050149023092
1.38845013342	-2.78208599173	0.0137595701238
0.462950839808	0.885985064686	-0.0265891909504
3.05026554093	-0.236553916909	2.38159563643
0.0814605671347	-0.614657102591	-0.784576842787
0.853629314378	-0.0542011577507	-1.79711080721
-0.576499990679	0.153024795597	-0.802640126507
0.945740148559	1.92028359741	2.33161415012
-0.469131393838	-0.845191609174	-0.256060303635
-1.04172392105	1.90928047214	2.23448518488
-0.683267481464	-0.290475226928	0.669902747654
1.8295707187	-1.05604988246	0.653569779543
-0.74078773274	0.531377634667	-0.410939587285
1.16634977361	-0.373369860818	-0.180329730981
-0.486676836446	0.787136442717	0.378895602262
1.15097537404	-2.35830565057	-1.12746114206
0.478327466175	-0.622796828799	0.619134028414
2.64775551366	1.25379365963	3.11063676302
0.441974076221	0.516879864311	0.733139906033
-1.44681166768	0.687076948228	-2.44304396418
-0.186186130902	0.58534269389	0.789118910792
-1.16465862542	-1.82242966405	2.14254001322
0.121890898871	-0.762063572141	-0.635925876803
-0.850854856649	-2.00601888089	0.13307080045
-0.778890914179	0.613674235296	-0.12935562123
-1.07626951232	0.511675430099	2.57803087342
-0.193939467577	0.653060974564	0.732051122817
-1.03450849846	-2.14517423299	-1.81363517186
0.40092860629	0.685837997102	0.60735697443
-1.51302199981	-0.0776662366916	-0.468575247701
-0.238378301335	-0.263204273695	0.934825810385
0.775548215664	-2.15712163985	0.395552457509
-0.323367713221	0.844358813146	0.427190258209
-0.730197551599	2.07791496474	-1.5869894325
0.633330821089	0.70702495686	0.314655019723
-1.66521610185	2.82624058117	0.0654772220531
-0.631803876059	-0.62283944094	0.461405345663
-0.687961797915	-2.70218203844	-1.59696423569
0.68214095671	0.502969811916	0.530758969288
1.51340545561	0.226961506937	2.3261775478
-0.181609106321	0.735028721713	0.653261747509
-2.90000114518	-1.2757143543	-1.71995032118
-0.766471962557	0.544207026649	-0.341114999319
-1.573174325	2.51070840614	-1.45695796604
-0.91826945691	-0.243259026862	0.312419990327
-0.15399535357	2.51023800221	1.21736354188
0.0733942956524	-0.462251680236	-0.883706207676
-2.24090007938	0.555681877118	-2.8225568017
0.340898850315	0.648380071024	-0.680728475497
1.57705975655	1.69267471067	0.887779771201
-0.0157425199025	0.646465718743	-0.762780602504
-0.354509447413	-1.74489397709	-2.02779012423
0.335338660672	0.936484515661	0.102687558085
0.153886423759	2.65313779419	-0.72102601421
-0.267801175101	0.588378689988	-0.762950226281
1.65549127732	-0.772864388565	0.28493844687
-0.333885622092	0.804599351089	0.491060358396
1.3051759061	-1.88636140682	2.76119728234
-0.580202441301	0.461177273671	0.671327527633
-2.66700339676	0.222262070652	-0.194012064138
0.690820561072	0.612942970818	-0.383494285388
-0.0378250013107	-2.43883440613	-2.60012318419
-0.793687147112	0.606225024402	0.0505166536731
-2.29710881999	-1.13492478822	-1.48646506408
-0.704136382712	-0.665624050813	-0.247258119221
-2.82403934601	1.50225240774	-2.84844324629
0.122696348939	0.599355003882	-0.791024136976
-2.99109640444	1.2229753446	-1.52719713371
-0.497210409604	-0.688172686781	0.528393945603
0.912308963741	0.560097149352	0.95824461377
-0.499790321435	0.611376241305	0.613537876718
-1.79782205359	2.68445297923	-2.76323957842
0.816412184493	0.314010685729	-0.484632267043
0.807074744507	1.1940769543	-1.95339729629
0.640217044714	-0.749675856585	0.167655139235
-0.929175982626	-0.663789276688	1.27278050974
0.692036687759	-0.477329142126	0.541518340292
0.253434108953	0.891042745013	-0.984638107364
0.528211625098	-0.749646379107	0.398776610903
-0.213539874937	-0.84373665747	1.91802090838
0.187156593688	0.289004036916	0.938855194418
1.78798542295	-1.77180995543	-0.0459557693027
-0.0922638197098	-0.973452855979	0.209468195099
-0.456417961618	-3.04476644394	2.41987997244
-0.200075097469	0.96135474316	0.189121688804
-2.70365760469	3.05108617171	0.354713839147
-0.225265702115	-0.55148490281	-0.803193479445
1.75327564224	-2.24681731989	-0.756479597983
0.194871728555	0.0615571676964	-0.978895155017
-1.86689956476	1.6359227131	-1.85976040509
0.524785472962	0.195560638411	0.828466199716
1.13735315604	-1.2369149685	-1.4337479771
0.636096597359	0.550674469584	-0.540498609967
2.42687111561	2.91556049521	2.02045726376
0.557663551362	-0.797476619549	0.230309367493
2.13795928527	-1.36271534066	-2.87098773213
-0.352289046716	0.803353547106	0.480120303587
-0.316076824448	1.93596339197	2.01967401047
-0.119439069178	-0.150943297416	-0.981300376908
2.18061711948	-1.6939513269	-1.67830020466
-0.554833445188	0.656082089741	-0.511581996968
-0.990859683251	-1.38381058667	-2.7672770661
0.592761934256	0.646509861468	0.480268974973
0.457700691943	1.60790187841	2.29409212601
0.871389767144	0.211186416228	-0.44280940744
2.20737097069	-1.89054524374	1.28537502431
-0.87488904121	0.0338643356604	-0.483138046877
2.92591081121	-1.74615978957	-2.41845939245
0.341742221812	-0.810804138014	-0.475193543317
1.57399836361	-2.86752611404	0.778995115261
0.0765858422025	-0.996271488926	-0.0397206385461
1.87495057299	-1.63854391687	-2.24144025931
-0.758129749106	-0.0304630449078	-0.651391807145
1.43154033511	1.22767964468	-2.57610911088
-0.711789502366	0.446745895917	-0.542009048636
-0.615197530419	-0.337117419649	-1.31775766223
-0.290422367056	-0.954517418778	-0.0674636640135
-0.33587520182	2.49780016187	2.25503128144
0.577290608192	-0.126863397365	0.806623352069
1.42299500391	-1.28000468944	-3.15093857403
-0.0614374658595	0.992954657138	-0.10132367274
0.5020418576	0.329800948643	2.97923470178
-0.303702034813	0.00782977159938	-0.952734889005
-3.02701481394	1.27859632182	3.06167986142
-0.953014591413	0.29876412479	0.0500318527737
-3.02886153498	-2.73231212688	1.53414950099
0.972658785624	0.225080098159	-0.0572174463042
-1.3505184364	-2.54884049032	1.25536474643
0.315791401285	0.478828137381	0.819145533911
3.14011939649	2.41715983361	-2.65206667908
0.881617268	0.131812568846	0.453184774081
-0.817057987854	2.21023937908	0.501375587696
-0.733643245497	0.403925238889	0.546454014283
-2.00878558278	-3.01164995701	1.350866145
-0.676118751143	-0.68519647526	0.270867540773
-3.13363353421	1.26096076029	1.98173032734
0.722962657965	-0.675032983773	-0.147157962769
2.12533362944	-0.786848095518	2.41455598487
-0.977599718347	-0.133661681173	0.162583349928
-2.11771658962	2.13615921613	-0.864742543681
-0.741674832611	-0.576630230397	0.342660210798
-1.85283521265	1.02913876841	-0.173597804715
0.0935714974617	0.159262416266	0.982791868926
-0.485831498466	-2.87819422671	0.967704041591
0.541289778127	-0.324328345571	0.775768329048
-1.02572468195	1.51274153651	3.03484031611
-0.442801309833	-0.382249776117	0.811056168628
1.84310319652	-2.75625261568	2.12573038862
-0.384119367002	0.628806039169	0.67605863429
-2.71685361522	3.16417297904	-0.143326409909
0.673646464096	-0.274529595629	0.686173405587
2.48871590217	0.347535662227	-2.41655407604
-0.550958590941	-0.363363084594	-0.751273518648
-1.46059761814	1.24827691432	-0.100724671688
-0.738201746578	-0.654918278029	0.161679406397
-2.17748251911	2.07957362401	0.399158939335
0.0224524344728	-0.910467918368	0.412969802538
1.61935942444	3.13650994985	-2.58163475546
-0.400564975437	0.893942775593	-0.201032371569
2.69404436579	-0.771025135637	-2.16278087587
-0.270399837982	0.840064151069	-0.47029368453
-2.93440050982	-0.134960481077	-0.254318205846
-0.879031794946	-0.475957481714	0.027705217449
-0.234197665299	-1.38306592346	-1.17001197343
0.613611323887	-0.773661568736	0.157888949135
1.75070838179	-2.96024790454	1.10452349361
0.985631561814	0.091568786875	-0.141935131754
0.231976733428	2.20830231015	-0.700315152792
0.574036989654	0.809777355227	0.121417335954
0.191896904539	2.57242056286	2.1897548895
-0.154402084385	-0.391624916638	-0.907077681903
-2.05232365226	1.92579371476	1.52210946399
0.190377263311	-0.414299272489	-0.890007084483
-3.04163360438	1.63975175741	0.584756515093
-0.21205629962	-0.974447947716	0.0740494630837
-2.77001935026	1.2442131523	-2.17092721009
0.856978642865	-0.381441078914	-0.346540486797
-1.06530858675	-1.96815353791	1.09082669389
0.495381273812	-0.364276529827	-0.788606367824
3.11620469273	0.941095336964	1.47475294291
0.988764259779	0.145860767154	0.032708946625
0.895806584871	0.166960148894	-0.487175250764
0.718782112556	-0.456150701119	0.524670194063
-0.529798520727	1.26451639389	-1.75149292812
-0.435085791383	0.385660853029	0.813612967311
1.50508023105	-0.293104727409	-2.50573840191
-0.320609709681	0.465477663105	-0.824948458516
0.519028425134	1.75552650858	-0.357092440475
-0.0972492831739	-0.675100148008	0.731288155983
0.51462680177	-3.06361637025	-0.761335059635
0.152255519187	0.0470006293437	-0.987222972645
-0.528499251037	-1.6368713866	0.439781129006
0.533701166824	-0.807808926914	0.250215511367
-2.16579063174	-2.00993373118	-2.09772221354
-0.494299683037	-0.718351654717	-0.489529083421
-3.1830419259	-1.32963888442	-1.94768121753
0.964787307103	-0.262076667309	0.0223891157597
-0.250793740607	0.905194623621	2.16434403384
0.495012514023	-0.754336365089	-0.431206747703
-0.677591857675	1.71144283991	-1.26642453672
-0.439018630926	-0.783028084672	0.440601475617
2.53376545545	-2.75232263413	-2.81966229354
-0.787886656188	0.613637908453	-0.0517989798214
2.68157080605	-1.06927760989	1.37962649942
-0.319069410911	-0.636099958389	0.702546478148
-1.98276625109	0.588363286016	-1.69040037597
0.727372627959	-0.35154296653	-0.589361181941
-1.16924641202	-0.231291052657	-1.36966652532
-0.819438644618	-0.165104406281	-0.548872337373
0.579592916776	2.68471256067	2.35484449123
-0.599153274024	0.483398883641	-0.638232617093
0.195022087692	1.91575588347	0.415458609097
0.780742057099	-0.465057116987	0.417329268343
2.69517664053	1.229308808	0.142532575513
-0.933196795019	-0.239739358091	-0.267710257457
-0.417380189437	-0.821500833544	0.293816189813
0.143257934586	0.57506108456	0.805469995222
-2.55664224985	2.59889684309	-0.329838516663
-0.718122408382	-0.589689495547	-0.369549056853
-1.6183179632	-0.0510468078253	0.498633841038
-0.796032396236	-0.358486306434	-0.487667911843
3.07522056734	1.22019867138	-1.26126457398
-0.577957672699	0.426889482424	-0.695507223804
-2.99372041616	1.39677292453	-2.81148411745
-0.336758778559	0.824202111756	-0.455284970146
-2.98342390415	2.53580487423	0.412711114215
0.0623440085077	0.775769518014	-0.627929040198
-0.510911618987	1.81611651376	2.76511156756
0.08610965747	-0.571254881811	0.816243215529
0.292079758549	3.02066593166	-2.72199900503
-0.571748036839	0.651401374384	0.498778940836
-2.27085200072	3.09063070015	-0.0479465244036
-0.819631891439	0.21477149032	0.531108999624
1.99070872081	-2.38739568184	0.230999205006
-0.107278579871	0.706124245457	0.699914177795
-2.34279124828	-2.38399224293	1.72951396894
-0.0657106104031	-0.553141653319	-0.830491677889
-2.47714646362	1.00691845141	1.40900959551
0.060554770595	-0.870955032151	-0.487617115911
0.114508390402	-1.80289455962	-1.57998421966
-0.602773579658	-0.530465894221	-0.596045255609
2.06074448628	-0.583749313543	1.38104405682
0.577681495299	-0.599784848037	0.553662556125
-2.53762291627	1.18737826236	1.33577224857
-0.0721703583295	0.881224289152	-0.467156495821
1.08021778418	0.45282622674	1.39008941152
-0.108194285489	0.979306390285	-0.171035056452
-3.06839672495	1.95126742949	-0.58391967936
-0.903162856595	0.070487531681	-0.423471796398
0.223870602694	-2.34916106274	-1.00853467616
0.96955314066	0.237250040177	0.0606557983442
0.781431751609	3.12397042899	-2.38793100265
-0.817807640055	-0.418273421309	-0.395269539547
2.06431305266	-2.72830997871	1.30794731196
-0.193920621388	-0.50692155383	-0.839896023841
2.6160887715	-1.4837026225	-0.905548650746
-0.247396082794	-0.761965859756	0.598500799318
-0.040055617919	0.717985189635	-1.70615258407
-0.946406174675	0.280408770573	0.160269379242
-1.89614004067	-1.63714343766	2.38439168161
0.643632294225	-0.142372118239	-0.751975830582
2.89958278547	-1.0013978273	-0.971290103092
0.773100218328	-0.5969132652	-0.214500830415
-3.17930078692	-2.70875874756	2.20186488409
-0.50189905595	0.690100604771	-0.521400511058
-1.73860063491	2.90617278579	0.627450870306
0.774166868463	0.407629331953	-0.484256117675
0.140799402693	2.46730963293	-2.05969382138
-0.103780516532	0.764548736059	0.636156297288
-0.130985407403	-2.35708583825	-0.652084430316
0.953111033018	-0.299836175004	0.0409588439651
1.62563185723	1.40027609022	2.75750967795
0.658948140283	0.543979377827	0.519493777554
1.2384241001	0.20427648177	1.00034781317
0.21582353351	-0.714838391849	0.665151318064
1.85342907036	-1.08132172446	-0.826550205416
0.88155569661	-0.425694199093	-0.204068622362
2.27116319038	-2.72851204673	-0.882378582663
-0.000994908973347	-0.689734683875	0.724061513973
-0.330827864892	-0.960144422435	-0.848692867638
0.772657117813	0.430960278335	-0.466126824791
-1.9994846573	1.9080356769	-0.198435818988
0.785301096109	0.100059616582	0.610974845292
2.23745957327	0.97803822864	0.991049562349
-0.791011176388	-0.496331902854	-0.357709324786
-1.78648559756	3.1855201679	-2.27435975327
0.66934073579	0.126699721657	0.732072510032
-2.66779739458	1.07501022642	2.67139671937
0.154290088685	-0.772114870347	-0.616468324833
2.36822564652	-3.10022531991	2.67182312091
-0.39751756144	-0.320084071939	0.85995696127
2.65121229776	0.344794972931	3.13152223435
-0.976902373016	-0.209172154487	-0.0436893966916
-1.48000954643	-1.56015115499	-0.123304888382
0.0169499205442	0.724227655579	-0.689352597071
0.280622633714	-2.55524836632	0.684299030302
0.777388177099	0.440876218155	0.448659985258
2.19524332882	2.96895209386	-2.04603879986
0.467286775682	-0.679624399645	0.56546772205
-2.62425891142	2.69045562876	0.910625426437
0.612684030666	-0.573205526217	0.544108172409
0.332143209843	-0.289355675223	-1.15210423143
0.282808300309	-0.747981905585	-0.600451941619
1.25386473346	-2.9975782948	1.23303222445
-0.122333520367	-0.673494609888	0.728998985079
-0.845439087167	-2.69780919763	2.32425266048
-0.0893831927814	0.919319102795	0.383227128586
-0.671834206829	0.757432280969	0.106772114376
0.696901350313	0.490562790858	-0.523141143629
0.961081647844	2.23644839632	1.36274565921
-0.125720113911	0.975406879637	-0.18104107853
-2.58388300856	-2.74619910269	-3.06022589896
0.809616176005	-0.356984518723	-0.465922419447
-0.393568440211	-1.08312661721	1.91775271564
-0.385208368797	-0.851057750631	-0.356812580636
2.5607916618	0.530762981259	3.06126606283
0.662939038121	-0.194532863443	-0.722958364483
-0.692338136173	-2.62101562243	0.220605584819
-0.575012268065	-0.692684219721	-0.435372786614
-1.72461701149	2.52517625291	1.53530891656
0.387308065169	-0.917001197599	-0.0954005569036
-2.93910706604	2.2651762384	-1.05889791942
-0.234793517938	0.0941062146732	-0.967479211298
0.824486227474	-2.0470727516	1.96571314421
0.713460014547	-0.700285920358	0.0239674235516
-1.27575303432	-1.5922584615	-0.959231355218
-0.360389326193	-0.776567726716	-0.516780513748
-0.983148428549	0.652780976467	-1.36759603623
-0.509373018534	-0.458566480593	0.728186728021
-1.8132509762	2.59888077096	-1.7577951483
-0.868223240448	0.456429272557	0.194578323302
2.82689125965	-1.65131200833	1.55491422328
0.656337263482	-0.627266324139	0.419235441209
-1.66205193455	-2.38222446328	0.661854810091
-0.575273045298	0.573826166908	0.582910330605
0.0242579967697	-2.31404426202	2.50300739617
0.387321695999	0.613609733522	0.688087929509
1.26216932212	-2.62998141377	-1.82076229069
0.749695147674	0.529064630951	-0.397552263017
-0.0659790140987	0.0271209757408	-3.13699535512
-0.628089351169	0.4800051477	-0.612453120761
2.97993686077	0.969406269549	-0.00322525373553
-0.820561375879	0.125582618032	0.557591279042
-2.97611026837	2.92319789033	-1.39548364599
-0.592088409988	-0.775133789834	0.220451633278
-0.608410794715	0.728014932644	1.60874228855
-0.576278564498	0.784247659941	0.229910034528
2.9990678508	3.14946100781	2.71862681346
0.307344281422	-0.949330855508	0.0656537847929
2.27993843694	-0.323161884901	2.66865205244
0.841626146752	0.48967523839	-0.227779696224
1.10656867603	-1.993253535	-1.93349512177
0.210759692383	-0.332966870529	-0.919082920741
-2.3872978901	2.7751630256	-0.662049166509
-0.749226380911	0.350826654103	0.561765510616
-1.76022036929	0.903710140009	2.59779150467
-0.384620734561	0.100682807958	0.917567361411
1.85101615108	-2.14752655451	-2.93505548012
0.446075338912	0.448592096101	0.774455888563
-2.05966643717	-2.8608254752	-2.0754891462
0.90055567832	-0.167125227437	-0.401333562763
1.0894272723	-1.60999396771	0.99867632494
-0.389224852566	0.242182786479	-0.888735906824
-0.19714803668	-2.73998371536	0.854458305847
0.123635954613	-0.933561953556	0.336416749878
0.886082567169	2.2719245725	1.79607273162
0.929149212576	0.0152266038941	-0.369391244216
2.76769475074	0.302349075177	-3.05791246816
0.167428423226	-0.394059247009	-0.903706275813
1.94143491792	-1.97901365751	-2.45796735516
-0.515496216603	-0.495728512803	0.698939834508
-1.09795121081	2.10522365049	1.89084393674
-0.842619955714	0.14992441221	-0.517217827281
-2.60278414745	-2.35420884166	0.994030919289
-0.590069226175	-0.644420479568	0.486354350073
2.49038729499	1.01223771577	-1.88257947259
0.705170625025	-0.11506380172	-0.699638986289
2.77280215795	2.06680026629	2.91683332014
-0.349714362031	-0.826291996784	0.441521688074
-2.3250469981	-1.44537048241	-1.70693745983
0.00329403531472	-0.655867887111	-0.754868507747
2.49891866191	-0.873801158043	1.89262988451
-0.068188238911	0.925613130288	0.372277715036
1.41756414636	0.0394726280786	0.164364346643
0.640852842035	-0.215630350242	0.736757210288
2.87603711444	-2.80346993457	1.32443179841
-0.510558010621	0.654573000949	-0.557552422845
-2.84201271338	-1.81664427312	0.610228064505
-0.890393766625	0.412170462011	0.193169486723
2.15579800213	-2.42600897096	-0.752019374592
-0.412831791295	0.765698980683	-0.493229138513
-0.46973914077	0.890340560536	2.64050339763
0.351595071368	-0.620364050194	-0.701091542537
2.74770722309	2.24115964557	2.64680566212
0.782407743093	0.318254994578	0.535305409998
-2.6454257996	-0.714753337298	0.651527365821
-0.394532922972	-0.339926160005	-0.853694312055
-2.24868988676	2.70754842441	-0.983850791706
0.890823525564	-0.150401536582	-0.428733978238
1.8786064131	-0.386855358455	2.51495379876
-0.749034394327	0.538870889905	-0.385442135902
-0.1314643619	-0.701473017344	2.56437350549
-0.469538887603	-0.350288762487	0.810451118763
-2.12267106359	-0.704694068786	0.698053410481
0.522277832196	-0.365327378732	-0.77055938924
-1.4477831753	3.06429047897	1.52752819149
0.243117594719	0.958969841907	-0.145844703197
1.25457133256	2.25267475009	1.23642503173
-0.829451888474	0.556571783114	-0.0473013207956
1.34922243669	-2.62157389969	0.637743373387
0.579019992554	-0.797655709676	0.168763790678
-2.9499309836	-2.66656030666	1.92061804778
-0.28833193036	0.953754026167	0.0849585516849
-2.09255416621	2.65078128776	2.29384500577
0.174245136153	0.143018728849	-0.974260886891
-0.0215013825464	0.32880559244	-3.18875600951
0.678378862181	-0.566459658585	-0.46789483278
2.49369401189	0.89465966167	2.39219507337
0.940627577809	-0.336007713733	0.0481515957788
2.67575784447	-0.427617637339	1.40253905217
0.895814715263	-0.171250914062	0.410108668954
-0.00214053155861	-2.82676758738	1.39295609979
0.631060216305	-0.201275667702	0.749166943336
-2.94961051653	-2.44816481279	1.1465825889
0.618387044026	0.411817558998	0.669330831415
1.41477525566	2.92691276357	-1.47888851287
0.506309894572	-0.770502584348	-0.38726742462
0.0528721031911	-1.54544214584	2.46465176044
-0.653770915011	0.694631060307	0.300118777724
0.0506516601688	-0.714832499464	1.5487313481
0.319389306469	0.687173561642	-0.652520472548
-0.0356463944415	1.8110991811	2.60812620588
0.354016504271	-0.588598555346	0.726790241643
-1.32135681418	1.18613735889	1.99790674266
0.424680230732	-0.348161734627	0.835721310107
1.69755955884	2.40340864685	2.86169837725
0.391688108578	-0.898135992957	-0.199830337421
-0.940243669879	2.72733234066	2.26490102585
-0.704994774105	-0.661681171644	0.25526534347
2.22744980714	-1.74211386009	-0.856017792503
0.00255511461229	-0.950464968865	0.310821193534
1.02369481763	0.85060302771	1.80963834729
0.418178082218	0.556002950021	-0.718322915631
-2.50742550704	-0.75078379485	1.70938249346
-0.740353362891	0.473040941541	-0.477607752955
-0.92974797407	-1.43203464126	-1.2552529427
0.0265118791761	-0.784118311943	0.620044831554
-2.07066037848	1.11209546349	1.61029752796
0.482875551184	0.839550167938	-0.248971318797
-1.22734382923	-2.61860265094	-1.09077489844
0.74780683271	0.232887415667	0.621730160581
-2.27674754837	-2.99647857479	-1.25545669493
-0.170635295865	0.562632527858	-0.808905578174
-2.06425225759	-2.6101788399	3.04349784606
-0.342431893008	0.410297177417	0.845219867759
2.31383198076	-1.59649040962	-2.94954731225
-9.32954612098e-05	-0.596100333515	0.802909947429
-0.439797746344	-1.03416135304	-0.496029233631
-0.147124544565	0.585439651876	0.797254527989
1.40611339268	-2.43005483477	-2.92577819158
0.285241567314	0.947378016178	0.145300181485
0.176146473612	0.342760583377	2.53830833318
0.486135867543	0.735642160711	0.471701738043
-3.01502312377	0.99228380067	2.420688726
-0.207413252509	0.91491776987	-0.346273327098
-2.94436675576	-1.76797123597	0.32955223427
-0.0251211900543	-0.910596884343	0.412531501871
2.13398896715	-1.00642562606	2.09802774837
-0.300817124289	0.803509355326	0.513694241391
1.90159713248	2.66359834751	-2.82636516315
-0.184044719644	-0.786826287135	0.589094164836
-2.15728932183	2.23155710036	1.38485642227
0.725155244225	0.0823551067559	0.683642822068
-1.50926874536	0.237102156813	-1.6140176736
0.244828329856	-0.553642016488	0.795952012674
2.46554345508	0.162045680064	-1.70759626702
-0.650671366515	-0.457137734798	0.60634302521
-1.68751527724	1.78003617624	2.62701732242
0.515963416806	0.40062307346	-0.757154479303
-2.5622625117	-1.25003943777	-0.912865039898
0.266010847188	-0.728119654088	-0.631727788299
-3.14046701937	1.47335255113	2.77513232381
-0.504751267665	-0.806035797419	0.309083242945
1.22827656624	-0.929629780637	-2.55524477871
-0.790081568928	0.603147324676	-0.109473372001
-2.69292006736	0.240445004876	-1.24936213269
-0.158843589618	0.552354366106	-0.818335730786
-2.70640128251	-0.842775780916	-2.79923165685
0.316496462737	-0.946388892725	0.0646378588831
-0.319049283022	-0.0284726702272	-0.0327195265528
-0.0364677546138	-0.734505366839	-0.677622290778
-2.55073143726	0.567807565189	0.91457068876
0.105634041065	-0.486357071131	0.86735128335
1.07557412715	-2.04215106914	0.705658993318
-0.345905878799	-0.661774375092	0.665134422117
2.59917458718	-1.29672040899	2.31592847979
-0.822511034146	0.125591882764	-0.554709182989
-1.6402488755	0.0551706821844	1.07815568469
0.0245970800026	-0.610673819392	0.791500138954
2.03922457754	1.75337981562	-1.92065414816
0.222670349807	0.407687186016	0.885555799301
1.88641185392	0.0506517131007	-1.26411497625
-0.787894654313	-0.442612568199	-0.428154327523
-1.92302767353	-2.42331217031	2.9276237011
0.329620452696	-0.813855571616	0.478528437727
-2.97060494326	-0.821983953972	0.326395718329
0.636462460313	0.270669422281	0.72225591064
1.08468993583	-0.256087019927	0.221647144836
0.519034350147	-0.066309232029	0.852177463393
1.87550071776	-1.40711117338	-0.994405937987
-0.69443005656	0.509355499989	0.508255714358
1.73027238877	2.29894706629	3.03060539563
-0.613085337772	0.0863808443876	0.785280025425
-1.47389470604	1.71853659186	1.86209776194
0.733520545983	-0.643649658142	0.218317947485
0.819841503353	2.95422780548	-0.566589119636
0.743723761808	0.0780666791788	0.66391306639
2.2250209042	-3.05519582753	-1.51309076906
0.359827158216	-0.50756440389	-0.782881084274
2.04217990095	-3.00473630702	-1.64239940233
-0.617611269122	0.556164051714	0.556091600219
2.56576065585	0.68751616843	1.24811326965
0.237917965488	-0.756908484756	-0.608674451084
0.221726629526	2.7551077921	1.82053428889
-0.524360225837	0.835924419904	-0.162100949314
-2.21098512158	2.63670263392	-2.73933017502
-0.394650949329	-0.663394099944	0.63573492617
3.09820970229	-3.03018358603	-0.226776729497
0.103899187888	0.990752561682	0.0872600726339
-2.95289720959	2.49466179304	2.37595321681
0.231314579912	-0.970036828336	-0.0743109466535
-0.354782846994	1.52784216016	1.88085413178
-0.526534164755	0.836673883738	0.150793188227
-0.271507049773	-0.260451659774	-2.55048723844
0.743825040122	0.645164628612	-0.174605016182
-0.0714336715422	-0.94430615445	-1.77093708018
0.843095580041	0.495884331665	-0.208059060186
-2.2055212599	1.98057936733	1.03551640698
-0.978037712586	0.109323717124	0.177455790647
-1.89545908853	0.499498297446	1.46820381969
-0.520398436963	-0.375841693446	0.766764949821
2.10422518294	1.76348858809	2.12666589937
0.761931645859	0.588557049004	-0.270297552904
-0.36828607652	-2.10888365192	-2.6122745048
0.155774932994	0.985725324618	0.0638729571685
-1.67837253963	-1.27488401308	-3.09723217366
-0.648609284539	-0.573288776639	0.500645557844
-2.13670107005	1.81305417358	1.7201163635
-0.27790174534	0.209359986905	-0.937517474941
2.60479631395	1.66956495672	-1.39318521117
0.143107189332	-0.979372784022	0.142650910543
0.987706310225	2.4890821186	0.483110597715
0.062602227498	0.701745625268	0.709671782255
-0.932669385106	0.155672558065	0.884210724191
0.710445936491	0.70344775687	-0.0206839231649
1.69860575166	3.05453029661	-2.33569644149
-0.74920045712	0.463658076782	0.472990341219
-2.06943279589	-2.59409812112	-0.425449078985
0.466650181889	0.653426469183	0.596046522608
0.116540530617	1.28190987788	-3.11189607943
0.678328383757	-0.461925658891	0.571397663146
-2.2979757017	1.42607720157	-2.13030568756
-0.754585856162	0.547739736843	-0.361360438293
0.0478912849666	-1.169387504	-2.2874758533
0.275647944428	-0.15466905762	0.948733731533
-1.13497337413	-3.14147701006	-2.41439638748
0.582626036528	0.583711860523	0.565532815533
-2.8161923936	-0.712752456026	2.46624373953
-0.636033001137	0.46934451391	-0.61251754973
0.459878837982	1.96209369791	0.134592667976
-0.810044115789	0.242944557908	-0.533672626484
-2.28271962995	-2.78181049656	-2.49342897661
0.80637182126	-0.312379271822	0.502178928683
-2.85472358183	1.64408551799	-2.69198623764
-0.0843571276597	-0.953925908912	-0.287939638327
-2.32966742519	-1.63391896015	-1.1083929842
-0.468744364921	-0.113035187412	-0.87607178174
-3.12362873925	2.94871201266	-0.674214958456
-0.507603612244	-0.788931544082	-0.34630274557
-0.018238283655	-1.96351826331	2.34965987271
-0.576039651336	-0.658226351269	0.484681741543
-2.90464011702	2.98466028418	-1.79636245515
-0.631471262892	0.49524007579	0.596641694381
2.44026688889	1.58410761161	-1.57902842733
0.644245141384	-0.617152070116	-0.45174275883
-2.43385732627	-1.37142169769	-2.23880167941
-0.861726037815	0.119759559046	0.493037406055
-1.62325446219	-0.448938596498	2.39426755606
-0.306748867854	0.0848267453748	-0.948002930027
0.202608075344	-2.0416293979	2.22184084413
0.766644968043	0.448094229818	0.459855470967
-1.36886528759	2.70756676324	1.68816643101
-0.240741416292	-0.370637446914	-0.897034811714
-3.11431269297	-1.21092968732	1.88304471302
0.111046863629	0.867590500161	0.484721897699
-2.86844459108	-0.917509620859	2.4593302596
0.466461862346	0.693191694145	-0.549453006312
-0.201839009994	0.631208920757	-3.07624894143
-0.265729784289	0.303771960322	-0.91493730816
2.35774734164	-0.142122054309	-1.37043392883
-0.74387197209	-0.646244294811	-0.170360795266
2.62959919612	-0.246991089208	0.23815073299
-0.439776203875	0.00320406982109	-0.898101678231
2.88663479849	-3.04163460874	-1.89419566018
0.771280095107	0.588756289902	-0.241853356381
-3.12191848659	2.53742836829	1.22777030844
0.732131717694	-0.681033903592	-0.013265372382
3.01768203584	-1.60705106354	-0.129468739995
-0.492817740624	0.801618485846	-0.338435337511
-2.74665396187	-2.66292092457	1.91406145697
-0.799107219842	0.35403109168	0.485890561053
0.723977888372	2.08169158487	2.0400142215
-0.895310938318	0.438807744381	0.0765903858159
-2.49962731077	3.1930250522	0.282057428372
0.0108735825547	-0.529289645521	0.848371520236
-2.98655914191	0.172793376106	0.591909514135
0.369895609161	-0.519343430251	0.77036331674
3.1087672588	0.0537526385095	2.690332847
-0.438344586407	0.582635349875	-0.684390292628
-2.16552402656	-2.62302845858	2.51383883966
-0.453971735329	-0.442413564262	-0.773420908484
2.43037321765	0.167465237246	0.908621609714
0.682939143597	-0.136809497832	0.717549501739
-0.9266787868	1.69274787282	-1.3796357313
-0.318536765058	0.834590010707	-0.449437251831
-1.58955774487	1.17272277634	-1.91730733625
-0.292307323001	0.694985922585	-0.656925411541
-1.01499030104	2.04868918637	-0.125776147569
-0.524233230778	-0.678135988419	-0.515083586381
1.79099967423	1.82554565299	0.469448843441
-0.33076872337	-0.943442833198	0.0225315806746
1.58206625386	2.78028978312	1.46096033968
-0.741889760399	-0.668243220713	0.0552320684506
-2.59775353588	0.56602288478	-0.0770292426568
-0.0822281448153	-0.480128434671	0.873335684843
2.1817150959	-0.114271106114	-1.26927570759
0.221797756418	-0.895537741941	0.385769241915
0.149051561694	-3.09461175269	2.90413087694
-0.718463239715	0.201691608192	0.665680905813
0.516286883463	-2.84325409557	2.62668202271
-0.745995381443	0.663339617666	-0.0589189485685
-2.24215179501	-2.63006261369	-0.0374263862121
-0.0635281640112	-0.730517795852	0.679932292454
1.4331757467	3.14224696495	-1.2929998894
-0.70651140411	0.451571206579	-0.544908323712
-2.632872434	-2.68552897992	1.11800058537
0.726350622507	-0.630665280053	0.273269240345
-0.222029089413	-0.501539500381	2.08348300085
0.754774263239	0.372739181175	-0.539797475327
-1.63139403123	-0.473141000448	2.82696031312
0.644368403392	0.393749356986	-0.65555381517
2.28720144737	2.59711543543	-2.01638461034
-0.991175912918	0.0151543009929	0.131683927694
-3.09388839996	2.38032451512	-3.08427811224
-0.776383073745	-0.263449573838	-0.572558857103
-3.08509683303	2.37086329547	0.35311050404
0.970806311285	-0.237452243549	-0.0339343189516
0.408209637438	-2.75123606648	0.93199423452
-0.661337963653	0.540353813649	-0.52024018867
-3.09905558205	1.78301829164	-1.21952394887
-0.758878078253	0.648786394024	0.056393947149
-0.131139467335	-0.402733164135	2.69001112216
0.435361008431	0.89704465312	-0.0759715910481
-0.631139699318	-1.59365372422	1.08058636348
0.675061603682	0.695077793497	-0.247302835043
2.07046806923	1.90409115775	2.38612794307
-0.644544102715	-0.686746488907	-0.336068682906
0.847725510798	2.7862024518	0.795610279133
-0.0918819028795	-0.625588594892	-0.774723580294
0.172595960864	1.77180697075	-1.85789375505
-0.507043380778	0.635774080834	-0.581977944727
0.0905798569887	-1.81621795279	-0.779035791184
0.512980319065	0.724304116889	-0.460689416538
-2.12524127014	-0.487003967833	2.8507324584
-0.704858754247	0.515105128021	0.487689290069
0.117517360298	2.20413996002	2.19202035278
0.418424447387	0.372140095712	-0.828512360193
1.46020642368	2.23726903674	-2.74964920992
0.52051345888	-0.603604215923	0.603926890976
0.490455150806	-0.268152154154	2.30640107832
0.34125349536	-0.168469672326	0.924750788813
0.293489642527	1.21949426811	3.14931828738
0.373391510428	-0.670971596889	0.640605882043
-0.943336902328	-3.12212391307	-0.628523946836
0.740452691768	-0.621035483317	-0.256991711375
2.15845383688	-0.765923454662	-0.73452508336
-0.616072124088	-0.0740939172638	-0.784197187795
-0.424552553539	1.07809634418	2.19413802055
-0.257133624033	-0.918226875967	-0.301233636308
-2.45280596378	-1.20092586729	-3.01611058762
0.690072436431	0.627562593593	0.360506898133
2.34405578043	-0.210338387049	-2.16745470718
-0.670878064574	0.733680366724	-0.107869096395
-0.941955775179	-2.22540476899	1.92722280051
-0.0346555463461	0.362565813236	0.931313601415
3.13685238065	-1.19298806359	3.18059047751
-0.00126816183351	-0.809128444565	0.58763045527
1.90600271313	-1.12579525924	0.859600172117
-0.00134218237546	-0.824666735338	-0.565617338997
3.17172027583	-0.666207359736	2.20053371684
0.609083595461	-0.624287362157	0.489165067427
2.86292681094	-0.800855764672	-0.982614291701
-0.405063169391	-0.526969089598	-0.747146175398
-0.333884884916	3.08416700266	0.98190112162
-0.620714684597	-0.661704812095	-0.420547288633
2.7141476981	-1.36950357459	-0.360413726158
-0.281643243489	-0.270741970858	0.920530210592
2.71479929766	-1.65228315537	3.04684167225
0.240245251345	0.681875649617	-0.690889150056
-1.29576023921	-2.21385570407	2.17359997342
-0.36705010599	0.480276240809	0.796623469531
2.16601420132	0.521722219811	-2.95303902261
-0.843091523268	0.507971229931	-0.176527371689
3.14983904849	-0.65701028869	-3.17725919333
-0.415261057727	0.582819173245	0.698484119528
-2.22389073188	-2.02759507688	1.63948351473
0.217034832264	-0.239398108748	-0.94635322534
2.53184717938	-1.37986164201	0.293301865377
0.606311237629	0.264571261101	-0.749925816947
3.16742290714	-0.874313449553	-1.87574964922
-0.291940449184	-0.871417507087	0.394210987256
-1.61789401414	-0.93993628148	0.50000491974
-0.650998185658	0.606859333415	0.455985867892
0.613134505103	-1.17465590138	0.464554918464
0.00166878046508	-0.651823680805	-0.758368712642
-2.9307794259	-3.18797693812	-0.384047568375
-0.390064065595	0.0143665349929	0.920675636369
2.50507094303	-0.513680465233	-1.27595337115
-0.659821824498	-0.720838920665	-0.212194275066
-1.39962115355	0.611710843561	-1.36874710621
-0.00496576483187	0.184631019694	-0.982795364125
1.03663968105	2.11942794742	2.05575206269
-0.599292951038	0.799884007299	-0.032148618985
2.58198842283	-2.68626391809	2.20586357154
-0.698059542087	-0.715650252571	-0.0236133796099
2.86006351825	-0.224085789347	2.65616231504
0.855659606688	-0.46317240098	0.230906830678
