608
2.1566216	0.99463412324	0.411291354386
-0.747723808741	-0.661447738853	0.0582751628731
2.15875210386	1.90823936377	-0.184032161368
-0.833458029802	0.056711692799	-0.549664894693
-1.13934153928	2.16478375814	0.915429510011
-0.228425616017	-0.917850465114	0.324610938874
1.15988325448	-0.503548205787	1.30869025316
-0.6334332671	0.750737597999	-0.187497613537
-1.94888275008	-1.15111614234	0.665443791775
0.807534893789	0.585800846666	-0.0687369140884
-1.38499137385	-0.0824985471304	2.46657255328
-0.916742454199	0.258603408518	-0.304479145052
-2.5947750297	1.07306962938	1.20537343027
-0.665402340717	-0.741792633858	-0.083566819503
-0.794402909168	-1.50711339952	1.37915935445
-0.546177049551	-0.0780510351194	0.83402557902
-1.58018306632	-0.93859856096	0.330646170416
-0.779997279726	0.622362908846	0.0653349317922
-2.08892627198	-0.467237969112	-2.16307792123
0.633796578515	-0.18526549513	0.750985081993
-0.93485698174	0.299692206674	-0.448852933996
0.161810044748	-0.77510303255	-0.610764110235
1.80448672749	-0.473296034274	0.104418859139
0.234518608424	0.94129734504	-0.242817483973
1.84942619108	-0.814954038383	0.694652067518
-0.302395391045	0.706720773954	0.639611425114
2.85413830904	-0.670813096557	2.20326000856
-0.907173011912	-0.377370980585	0.186086725671
2.21872671594	-0.783898154552	-2.85743414695
0.529387388445	0.41098292566	0.742187326604
1.77632958028	2.67483182169	2.034722268
0.319413622138	0.280668404707	0.905096781892
-0.68951880477	0.752246899528	0.85302244217
0.999456836395	-0.0329395514617	-0.00100902554404
-2.14804606739	2.37867924566	-1.47299737132
-0.398352448663	-0.232693209559	0.887225561438
-2.74702739845	-1.75712704574	1.59902412725
-0.0101987934673	0.674158952153	0.738515871084
0.804736599598	2.3853726505	-2.81955460273
-0.614001476049	0.524923222255	-0.589455509896
-1.84011690828	2.35972436213	1.92097993943
-0.236704090517	0.927258853875	0.290107206808
0.535805023678	-1.19579045575	0.98672648039
-0.382788357442	-0.0801287805441	-0.920354525134
-1.29876621864	2.59922772401	-2.18510002388
-0.257123551488	-0.160641517366	-0.952933251686
-0.533613046524	-1.18187583521	1.68300312701
-0.195007436772	-0.934909281805	0.296507562126
2.47757840954	0.0893062884281	2.79410793769
-0.223547429006	0.397695958348	0.889867670892
-1.29742902622	2.78240877014	2.59320208722
0.302492015713	-0.789735393855	0.533682103993
-1.10249983719	-1.61685774955	2.14910145999
0.615769576131	0.765320760973	0.187381861277
-0.40506210086	-0.95203777774	0.948437790184
-0.679653309648	-0.660720729875	0.318621241912
-0.997037335044	1.00806861371	2.10449424884
-0.265035537816	-0.866574126921	0.422853930153
0.378859774558	1.98891347065	-2.73347246208
0.800795273107	-0.571498943057	-0.179209064094
2.03125573309	2.48322159485	0.595906296178
-0.855509960912	-0.510072561006	-0.089043187777
0.67909838588	-0.393510876797	-0.521632426948
0.247143556638	-0.658135985097	0.711180066883
1.50352282341	0.102462087934	-2.00391894775
-0.458618784214	0.87163785879	0.172963157608
0.316251670271	-0.477411657701	-1.44978175418
-0.420301117055	-0.670568107318	0.611298114221
-0.509796845844	2.82466572265	-1.64512766303
-0.0816801156551	0.613218222254	-0.785679177911
-0.011907716837	-0.0340115525894	0.487349801023
-0.749838973122	0.112429698589	-0.651997758633
0.321062383467	0.895476221262	-0.923181246038
0.142019930442	0.984397184655	0.103887064647
-1.39776153994	-1.51752952632	-2.64098423722
0.533022320883	0.805076797402	-0.260266316923
-0.0115476008462	1.02326337145	0.046652531405
0.0511187248587	-0.891505241929	-0.450116962114
-2.61081583786	1.79714468413	0.551381212003
-0.214494130611	0.960680128756	-0.176312104367
0.548083954664	2.57349181119	-2.13800297355
-0.478092550748	0.485298045945	0.73206100806
-0.576805574451	2.47657052283	1.78852157472
0.697376741553	-0.716407353124	-0.0206442420617
-2.40003486095	-2.76728851847	-0.604726052575
0.278152586357	-0.723447706404	-0.631865931034
2.3060993666	-0.221506888872	-1.68661028733
0.368330286588	-0.79899274926	-0.475335025652
0.593298145307	-2.51108402192	2.23425876029
0.671512321379	-0.736131693263	0.0847427425255
1.11197241876	1.05697490107	1.34888668689
-0.876530234363	0.0977319087098	0.471320721237
-1.99298188692	2.556319224	-0.0422968132529
0.493565847009	-0.591080650688	0.637978384468
-2.69749409139	-1.379429253	1.30854059525
0.155453044968	0.768060461618	-0.621222567288
-0.272508906481	-1.04102023149	2.59825393517
0.757895911591	-0.617113516936	-0.211576686826
-0.895654921583	-0.991555940655	1.43645129784
-0.199776996436	0.814650496029	-0.544457271982
-2.05032916928	1.87525632304	-0.640654199569
0.767985365268	-0.293733904678	-0.569138710664
-1.96264078251	-1.61142797465	-0.13555492836
-0.360945975899	0.513807358565	0.778280155706
0.467414402675	-0.47203858768	2.36821983325
0.560180623055	0.612589923417	0.557612101089
-0.634594063313	2.84024994932	2.49746767579
-0.552229999084	-0.449392115314	0.702202787523
-0.179950581636	-2.11862970323	-2.21250817541
0.983507527702	-0.0594060814101	0.170832843576
1.76758632371	0.483944978086	0.05354736074
-0.798145391601	-0.236008144298	0.554314071344
-2.39361061438	2.41718484549	1.60544497217
-0.670801358617	-0.378346889889	-0.637870808385
0.0956835229119	1.82863047386	-0.795393164005
0.910325160676	0.00950692195178	0.413784630302
-0.856286461699	-2.75050941287	-2.05210254546
-0.0397546846457	0.874984274066	-0.48251640924
-1.74783750878	-0.3568937057	-1.35909484878
0.57872346087	0.343730146016	0.739546308597
1.9000499285	2.78607586136	0.200728525927
0.772067220679	-0.543560982135	-0.329323041181
-0.0999704371845	2.26632922253	1.94044079702
-0.728544551857	-0.248187264188	-0.638455885598
-1.58364506891	-2.25999250603	-0.83672906418
-0.502554762924	-0.128421880535	0.854954110384
-0.0622208464777	2.68664544182	-1.96859782524
0.609132828606	0.79303107605	0.00767525464917
-1.13321403354	-1.91851450951	-0.344727934592
-0.728042374645	-0.234158931353	-0.644301090786
-0.0742880776384	-2.81856654839	0.308560786666
0.367202267919	0.446731338304	0.815839203405
-2.18181254116	0.201198174954	-1.07814185658
0.0501880207446	-0.733727090474	-0.677588163472
2.36486018981	2.39124012405	0.188226059487
0.173021222512	-0.618876434158	0.766195546714
2.79558998975	2.69674801979	-0.096025207646
-0.607399004915	0.0251138278642	-0.793999839092
2.622192119	2.70524736021	0.481345007905
0.341765974938	-0.927522380523	-0.151321683852
-0.700461956426	1.84820564168	0.806990049332
0.811406350313	-0.272066194577	-0.517300416044
-2.68360650879	-1.78086496229	-2.79568611007
-0.672480695153	0.394248397573	0.626368833562
-1.16558135931	0.413572866662	1.88221105886
0.875849719052	0.467129160514	-0.121151215573
-2.00203497984	1.12721934849	-0.862629950097
-0.431875314324	0.646265892507	-0.629145538854
2.75053173397	-1.38831898666	-0.870886711379
-0.416338878303	-0.186062308541	-0.88996783973
-2.39590960389	-0.420571310375	1.46651551781
0.342620554648	0.936796495673	0.0708765209964
-2.26321290789	-0.783463593424	-1.62779105488
0.381691690144	-0.320517013494	-0.866937309
0.787116227166	-0.113560628216	1.44963657479
0.29965649984	-0.76097043577	0.575438943753
1.68295017817	2.28071477462	-1.63206105052
-0.200355418914	-0.39040196438	0.898578884862
-0.334091713205	-0.471655942269	-1.13056345811
-0.663191693421	-0.674317098314	0.324766421753
-1.64424182348	1.0161937274	2.72175994715
-0.905098258532	-0.424979120581	0.0137800389094
1.36696527961	-2.8558046552	-2.6688354879
-0.436742390846	0.548027823788	-0.713387404145
0.126781769088	-0.0186670642062	2.10167757937
0.633448895231	-0.480815020502	0.606266783843
-1.84820798459	1.3707798334	-0.527930391016
0.607001369087	-0.343424863886	0.716664985046
-0.815961873417	1.12509500468	1.95757814075
-0.640964490772	-0.691647298071	0.332849119934
-0.728879115506	0.798169687077	1.45080637734
0.48772538205	-0.165014805327	-0.857259625625
-0.688786114962	-2.34721834356	0.891568577458
-0.549869791167	0.339491432158	0.763144010167
1.61463380841	-0.947805178319	-1.11233003779
0.872649439671	0.319732938362	0.369125728673
1.7957664321	1.46218245995	2.61169731912
-0.67442212989	0.678810389962	0.290467287649
2.41214006966	2.33814844844	-1.87390867461
0.561224585051	-0.552297856984	-0.616436567949
-2.34851864681	0.762142260575	0.669413460095
-0.462168624439	0.605782990092	0.647631941383
2.02120117434	2.36376912174	1.52652602261
-0.218620853956	0.964027703821	0.151180383919
-0.551091153894	-1.38795287314	-0.410267065729
-0.359459702996	0.478207456939	0.801315387379
1.56981906643	1.08451026134	1.94466328777
-0.919840056897	0.392293494043	0.000290275191288
2.77161004412	-1.12908123895	0.568880462868
-0.0647041086308	0.329993896337	0.941762924895
-2.84905431501	-0.697635525437	1.8963992587
-0.563830774138	-0.764091425146	0.313463159164
1.68149758083	1.80542353994	1.19606034972
-0.913913000646	-0.391975543934	-0.105442876516
2.57352853194	0.403286663242	2.28809809466
0.815993441784	0.34853876986	0.461167462935
-0.213832240108	1.51535768871	1.36566291915
-0.0782399247019	-0.530651691284	0.843971146853
-1.05997267123	0.16937172021	-0.55203928108
0.484914054946	-0.620923873895	0.615883026348
0.0428721534176	-1.26302923103	0.143455461547
-0.686615008816	0.0395674034839	0.725943696336
-1.70819927151	-0.779546207832	1.27044627756
-0.75998849815	0.480515019378	0.437633178395
-0.29746522328	-2.83907813884	1.69062304111
-0.584373246246	0.311527279228	0.749305453983
2.86384885822	-1.61803709509	2.07499722517
-0.8741553553	0.45827925654	0.160725037956
1.63423975835	1.84092113134	-2.74971058157
-0.48379833025	-0.825617701612	-0.290335300011
2.38495801074	1.17489301481	0.651815318453
-0.233989937502	0.221433673942	-0.946686768257
-2.82774243548	-0.462058437175	-2.17312626161
-0.208599889161	0.977170011183	0.0403094962391
0.474412518779	-2.03286922755	-0.712605236213
0.6534518458	0.262853874015	-0.709865146444
1.25305509329	-2.82476192284	-1.97281581413
0.407536650259	-0.409869342843	0.816039827762
-0.688790443238	2.65844328733	1.05183548692
0.526572909918	-0.84716684762	0.0709175777591
-1.65765347788	-0.719023063681	-0.649716390341
-0.597525401889	0.47122015214	-0.648779594558
-1.39969837201	-1.86800975924	2.87171740875
0.740143318879	-0.671701937548	-0.0316918698131
1.0545720777	-2.08716838451	-1.50013425185
0.914207025284	-0.0297337346004	-0.404155192899
0.569889783634	1.63802888581	0.348254846998
0.570617777216	0.630917703145	-0.525678803247
0.873862934383	-0.668715355635	-1.12891675253
0.639240602022	-0.759711216475	0.119207047981
-1.64135719641	0.423128578099	-1.69874051303
-0.768294812357	0.594538305403	-0.237165100118
0.815756376539	-0.785823852342	-0.195316758063
-0.737669130033	-0.208623700391	0.642121800153
-1.58224704056	-0.297956392923	0.966437513911
-0.171506368994	0.593700929741	0.786196394942
-1.02406348091	-0.933798667327	-1.96588395429
0.154986006007	0.232643295816	-0.96013355053
-0.999127111614	0.677996762887	1.34106688078
-0.74499166687	0.376577050137	-0.550615239168
-0.113508860857	1.93163723178	-1.31788989359
-0.143214864505	-0.694121857097	-0.705467469189
-2.68016950676	2.06183315342	-1.61986701063
-0.541031208363	-0.225539286558	0.810195816945
1.46667985288	1.83167650748	-0.23170671132
-0.92706606101	0.296095860632	0.229947297962
0.757663841835	-2.2636354785	2.26368350819
-0.731512246008	-0.34923006939	0.585600710872
2.6959056581	-2.18720940279	2.26093394302
0.182739945668	-0.919283336302	-0.348603298685
-1.25711817313	0.561823025433	1.06454959739
0.782026935592	0.619191954373	-0.0709591125183
2.72374615124	-0.017556595467	-2.67258562714
-0.724286972409	0.49526494881	0.479709299554
0.534663691187	-2.48225263453	-1.36678381417
-0.647356241994	0.227715155318	-0.727375902811
-2.52816890099	-2.51503897272	2.77510841635
-0.674247690304	0.375817036845	0.635729193082
1.34320024868	2.45392516956	-1.14264515675
0.861865502271	-0.0878571559862	0.499468693852
-2.64268873946	-2.64897527158	0.0969375138623
0.47732436973	0.786087166765	-0.392719253806
-1.65285210383	2.40425386135	-0.994556920554
0.0315533873182	-0.575129961461	0.817453308256
-2.75379001358	2.71626369847	-1.73208880861
-0.839019505227	0.502262037524	-0.209234594441
2.00674498411	2.166278875	-0.328398425667
0.691255098188	0.721200160431	0.0451300102175
-2.04187439044	1.84035507432	-1.67351328529
0.685456408345	0.401324537652	0.607526236254
0.140829297462	0.783536834387	-1.79946277119
0.193615852362	0.876927687397	0.439898548293
-0.252757600223	0.51294021844	-1.19134247361
0.224445813701	0.720956497007	0.655626270168
-0.217698594596	0.425270242773	1.80996588948
-0.223470588211	-0.957685966956	-0.181379394916
-1.57181925128	2.54284440862	1.97885834046
-0.885913477206	-0.275676874117	0.373040978957
0.142236135691	-2.04839073589	1.92409154143
0.718650049273	0.457326291174	0.523827042144
-1.44326936546	0.597987097064	-1.56695844331
0.414907739127	0.580655887336	-0.700492903971
-2.13845013668	1.55944671289	-2.39222925606
0.0355860072764	-0.996903363462	0.070123605184
2.83715007954	-2.21450620387	-1.28682174943
-0.54007813296	-0.0110554565167	-0.841542267019
-2.05562175605	1.15248413238	-2.26568263968
-0.832095109815	-0.138986961293	0.536936078889
2.17306888444	-1.70361717133	-0.495368748582
0.711723619278	0.683653665799	0.161453259493
-2.72514567634	-1.42707331566	0.962470784209
-0.680460253103	-0.666013738599	-0.305613389668
-1.75044611145	-1.21357856	-0.709274504108
0.355586405781	-0.327533932683	-0.875374109147
-1.02788121097	-1.09984419226	2.57525862904
0.454790079274	0.28583338879	-0.843483999639
1.71647112175	-1.39880487819	1.08501440471
-0.765237029278	-0.638594283502	-0.081299631608
-0.54748482823	-0.456215502923	-2.66211862401
-0.433347992389	-0.500722294379	0.749324163099
-0.457410884879	0.022025768155	-0.270080561335
-0.118087968641	0.677015968931	-0.726432797631
1.51936018717	-2.84370655128	-2.81705447465
-0.575885367315	0.791397246062	-0.205052292446
0.021623072558	2.39526036903	0.278729089096
-0.51134755275	0.725183910438	-0.461120349083
0.447259412698	-2.09166989796	2.18534538598
0.349604968798	0.652025926582	0.672784182972
2.61098111128	-2.15677942448	2.60270901623
-0.387512473379	-0.73871701152	-0.551480969633
-0.439035936909	-1.45165059189	-1.89725066336
0.690587970707	0.429939890926	-0.581583996432
2.30877401034	-1.26498667721	0.938257979661
0.527699812275	0.731217282035	0.432266346802
-2.23108078024	-1.3223686416	0.750359252634
-0.600671064932	0.607640809378	-0.519583408637
2.56669958083	-2.48561560139	-0.89066169641
0.221607584297	-0.83726325239	-0.499880310454
0.318928257138	-2.35373395363	-1.5189121393
0.109127177685	0.568692816346	-0.815278933695
-2.66539022572	-2.03604119732	-1.49777870554
0.526663375642	-0.803171044814	0.278463573076
2.33959849097	-1.04007457786	-0.0657575075022
0.382862956538	-0.693991268558	-0.609747550776
1.21404032839	2.35613893238	-1.02376774629
0.350658391023	0.919791362575	0.176132172349
-0.859296238869	1.52394829497	0.718900468174
0.582457312939	-0.456497777681	0.672572120725
0.479939691342	-2.40154188882	-2.07175996185
0.262599682748	0.673477033608	-0.690992106919
-1.38624673438	-1.26486037575	-2.61436849308
0.342253578214	-0.752333971595	0.56289970988
2.31522409373	-2.49898395102	2.74986512241
0.474499734777	0.712610434442	-0.516755619631
-0.0646809570645	-2.23846610937	-1.72117434628
-0.569201525227	0.33400125589	0.751300728566
0.0244711017819	1.55700026452	-0.809885991393
0.523415337324	0.457116463594	0.719083391107
-1.05090439444	1.40935655264	0.519697682088
-0.147842031836	-0.595596471999	0.789561635444
2.87767694655	0.178938579272	-1.19885765266
-0.540551103135	-0.148930787389	0.82802423
-0.319808685036	-2.71418445999	-1.00368638186
-0.644162866387	0.758920534309	-0.0953615445148
-1.97465612608	0.974252338402	-2.12707681134
0.161934239295	-0.572730489278	-0.803590124875
-0.991161035073	0.998329089837	-1.33769012356
-0.478084473802	0.330203502676	-0.813880140272
0.949436604205	0.371579355254	-0.382970822852
-0.426022195327	-0.399393743676	-0.811781822044
-2.38502032284	-1.30415340338	2.32430803356
0.12961559611	0.800134914626	0.585648286638
2.60049792459	1.69012464227	1.56124262084
0.872215249874	-0.430945119751	-0.231358729357
0.541709558388	2.61235751323	-1.61059390485
0.307823132325	-0.584214464842	0.750958306616
2.27486244884	-2.27232146983	-0.255114868563
-0.641523449969	-0.633044829265	-0.433245781608
-1.67960333351	2.74579442279	-1.59275801899
0.538747307486	-0.842316052705	-0.0159689082674
-2.01711867143	-0.25921145385	-2.62614117783
0.41515808638	0.259518948766	-0.871948208637
1.84601656466	-0.20780539996	-0.887061685224
-0.681281638511	-0.307108934711	0.664484334841
0.0448421912829	-2.25283534335	2.04403594185
-0.305502751111	-0.680939769942	-0.665574262404
0.13393955818	-0.128870029121	1.91322953767
-0.686184410091	-0.406901759632	0.602977539678
-0.050315866492	-0.130705006618	-0.410902369653
0.107549295722	0.835060177863	0.539543926234
0.598299057495	-2.62306188469	1.72285990942
0.732170724961	-0.679955923542	0.0398242583098
2.33007549448	-1.98965295251	0.639213613284
0.567256408635	-0.773692575319	-0.282170100753
1.21666644151	-2.48477470456	1.54194357358
-0.569001417166	0.770812592574	-0.286505382831
1.49267126678	-2.69475287126	2.2945089487
0.381187307729	0.706133948107	-0.596716920958
-2.01476189407	-0.669698794499	2.02622050431
0.694573177961	-0.340898000573	-0.633527153059
-2.12058480934	-0.725633155043	-0.216117258745
0.0919206670463	-0.290609637251	-0.952416206134
-1.2251087258	2.03295214632	-0.101561644207
0.508023180452	0.360885010259	0.782096194527
-1.57845216796	-2.76240576716	1.7486799233
0.438828164094	-0.396017854081	0.806597608257
1.48391150201	-0.711620540829	-0.837928319387
-0.628055399682	0.558779960464	0.541582284342
1.03007805331	1.55285203118	1.696080745
-0.804241328547	0.589816675203	-0.0728846699197
0.698189806768	-2.64392305004	1.94473937364
-0.453242324406	-0.497769669681	-0.739457065226
-0.226258236531	1.27837116752	-1.98768129945
-0.471215601671	-0.130608982421	-0.872294188019
2.62348998851	0.641915852593	-0.446381562356
0.64214384872	-0.679802420581	0.354287942954
1.85813207038	-0.551691546304	1.87193783398
0.910618557112	0.399199905266	0.106832949406
-1.7703664731	0.529406694441	-1.27210725421
0.884449842486	0.453407091543	-0.110319923248
2.02293153242	1.70500351506	1.37957859472
0.839756824966	0.451150250397	-0.302112440143
-0.439081244901	-0.63773597977	0.712625086109
-0.679691883363	0.370299635363	0.633164373398
1.16359072014	0.699835230714	0.215356970607
0.497061418309	-0.86769279811	-0.00625735868356
1.855465232	2.02423662218	-0.870964022456
0.351580535064	-0.835667097003	-0.421961645592
-2.59789335463	1.30040905929	-0.689239160738
0.0518488979396	-0.797553826729	0.601015461742
-2.22718262298	0.51782775488	-1.08690160726
-0.417108683453	0.647929758641	0.63734399978
-2.68714220137	-1.06015594206	-2.41493943995
0.906927413279	-0.150743800258	0.393394170936
-1.09845960755	0.299718352255	-2.75196085167
-0.272810272545	0.102898063558	0.956549289744
-0.41676153788	-1.76649496833	1.6419670037
-0.170077379025	-0.678900376634	0.71426043132
2.73289994224	-2.50043533045	0.408159517127
0.816601907334	-0.341137827536	0.465603165326
0.415843895004	-2.11716297679	-0.171255628023
0.670432857689	-0.711213539764	0.211412119301
-1.24035124816	1.8405739128	2.69911095377
0.613381903238	0.377378369937	-0.693792625129
1.77940948555	0.0786574929739	1.91691199817
0.16958096825	-0.127477992744	-0.977236745407
-0.594066141902	-2.63999678386	-0.248670047845
0.651781372545	0.485678699108	-0.582492269164
1.83323056196	-0.207230978622	-0.00776596776216
0.5172882266	-0.632265260562	-0.57676124255
2.58618678249	0.774931292584	1.68974327376
-0.0944835951048	-0.385822873485	-0.91772194076
1.21773392064	1.06494887949	2.85669979217
0.964041662873	-0.236166761303	0.121856198451
0.590127426254	1.64653788503	0.800946448919
-0.122911367162	-0.700402749202	-0.703085190239
-0.608157657217	0.513787521734	-0.797641564156
0.0249728412555	-0.166369041703	-0.985747279561
-0.620240292245	2.81418363154	-2.41626735909
0.475831041522	0.826649325049	0.300392598644
-0.542006065874	-0.623269736734	2.07406503654
-0.574246291343	-0.552829557583	-0.603838287244
0.732454248791	-2.33618064517	-1.11233309482
-0.703738031703	0.315728052682	-0.636449981918
1.92527569924	1.26889722897	-2.19297415466
0.363703827868	-0.711520157861	0.601214263429
1.9989885354	2.28348497198	2.31348337751
-0.705520572082	0.662479247561	-0.251718034555
2.46342088677	0.524130678783	1.3647549638
-0.55149134176	-0.700836178798	0.452422314272
-2.25416937621	-0.283598446742	-2.59353792373
0.9469586104	-0.262648442543	-0.185162592924
-1.0940318458	-0.2088257968	-2.01418606949
0.45490145591	-0.587443262195	0.669309404619
2.04238765544	0.642140766114	-1.8196181684
-0.195643944515	-0.0560196902444	0.979073664889
0.902380464155	1.61324511446	-1.95193392662
0.646458497069	0.266223170882	-0.714994150222
2.64259099055	-1.50287067258	0.605541783886
-0.601214911794	-0.758510424478	-0.251401204839
-1.93272293794	-2.27634629165	-1.16041232621
0.566974039158	-0.57122144149	-0.593503583563
-0.963496305596	0.373798086951	0.741842246251
-0.915038936443	-0.348293502862	0.203458547763
1.58085239911	0.711903820577	-1.41150133742
-0.544507355854	0.60133441816	-0.584729558819
1.19330774806	1.02850117225	-0.326821448473
0.56468601543	-0.451022688449	0.691164407708
-0.728779723044	1.55408975993	-2.41352737046
0.732382101215	-0.191190331208	-0.653500355832
0.585131327526	-2.43842393649	2.81871602809
-0.72907671908	-0.663741345254	0.167016658737
0.894919409852	-0.372801122332	-1.43117056696
-0.90142137755	0.295208296717	-0.31668842992
2.16536987065	-2.2022522068	-1.18885712728
0.773150845626	0.0758695043363	-0.629667839594
1.95217895787	-1.60180912022	-0.216992398764
0.985540215154	-0.022161011889	0.167986231181
1.62819501038	2.74524025204	0.599600869799
0.412889055924	0.885887918644	0.211483387286
0.165903286048	-0.124010368876	0.419583607769
-0.458211805447	0.88462000219	0.0865412795902
-0.789804979156	1.01167024276	-2.42881900045
0.247857108589	0.168655745888	0.954003193444
1.06288542008	1.94602407998	-0.124478500529
0.783459295593	-0.619073295359	-0.0542198037831
0.891048432111	1.47270661344	2.31574820942
-0.354459685333	-0.0730503647691	0.932213481817
0.184629293782	2.82971138378	-2.42485656426
-0.133632885878	0.95794087856	0.253951816286
-1.92424514413	-1.66471304021	1.83451374472
-0.882908848083	0.261074714047	-0.39027164855
-0.961316150066	-0.520585529654	0.512387342928
0.999114299574	0.0263483824045	-0.0328082174525
-0.432040292455	0.285305435632	-1.98177592935
-0.828337521509	0.493644786141	-0.264899557524
2.28228240115	0.888243801623	2.10940154402
0.504683987834	-0.725071923547	-0.468577398204
-0.524110217317	-2.78318975534	-0.0444521660052
0.548914112718	-0.756696968984	0.355109833699
2.84925855959	1.3531097493	-0.901573581185
-0.808061077823	0.460387068951	-0.367533728045
0.557053453382	-2.35404116359	2.08610956056
-0.27175107951	0.834759074619	0.478882697668
-0.0865774373682	-2.64456838449	-1.40041919703
-0.210703727643	0.676474501411	-0.705681364426
-2.24894800305	1.41289525358	0.800492190654
-0.1382140596	0.855850703312	0.498413931756
2.48809691357	-1.08443761883	1.01061854436
0.435590282335	-0.0708191343607	-0.89735486634
1.30042682126	2.57300752426	-0.418038825603
-0.484399189052	0.568791067694	-0.664706060569
2.6481275162	0.756035639965	1.45780963785
0.202889700421	0.556503500882	0.80569201496
2.72560013693	1.85277709613	0.818669821431
-0.00526218190533	0.736687155125	-0.676213239234
0.894021158727	-2.21588334112	1.42694198642
-0.460989231165	-0.664558882614	-0.588090486481
-2.3202105521	2.49035933409	-0.32751202827
0.580867780753	0.544212056594	0.60533119756
2.56878210684	-2.40500623273	-2.05902134705
0.537101527219	0.715867262906	0.446156935795
-2.52134870164	-1.25816582735	1.68640820534
-0.617567371306	0.574206572503	-0.537491724581
2.37568233108	-0.398504579983	-1.33942585284
-0.10901804658	0.965428017575	0.236777972795
-1.32447286952	-1.88092523519	-0.285680803122
-0.516930875561	0.829043087206	0.213237026447
0.216333429628	0.202406490288	-2.66285741763
0.614085543052	-0.780228538585	-0.118921711189
0.608166171321	-1.90920425889	0.647925251532
-0.383092573336	0.707284252611	0.594128829685
-0.704782054598	2.36265233781	-1.88209759094
0.689575783017	0.303078330266	0.657745212981
0.0621266021681	1.59967191585	-2.80121296624
-0.752377855089	-0.371559423814	0.543940399075
0.95127478607	0.038852092373	-1.44510050407
0.42752815853	0.727203732441	0.537023654215
1.56926618465	-0.97814858098	0.167265672102
-0.889109119379	-0.439575508678	0.12750821937
1.19543642559	2.3391373805	-0.0119281001839
0.201847903725	0.695997553803	-0.689089855434
-2.87383612925	1.37935904951	1.98523747155
-0.720163802703	0.67055775106	0.178090987335
-2.13113045786	0.149742952046	2.75081680432
-0.441104798645	-0.340505424648	0.83035089715
-1.75168250097	2.82935416593	0.576654360279
0.772589664403	0.412748718881	0.482435182714
2.36162198135	1.61572290326	-0.293294510044
-0.807691286798	0.579928778422	0.106383256148
-0.281554488171	1.13574432153	-2.68391470306
0.0172619313148	0.974834470853	-0.222260613165
-0.715744549632	-2.56332525099	2.04959271686
-0.553582276511	0.137167547543	-0.821420554304
-2.5345902678	-2.31844863752	0.617923876188
0.740333022341	-0.358030153579	0.568965223154
-2.31394545753	0.292634253	-2.17992840294
-0.108748579533	0.561362199206	0.820393946682
-0.664940547272	2.57440719356	-0.382947872633
0.743802826366	0.214984223573	0.632881615394
1.41948509434	0.968479687378	-1.85206597033
0.702280037932	-0.608227696744	-0.369948398071
-1.29112543553	2.71601529676	0.793833750847
-0.539738895531	-0.84081263562	0.0414250700941
2.28738034548	0.274002324339	-1.76062731461
-0.196222611319	0.0369011100916	-0.979864783979
2.75538293963	1.21484402334	-1.01845340041
0.70145881911	0.131463875539	0.700480388392
2.54851816124	-0.861000755862	2.85500018807
-0.352111694433	-0.865120892652	-0.357187899768
1.92861488087	1.34286454987	-2.71323981798
-0.637114833548	-0.493672392898	-0.591922509594
2.8690081553	-1.34354018127	0.579675250789
0.351311161867	0.196044971122	0.915503597396
1.5923677278	-2.47774360199	1.0467090564
0.0524239189288	0.451274303623	-0.890844114093
-0.155723468088	-2.30892323326	1.78858483967
-0.169220897046	-0.979805051725	0.106519240598
-1.08338150482	0.61692761226	-0.757442476413
-0.668401731616	-0.743719227491	-0.0109925353145
0.962802877322	1.44218743819	1.20676724915
-0.920351304057	0.169030586473	0.352678519274
-0.696628196121	2.68213059102	-1.59430986239
-0.686860352256	0.301487248601	0.661308018574
-2.630838405	-2.38989514824	1.98084719409
0.474732863412	0.674068644192	0.565915339352
-2.6272295398	-0.847689276153	-2.40925044158
-0.781445473896	-0.498931732795	-0.374713353562
-2.43762068857	2.75136132574	1.88736235679
-0.828935617455	-0.554355424349	-0.0745372766428
1.36693325164	2.56635874235	-1.99576062629
0.284911334097	-0.440490572403	-0.851348099972
-1.87863026923	-0.119895977005	-0.219156807241
0.672889022214	0.734588011639	-0.0871826642175
-2.39647276284	2.7736248391	-1.36096350175
0.446786219948	0.811202652568	0.377269572231
0.742626424767	0.620472675601	-2.70549917269
0.325427871719	-0.783908030813	0.528757883662
-0.412172603689	-0.194318354382	-0.866338979363
-0.665283388812	-0.704947748017	0.245859075766
1.24041981899	-0.25811020293	-2.80075526067
0.932014564427	0.19740336708	0.303942037831
-2.6285096371	2.22756640297	-1.72586391681
0.784721871953	0.601706124827	0.148866796246
-1.44668175439	0.701064009936	0.797826753799
0.285245455803	0.619781538197	-0.731099086892
-1.00794323673	0.113558118842	2.17397908367
-0.787101916113	-0.442392910069	0.429836116178
1.98260483995	0.808282846454	1.70919007687
-0.0585695041579	-0.782472942753	0.619923952629
0.348698710971	2.14729633914	0.415802890284
-0.383554585638	0.617405353343	-0.686801652225
1.26032533785	1.53894884812	0.36333249147
-0.64586273727	0.656888250643	0.389049033892
0.0729278832803	-0.685522762241	-0.71370777431
-0.647914941491	-0.547525597174	-0.529548816477
-2.6131211967	-2.52670521216	2.57100713859
0.410633691773	-0.792849804298	-0.450298966249
0.897127142386	1.77582186469	2.76480471157
-0.593917523376	0.733783913299	0.32988353098
-0.629803807416	1.69605854628	0.56255614904
0.108332692404	0.559461553238	-0.821746188434
1.75337062703	-1.81999103846	-0.0731849498318
-0.649358207225	-0.693364469668	-0.312377385404
2.027214606	-1.97510955757	-2.51144882702
0.0568637868512	0.636816838202	0.768915355762
-2.0329535485	-1.59114485173	2.52784109747
-0.543480028726	0.65145589704	0.529371960522
0.556325222729	-2.57738971436	0.741947204294
0.884126368714	0.388131495363	0.260143242179
0.581024016352	-1.65299945182	-2.84979212132
-0.740973242443	-0.355483260377	0.569728273456
0.421095532472	-1.18085670982	2.75213129265
0.434775203973	-0.872175300862	0.224233732022
-2.46679862473	-2.85408325969	0.807030773461
0.346436518474	-0.669515462576	0.657062237569
-0.13478486538	1.34504577932	1.11550072257
-0.960446908869	-0.177612320594	-0.214465845338
1.78736684642	2.30576603456	-2.44319129853
0.342038948796	-0.13005629185	-0.930642100088
1.59878436206	1.31721583625	-1.04771942049
-0.560953444853	-0.673875688288	-0.480856308518
1.91066156446	-2.78914996876	-2.24031899092
0.250246798656	-0.740091884894	0.624211936506
1.62583827229	-0.796973442721	1.04823482295
0.62513439857	-0.627520685813	-0.464138742836
-1.52915435316	0.429616577841	0.294640814747
-0.995296105189	-0.058689812441	-0.077078978405
-2.77860697425	-0.815699731688	-0.171409147381
-0.445753130399	0.816192453708	0.367605801436
-0.231486240762	2.38357914953	2.03989043668
0.874761157795	0.469098754699	0.12140541649
-2.55691494458	0.466381104815	-1.75228543169
0.701091211698	-0.581482378092	-0.412734002535
-2.51904241447	0.717601321128	-1.70249552704
-0.784561295405	-0.0325803177265	0.619194716264
0.457236420799	2.42102287067	1.07484110833
-0.112164858213	0.742586640196	-0.660290940711
-0.93838038004	1.72736350627	-2.72021535837
-0.395779526449	0.0912959589957	0.913796265212
-1.31616473127	2.44485405997	-1.2695771188
0.628700349223	0.765489337099	-0.13697425187
1.30116183716	-1.53577538627	1.05569614832
-0.672369758886	-0.211842496348	0.709254301415
0.511312920403	1.50736399456	1.3596038078
-0.871487486486	0.481690013351	0.0921102162418
1.86481815597	2.35871017996	0.075871209955
0.285655674717	-0.570117742313	-0.770302924441
0.50881330349	1.64622571913	2.28356270572
-0.529185304719	-0.842940284472	0.0970288105839
2.87284892291	2.31020957461	1.85459050283
-0.510896680894	0.709664591017	0.485139927967
2.68192234326	-0.855725007441	-2.14088060971
-0.455809302011	0.556959234889	-0.694286893778
-0.591335248474	1.48514666758	0.576154781442
-0.874381452731	-0.26558266738	0.406107032577
-2.8709289922	-1.78846829684	2.85128333268
-0.477134920941	0.745405962609	-0.46552359567
2.75207625373	0.00151726184432	2.02425831931
-0.0403881953244	-0.223049262012	0.973970133215
-1.03497125564	0.477856504634	1.32203532491
0.46993055974	-0.870834394665	0.144266164056
0.244840854615	1.86439431196	2.15730673596
-0.326258983228	-0.143965579307	0.934253171168
-2.28449911004	-2.30123793167	-0.115429446461
0.186720676565	-0.436586879794	-0.880072318242
-1.04906283765	0.190511662953	0.267055574802
0.568357962105	0.68231468572	0.459799844022
2.37966610448	-0.238899931809	-0.245357568077
0.199216137098	0.910692764265	0.361872380591
-2.51227415712	2.1658259007	2.44618511374
0.982621280506	0.0190683468215	-0.184639695748
2.77694059467	-0.243115656154	2.01287085429
-0.757535902922	-0.283582160508	0.587980028595
-0.0504501509618	0.470973635368	-0.846855143622
-0.377556643675	-0.728171028488	-0.572029661895
1.12584226967	1.06436658049	0.615020141156
-0.383734438782	-0.266692876288	-0.884094333332
1.09843877043	2.21986484225	0.861218690103
0.541248247224	-0.840200917089	-0.0333579645636
2.71930341898	-0.389765176801	0.436780950007
-0.275455875975	-0.458749890674	0.844791452488
-1.96585001355	0.825911159102	1.17469431061
0.220854330813	-0.830784852642	0.510901060071
-0.694182881795	0.0904632692391	0.57388630539
-0.189581274327	-0.776578714359	0.600819807288
-0.569016283457	-1.17776338061	-2.60853349273
-0.847156044459	-0.530465999236	-0.0305362078626
2.36179989668	-1.75510838771	0.907593519925
0.43627564563	-0.719779357167	0.539982627522
-2.50285690624	-0.727986284797	2.67149602742
0.265138475864	0.926672191102	0.266421168181
1.45899400225	-1.06747193272	-2.07901427154
-0.723132326385	-0.637854955171	-0.264991876669
1.79590228405	0.507217495483	1.34095982343
-0.0909045983112	-0.61298041073	0.784851177018
0.727159868005	-0.992212597755	-2.04201003491
0.279610116639	-0.361713182003	-0.889371551512
1.7389497232	-2.61006774702	-1.70108465343
-0.959429932468	0.277581958551	-0.0494212603205
0.0379706365463	0.822284795261	2.34180794411
-0.323709307922	-0.324840506658	-0.888645558814
-1.59574768023	-0.716445493066	0.922981078918
0.855105646083	-0.244040951673	-0.457425784083
-0.234386139698	-0.461671483202	2.33010759257
0.107460190468	-0.314322374338	0.943214584522
-1.4853290863	1.13858917108	2.85128562739
0.569795631115	-0.0526743736647	0.820096548658
0.935709043952	1.16562565815	1.10263153645
-0.239104292882	0.300799773079	0.923227292513
2.79120812239	1.50312528914	-0.745142835282
-0.168237972167	-0.347713012	0.922383676139
2.38233035832	-2.85030274562	0.657448415792
0.612752406859	-0.656454242515	-0.440002631097
0.776362771397	0.39007835606	-0.990344649057
-0.906927617315	-0.356539923539	-0.224413858472
0.850101177093	1.35609563031	0.719178589781
0.13387555878	-0.0201185727707	-0.990793912875
-0.780285289954	2.37889091973	0.356427532057
-0.61368374559	-0.412862461465	-0.673005830816
0.313157381805	-1.27259294337	2.19764301378
0.0105873818189	-0.878878746963	-0.476927725639
-1.23105436275	2.77736134335	-1.60359259928
0.383870640321	-0.720021141972	0.578111482859
2.61404793006	2.17190126204	-1.31970638495
0.118694305696	-0.0335428552717	0.992364115965
-0.777210406806	-2.46059588631	-0.933384851297
0.690802529022	0.705562833549	-0.158028332304
1.88133683094	1.58111269226	0.827085788042
-0.710879362237	0.195080774943	-0.675717414008
-0.914974227983	2.06423054236	-1.06524628249
0.811587234538	0.581545846045	0.055951672739
-0.681906638338	1.99721314197	0.591063586483
-0.64364761461	-0.761631836181	0.0750646009983
0.00401478358292	-2.63004650123	-2.25015816918
0.201836789696	0.466944728612	-0.860943976543
0.162055455973	-2.27876063487	2.4772438894
-0.576583989144	-0.732298791111	-0.362338769664
-1.10799709729	-0.112809580612	-1.03150047808
-0.708867671976	0.652336560831	-0.268260386621
0.85164726602	-0.578085714549	-1.44570788387
0.359611021073	-0.927372198004	0.103250762183
1.80687173423	-1.758172852	0.756447553949
-0.605620461309	0.793119014165	-0.0646999707362
-0.759705246967	0.625507544785	-0.686030282477
-0.109623358086	0.631706554873	-0.767417453472
2.59002831964	2.47135637669	0.116612048279
-0.510003404369	-0.543692444059	0.66655461427
1.57342162683	2.56934621592	0.896867173732
0.835413732209	0.385405718279	0.39184987987
1.64795163043	0.495728666637	1.14519867924
0.80594093604	0.409339727179	0.427668324017
0.263716493491	0.370018285242	-1.56221076106
-0.857033934761	-0.248636495894	-0.451301149541
-0.959290030789	1.82139972998	-1.94099490474
0.181435367645	0.983380555505	-0.0066249846917
0.430696383303	-1.92493155359	-1.60776749189
-0.699400935958	-0.0377953967068	-0.713729527741
-1.71856467676	2.42657472034	2.07699292936
0.0382098204547	0.139448973552	-0.989491785411
0.699157481389	-2.53260924856	-1.13410436807
-0.853444773056	0.424006152639	-0.30306897213
-0.231000956713	-0.76293597403	2.05784556634
0.156347724748	0.785907211955	-0.598251822533
0.309437277881	0.00811044303561	-2.08909030001
0.306564791208	-0.777588283749	-0.54897585536
-0.626806142196	0.713227233156	-0.841313467577
-0.795849449392	-0.585860031639	0.152943379164
1.93711375057	-1.27161150265	-0.46820353797
-0.260697554478	-0.72140766515	0.6415666495
1.29881884546	-1.7383626678	-1.5846558267
0.665953725879	0.600629267531	0.442436569434
-2.70689355629	2.69297440314	-2.2631449715
0.813413530054	-0.572185275953	-0.104701667167
-1.6831232049	-0.944646833467	-1.10015130085
-0.773837840917	0.119408067688	0.622026293123
1.24833560152	-2.13991986458	-1.46145911814
0.688640728646	-0.659178751596	0.302088265734
-0.713827168971	-2.51658991586	-0.137973073663
0.434890672592	0.112659996211	0.893407985271
-0.742235669883	-2.41019670193	1.2553243345
0.654261440457	0.738715537755	0.161991733772
0.658630440203	-2.06721388963	-1.73625764095
-0.359743786065	-0.809063730888	0.464758311113
-0.233924940258	0.661731025045	-2.25579501437
0.400434058161	-0.737847534199	0.543354011065
-0.0218090257242	-1.00882417683	1.08019521151
-0.0229079738999	-0.583516991493	0.811777768463
-1.36249834707	0.547387911568	0.577531472252
0.748171813973	-0.496067421989	-0.440631421505
-1.39074359	-1.59352198849	-2.44708406224
0.614030271892	0.654680064448	-0.440863741324
-0.959434883151	2.17168873523	-2.0082843781
-0.920508599684	0.317447697754	0.227795691573
1.06140611142	1.21498072019	2.27044036908
0.199609131555	-0.630844837455	0.749793962136
2.54249625866	0.11230740875	2.23670031368
0.230482764428	0.465703885476	0.854398962051
2.09420104401	0.346285318723	1.21509019931
0.732781687779	0.680380566116	-0.0106434631013
0.160967802165	1.82839970995	2.60677863675
0.387538893361	0.910923334595	0.141535453593
1.24401574467	0.296095224323	-2.54007622785
-0.38943412	0.154652835393	-0.907977734685
-2.10595345431	2.39817297844	-1.7504879165
0.530926281526	-0.597974303004	-0.600453175969
-0.836198175808	-2.27645034127	1.63066300876
0.740527100441	0.0460776069714	0.670444977346
-0.816936781567	-0.913868135691	1.81317852716
0.63693668459	0.690942677231	-0.341920863073
0.755723498304	0.366016235967	-0.43358216125
-0.422706261152	0.290394562137	0.858481458777
2.0434701141	1.59287897162	-0.594615536756
-0.524038852989	0.404149469985	0.74969759668
-1.44513015216	-1.18289739785	-2.31274143579
0.320940705366	-0.482903108769	-0.8147402354
-1.52220266695	2.21192976229	-1.85769591676
-0.674066874657	0.72109352514	-0.160181074075
-1.97713347205	2.77295724434	-2.27082180409
0.347354760432	0.653973894082	0.672058640495
-1.69702499885	0.17590654981	1.92390590939
0.521560405511	0.652257907928	0.550031239975
-1.61712302789	-1.71915753211	-1.01699378678
0.756861906578	-0.351383797045	-0.551080285934
0.964767608668	1.06171181565	-1.00082500416
0.943925349547	0.105214210057	0.312945529581
-1.01745655991	2.68485119741	-1.13775713749
-0.637068612184	0.661351220465	0.395926945988
-0.248072220476	0.582575540157	-2.67303788064
-0.897581181406	-0.114247733623	-0.425788067174
-1.40975879777	-2.85112884893	0.716060491061
-0.659741808351	-0.434334383057	0.613265350406
2.86779301414	-1.40540197728	-1.05775326177
-0.833209082784	0.511537778062	0.209980299032
1.49858055472	0.345876937845	-1.0981659504
0.606845053407	0.630661278353	-0.483741080684
-0.282273633031	-2.16494680132	1.69694714884
-0.914514414907	-0.0128492313825	-0.404349208209
0.162865441024	1.03523680368	-0.355508510297
0.521187901342	-0.504724255587	-0.688198080001
-0.668183937257	1.74249743389	-2.36202033575
0.554908882848	-0.831340864882	0.030797696574
1.53630253255	-0.290207874123	1.5724379028
0.511718221984	0.588313081408	0.62612473161
-2.47904605012	1.049631337	1.997850582
0.146894384782	0.693446836705	-0.705374740392
-2.11132423571	-1.1084459432	1.88611934993
-0.625852023721	-0.38504974086	0.678266865967
2.41872891305	0.892586333249	-2.12116940173
-0.458113822342	0.020713338097	-0.88865217234
0.790317703356	0.807753713987	2.00873900239
-0.0659466808494	-0.922359664696	-0.380662165479
-1.82560040188	1.5850932859	-1.78976121855
-0.121202752362	-0.29769972527	0.946934404483
-1.55740368522	-0.882453229178	-0.268930855714
-0.667411520877	-0.725114935833	-0.169617781006
-0.501449881816	-2.40388180644	1.85641118297
-0.36792565135	-0.472500072987	-0.800858536888
0.849783649443	-1.68059528833	-1.90693372844
0.212031346474	0.599615562704	-0.771688982088
1.76682769266	-2.81920194439	1.81698610208
0.164439949305	-0.857419652611	0.487638229006
2.37414903137	-2.1293239019	-2.46371917638
-0.370639892202	0.673470968241	-0.639580272714
-2.01183077136	1.25782589692	0.0002045100119
-0.349512121934	0.576147356565	0.738847413302
-0.502717034259	0.590002714899	-0.526958642808
-0.208060174244	-0.859343164253	-0.467161952588
2.46497254202	-0.77876723988	-2.1215741466
0.502898573605	0.65768662851	-0.560839837516
1.12341998487	1.195141328	1.50378050979
-0.139733315061	0.618564698257	-0.773209101558
1.01586893354	-0.190853241055	-1.29617318498
0.73518914351	0.0922345764611	-0.671557671515
2.86503581574	-0.10386070727	1.89047817925
0.617069338257	-0.643672083114	-0.452671714605
-0.326089308515	1.31674183656	2.71538070231
-0.289083168447	-0.556904306659	-0.778645307534
2.47616193731	1.05794911077	2.34479520853
0.141075583346	0.569933148045	0.809489892798
0.977201183698	0.546575991896	-2.31121097648
-0.944804499956	-0.309915896325	-0.106285436762
-1.73462395727	-2.67024860225	-1.23745827737
0.769161779286	-0.58825488893	-0.249692496755
2.77743785628	-1.34759582739	-0.091497699037
-0.573500113332	0.159376764942	0.803552528965
-1.40346340328	-2.86467088697	1.73773972536
-0.756740413562	-0.225117525346	0.613731249216
-0.000166351225475	-1.48628058896	2.74152261457
0.56355035433	0.786514195106	-0.252599325082
-0.344984949862	1.13521709711	0.159815489085
-0.330221482941	0.931722419874	0.15115258684
1.26662600719	-1.97319588641	1.7477713593
0.463046634125	-0.713834575287	0.525383682417
2.7447233744	-1.21095361909	-1.09041246339
0.408622597891	-0.0612978633729	0.91064270954
-2.46765944212	-1.45841534783	1.25116564803
-0.254028387474	-0.197446223015	0.94682868956
-0.998125132183	-2.8764136778	-2.11987047567
-0.903693284081	0.361336759771	0.229726346651
-0.0667834756381	0.149356777013	-1.46376184546
0.362553026267	0.755944283864	-0.545072052887
-1.58554751228	-2.70225365489	-0.460404544037
0.526522960152	-0.840858003728	-0.12542483805
-0.594484355072	-1.16731263167	-1.66356069278
-0.409265806416	-0.770324190844	-0.488980716081
-2.04812045989	0.635594600542	-0.290579134461
-0.534541094246	-0.844550563405	-0.0316253761042
-0.212693617723	1.47269821001	0.188900205746
-0.831911208714	0.355394689278	-0.426167051342
-0.230090162763	-2.6533542253	-0.0151814822043
0.714713386644	0.632036889425	-0.299523196694
0.859932775621	-1.34981958712	-0.233954410883
-0.607776392543	-0.0954442506662	-0.788351604097
-0.457475447111	-0.351848073299	0.305744332893
-0.210196447106	0.975352738469	-0.0671154913862
2.52446038199	-2.04375335822	-0.951194199133
0.364096081133	0.522710052039	0.770849041772
0.207558738435	0.509185812846	-0.978482981746
-0.741372116016	-0.568190304962	-0.357109455127
-1.7275783747	-1.67057415199	-0.257370413291
0.3831045914	0.469261312561	0.795628489046
-2.72958279299	2.85590490556	-0.331096951543
0.452373581981	0.726551732821	0.517185384424
0.373174406884	1.87631694068	-0.713191946055
0.716152449304	0.336412780766	-0.611516238781
-0.547700208716	1.93530513888	-2.43797846545
0.313576124396	0.785172390948	-0.534017163302
-2.79037592756	-0.547719709198	-2.38734123191
-0.888583893848	-0.42969599093	-0.160561573776
-1.25652223022	2.34642368012	-1.88534589308
-0.146309051513	0.463482341662	-0.873943808498
-0.235729359732	-2.15684179499	-2.01825536102
0.747787850928	0.567122737714	0.345231995
-1.21137677699	-1.26931374561	0.816456718654
0.718242278223	0.68289534262	-0.133349093736
-1.91419882855	2.67496631135	1.9621999935
-0.857177114384	-0.168087721431	-0.486820205498
1.35056081599	0.422630947397	-0.908690648056
0.356888698721	0.429204230754	-0.829707288764
1.4988442775	0.0648578458581	1.63376042747
0.601824395244	0.0963136280522	-0.792799522162
2.22031662858	-0.125808386395	-2.3754899348
0.511161999109	0.818451552216	0.262393725805
-1.87825356229	-1.39632873505	2.66947060689
-0.547870337398	-0.428017213275	-0.718776292417
2.23655975355	-0.134404093281	1.94769186857
0.784867721355	0.524277605122	-0.330326584976
0.962367157906	-1.26895862516	-2.76303512555
0.527207645677	-0.627579429074	0.57288407077
2.25639428449	0.767578611737	-2.68858940059
0.611194431024	-0.175707896721	0.771730589335
-1.93833503699	2.70433143256	2.4705833423
0.702537851214	-0.0443862021538	-0.710260820171
2.38384229254	0.116396407631	1.86960349869
-0.377843953931	0.674073574641	-0.634711558465
0.36927272004	1.4008556463	0.136255272815
0.772481722624	-0.518402303097	-0.366784732992
1.60355794803	0.333623618719	0.869862245373
-0.689655094459	0.682879345305	0.240939101109
1.66172954224	-0.31914484098	-1.54389802311
0.782306720103	-0.372089892654	0.499545100533
0.064316901308	-2.51781769646	-1.09568080984
0.713852445195	-0.127012438442	0.688681731259
-2.84633875731	-0.329055087517	-1.41340547517
0.899276234797	-0.380962001588	-0.214872536344
0.00576817386114	-0.704087972953	2.44642642802
0.519316775411	0.232678433922	-0.822296073908
2.78397289128	-1.7157287021	-0.45634961725
-0.370701308332	-0.0828806462176	-0.925046668273
-0.3819281862	-0.537972087437	-1.43670978646
-0.356181504	0.34794167391	0.867220460878
1.27635108507	-0.915096341613	-2.80522665936
-0.658096495859	0.666155670403	0.350921109266
-0.844683503361	1.90677624421	1.39594893079
-0.380119212754	-0.606382360346	-0.698433831624
-1.89503889935	2.30511273553	-1.19157395035
0.921661631716	0.10032677949	0.374799111445
-0.393067260147	0.438994612665	-0.61069161423
0.587186662623	-0.555220715163	-0.58901764039
2.60222049303	-0.36187164573	-1.68161406831
-0.582157674473	-0.76689845089	0.270109622329
-1.72989991871	-1.00405019231	-0.277274608005
0.375347935749	0.880110984923	-0.290720796207
1.56746713768	-2.70835839201	-2.44033766103
0.353348751681	0.685237999614	0.636862264207
-0.162898308797	1.20111612805	0.0811746086457
0.494024471372	0.27416992477	0.825088282572
1.29242157838	-0.259030808377	-1.27980146159
0.664322040115	0.727375264844	0.172050722492
-2.41075442434	2.04678476639	-1.59892394195
-0.998523534711	-0.0516478732562	0.0168299677947
-1.56670583149	-0.258945455183	-0.551199700153
0.0558024619012	0.0517203053683	0.997101346533
-1.92881935719	0.584090881739	-1.38784253883
-0.295156747348	-0.818303811462	-0.493215334961
2.85817892933	2.83370108765	2.06718793514
-0.0660479179223	-0.925861361339	-0.372046249972
-0.196908905011	-0.0061164592485	1.73925480964
-0.217403988712	0.962290575266	-0.163500319406
-1.85026932907	-0.4376999859	-1.78210061529
-0.77901848229	0.286366789064	0.557785143555
-2.00927196948	2.74496607405	0.0508936425274
0.601834164325	0.528770182794	-0.598496225919
-2.07366631681	0.0647399477439	0.298815171453
-0.282109293818	0.795378326325	-0.536458446064
0.669722369008	0.433885789138	1.38647252543
-0.261271397869	0.764880728436	-0.588807887109
-1.0218839423	1.65198542123	0.534952198586
0.0222231540007	0.317966061425	-0.947841608713
0.191715790325	-2.772329101	0.876590439299
0.650777074944	-0.68706614211	-0.323155249212
-2.63274296276	-1.14966692474	-0.211225889716
-0.731338113511	0.0078237468231	-0.681970199284
-0.298851396542	1.09732140831	1.2051992408
-0.568859756816	-0.518778204576	-0.638175329773
-2.31154485093	0.154730534182	-2.76473585277
0.404820223022	-0.0986846176978	-0.909055517151
2.3928003257	0.751226548517	-0.347808767158
0.367371320412	-0.428269001942	-0.825605217349
1.97547009498	1.34051554338	1.83066017105
0.151254672947	-0.104068515889	0.983001407889
1.19641602813	-2.72929418247	-1.72915165951
0.862445249827	0.168514117743	-0.477274746003
1.06187270933	1.94843696747	2.48846992356
-0.440495818253	-0.672286391745	-0.594974320097
2.63029823949	1.39175253107	2.03167147305
-0.364961569382	0.898868178171	-0.242567621802
-2.80689191986	-0.848856280098	2.02737951372
-0.3761034921	0.111290688359	0.919869852704
2.70739980521	0.27814718539	0.206340911016
-0.502553827302	0.584049952444	-0.637436509556
1.99746948532	2.83238147162	-0.033022978056
0.378185751166	0.876614532339	-0.297527308506
0.30291111183	1.85624781101	-1.19242886899
0.204248412614	-0.752428450602	0.626206046497
2.03457203828	1.68982780419	-2.21002858245
0.230443211627	-0.944570607035	-0.23384245667
0.731731412146	-1.39278137173	0.743210058772
-0.833952315676	0.0203057907315	-0.551462791167
1.39530869889	2.08257185156	-2.53849725295
0.612888813992	-0.307911654092	-0.727707162915
-1.68495320732	-0.513835060232	1.7680244025
-0.71456195696	0.0270617636343	-0.699048546679
-1.82964356396	2.78795082425	2.11624100131
-0.842104784601	0.518758900079	0.147474524381
1.33406601869	-2.12014311523	-2.26954050209
0.420896289772	0.745282960787	-0.517106973088
2.00024096894	1.75154238126	0.58475930227
-0.497949237673	-0.815852821724	-0.293991037254
-0.439209790987	-1.34987064386	0.968476627635
-0.936399242766	0.25017020229	0.246112429659
0.171178135749	-2.48763070704	0.443009682075
0.609686454788	-0.660806062616	-0.437741675487
1.59364695831	2.38423893995	0.629838015854
0.676198867497	0.7236540863	0.138129848251
0.39001421223	-2.74087902759	2.68638380314
0.814941467603	0.409751704452	0.409846245659
1.36283224052	0.849487596569	-0.124409321804
0.873790455086	0.355484848591	-0.331844486202
2.40554392831	-1.92757746045	-2.52045513451
0.990925776375	-0.0389851001625	-0.128632296415
-0.857474302266	-1.36633718478	1.22551336686
-0.159408368362	0.641611960764	-0.750281989588
2.48867923791	-0.288785990246	-2.4247758038
0.610954528383	0.59961460506	-0.516910910745
-0.454023115307	-2.23538079692	-2.08223270297
-0.614275750895	0.757127378409	-0.222313820368
0.123702168906	2.47044558318	-1.32993841036
-0.325984388849	-0.700269877097	-0.635103359665
2.80524674377	2.22919420034	-2.34077616397
0.635374343311	0.770388322293	-0.052927088876
-2.51522132091	1.67332980975	2.2393395195
-0.815964313828	-0.552481413293	0.170195553775
-0.471744115014	-0.099397540486	2.11482469625
0.430711806491	0.338137359996	0.836749942052
-2.70340477584	0.304101237045	-1.22712573188
0.317515495553	-0.703816772355	-0.635472942804
0.991204293778	2.50537140155	-0.0151292485952
0.741581478827	0.190727452713	0.643179562053
-0.803859978924	1.86078190131	-2.81326983218
-0.802491417648	0.557774099977	0.211885766385
2.0148079461	-1.2628559845	-1.95951527772
0.625504099526	-0.634000172815	-0.454739928252
2.2957941922	2.77172206246	-2.68413615853
0.562936806764	-0.215038157773	0.798035552022
-2.63957690986	0.168534674317	2.33050342102
-0.0766033920115	0.579965422497	-0.811031459957
-2.04509236057	2.01282931956	-1.56478985343
0.747916585744	-0.496558415026	0.440511658457
-1.48516404465	-0.406772475436	1.79495106866
0.251052606193	-0.957205053621	0.14398289567
2.16100040917	1.85500918655	-1.39396304812
-0.783272558704	0.548426638748	0.292766665952
-1.99869919999	-2.84356240698	1.49992575626
0.567182732601	-0.604489950416	-0.559370760485
0.337869724205	0.100783924467	1.08093916599
0.562169189994	0.826255859644	0.0355957332438
-0.342544922547	-1.52222335754	0.102414271724
-0.153219393616	0.974706007451	0.162702232498
1.23277645663	2.10786819879	0.380334592484
-0.956712833688	-0.289988577325	0.0246409999397
2.7658590566	-1.99778038139	-0.284694916335
-0.619793676541	0.485484604696	0.616571566911
2.46110891279	-2.32385796436	-2.78268200833
-0.799113745767	0.403346835281	-0.445789806742
-0.997712099084	-2.80426432062	-0.313906721812
-0.121492128028	0.782186991239	0.611083606034
-1.20821739597	1.801055391	2.11407871477
0.192524836312	0.523442272035	0.830025526866
0.559394934928	-0.61661974442	2.7537613892
0.071130458794	0.96214859613	-0.263078955444
-0.868795546286	0.323932463534	0.295507747232
-0.783475525087	0.341411259922	0.519234487673
-1.35469853726	-1.50128036533	2.60579642557
-0.496381837351	-0.627346781	-0.600034238954
-0.569810591768	-2.74775348849	-1.20604609269
-0.837915762425	0.0547248183767	-0.54304914081
-1.44336288311	-0.729273860375	2.09387926019
0.322036675636	0.0225262061891	-0.946459164243
-1.4507480782	-2.56857773947	1.76726962502
-0.336977006398	-0.0063806778845	-0.941491255461
0.319071164608	0.994710190451	1.3257316274
0.148670002524	0.19878596336	0.968700867719
2.05335409629	-1.39772529514	2.42171956524
-0.371493639618	-0.835513799681	-0.404856970134
0.891355087684	2.7409553754	-2.7673354067
-0.617925235757	-0.726028569422	-0.301746448857
0.59438428565	0.186905736264	1.88126945177
0.740638654556	0.581121265552	-0.337272083193
1.83050111576	2.74693295579	1.73174911642
-0.298180966993	0.907409074004	-0.296136595744
1.4363359341	0.850922062691	0.401715386216
-0.419547145341	-0.309869915295	0.853206205106
2.0872235458	-0.965514357779	0.801148954625
-0.696354432945	0.193134486953	0.691223244449
-1.04640659382	-0.9882732109	0.982688682691
0.744588023972	-0.551984159419	-0.375369367834
-0.984398146574	0.74169419546	1.95092810011
-0.730278034412	0.660169338252	0.175699849992
-0.511773146157	2.53458514267	1.00870999273
0.906122767197	-0.170416710173	-0.387168794792
2.73939642311	2.86569615041	1.08007636513
-0.494989607585	0.768426593967	0.405593217481
-0.468274092558	-0.238507492808	-2.16842637996
-0.421734958741	0.719764580707	0.551433198978
-2.49147786206	-1.84397784591	-2.73010985132
0.264333884628	0.45573692117	0.849959679114
2.68762550364	-1.58457708965	-1.76127815442
0.974813037824	-0.215798268108	0.0563085141826
2.10284833211	2.08117510085	-0.4840203867
-0.987292346464	-0.0388840646785	0.154083912616
-0.744169114745	1.77125421359	0.212363377641
-0.879485179062	-0.0303216061436	0.474959387749
-1.8733840667	0.512987454633	-2.77026456372
0.3178146864	0.326939256043	-0.890002555033
1.92716164268	1.87022783213	-1.779998047
-0.889642316249	-0.45007432578	-0.077263512819
2.85737982211	-2.34666782208	0.981416576588
0.0717342787243	-0.839408834309	-0.538745767631
-0.0760420278194	-1.8272545827	2.66069969395
0.464751636012	-0.547451040733	-0.695919014559
1.07838419433	2.01084817327	-1.84514129836
-0.774778957265	0.622822378566	0.108673143589
-2.73966533863	-2.42810436561	2.34756286238
0.641070185004	0.48094520076	0.598097593847
1.57478803523	0.414609052071	2.87285581693
0.274586465544	0.596367627754	-0.754286368369
1.2543295594	-0.91631656086	2.83763646742
0.667085025198	-0.636444709541	0.387215315883
-0.597990050418	1.33543356495	-1.26341226565
0.159574755797	0.93177020435	0.326098426244
1.80916727355	1.55394069518	0.54514567561
-0.963907285909	0.0198041945143	-0.265500542469
-2.76149661278	-1.41528046045	-2.32718129207
0.769840383925	-0.446806595169	-0.455751741403
0.146991582504	-2.05360156718	2.79677620575
-0.947580567108	0.265990807695	-0.177030955091
2.66258028554	1.48024918342	-0.899992709805
-0.769464538454	0.350693997555	0.533795882469
-2.19271982094	2.32977266576	-0.855760357267
-0.059056813463	0.735888319655	-0.674522552461
0.442672485155	-0.373299842442	-2.43338016364
-0.238298891021	0.0303507502194	0.970717502932
1.40024924119	-0.0848076835628	0.335563001999
0.751108873557	-0.427692694546	-0.502905974409
-1.72350941646	-0.758165616964	0.699029978737
0.376761433735	-0.555309351181	0.74140565586
-0.453932934974	2.77084842571	2.19457572109
-0.873562568774	0.334668211946	-0.353391604811
0.387360457727	-0.053471370678	-0.946838190303
-0.759362878722	0.0452651044749	-0.649090971079
-0.131166178207	-0.207034292008	1.78203179091
0.128593821976	0.538723844521	-0.832610502152
-1.57992616142	-2.79175010698	-2.72547955131
-0.343709513933	0.699567292164	-0.626473761435
