384
2.33043367967	-1.76328540712	-1.04549334365
-0.816084205245	0.575113513847	-0.0570176826874
-2.41889810303	-0.442668089688	-0.375228259086
-0.0108661653737	0.276406628334	-0.960979345389
1.35573582064	1.80439315911	1.81150660835
-0.398000314145	0.583113391283	0.708219261845
-1.51618941518	-0.0945966154646	0.505723164324
-0.802964546886	0.530544180902	-0.271607821235
0.351314242519	-0.293892963139	0.498949670691
-0.939638415943	-0.163807193386	-0.300411136078
-1.38661749421	-2.39764064814	1.33383765936
-0.838053620065	0.100312469104	0.536286806139
-1.02640545162	0.31701403656	0.136061270037
-0.343687919338	0.621471303011	0.704025591605
2.37856140715	0.449039556969	1.94741521666
0.355594899727	-0.453545368851	-0.817220206359
1.32206863386	-0.8280737206	-1.33437477548
0.504630587092	0.819932583226	-0.270293413784
0.88445927367	1.64124732915	-1.08240211508
0.600996717251	-0.731593956757	0.321827948273
2.10948966336	1.51478093225	0.670085305579
-0.681652577845	0.410221181467	-0.605861655325
-0.780911500795	1.17726762209	1.21061904319
-0.785945134888	-0.60865013835	0.108789953727
-0.027923813412	-2.13500861728	0.331482280688
0.622859459708	0.779692975026	-0.0642258370726
-1.95347539353	-0.39624815614	2.13439478585
-0.96902815169	0.187591971541	0.160604151395
-1.53348514046	0.193663139231	1.42467193673
0.768462407529	-0.62265672314	0.147526720775
2.41952315685	1.35706392927	-1.03530286554
-0.517254824536	0.758851139453	0.39571756929
1.90242748333	-0.840354207283	-0.235045738828
0.665333754964	0.25211694963	0.702686301428
2.32920567986	-0.0800791126202	0.753814811931
0.410722965662	0.684964497878	-0.601772616629
-1.26558762567	-2.08203708355	0.133396271833
-0.224955574639	0.894692931089	0.38590095685
-0.0810847047732	-2.27189960982	-0.251605715947
0.315274210472	-0.164893260355	-0.934565345442
2.38731942408	-2.21244909463	1.60660511626
-0.693080956543	0.705519979103	0.147920068832
0.777882463221	0.703322130357	1.53378882112
-0.829445147022	-0.04557606218	0.556725758914
-0.494503875092	-1.19437541114	-1.84315060642
-0.404367188769	0.487814051813	0.773643734222
0.714567481275	0.498602009807	1.54494261853
0.438314511742	0.516180398848	0.735824832852
-0.34382974755	-1.95260404862	1.37504533839
-0.304402092303	-0.524807732815	-0.794931575533
2.08598761171	-0.00657249670463	1.31117754029
0.321690981206	0.45470971003	-0.830514293805
-0.0610852767523	0.990849583257	2.08265930901
-0.724379427882	0.279047659229	-0.630402132247
1.55210303873	1.98003117717	0.445207431785
0.676578312496	-0.642485820585	-0.359796827956
-0.871322163166	-0.330126540511	0.620156006016
-0.680099528659	-0.277754787424	-0.678466586635
0.558609033478	1.58612916575	-2.09590386859
0.455136920594	0.807267398471	0.375725605833
2.00777895467	1.37526619484	-0.953391485412
0.273312689401	-0.189319244983	0.943111020661
-1.82872771166	0.482068664451	-2.10189533919
-0.414602444224	0.864879270607	-0.282999400207
-1.6187772534	-2.28313369398	-1.94154860903
0.448235831885	-0.83469125711	0.319961160642
-0.853909590829	2.04061283726	-0.790379765006
-0.789760793436	-0.392837632399	0.471122578234
-1.23982412011	1.23660086611	-1.98650471674
-0.0751372250593	0.772020545134	-0.631140772967
2.04630451235	-2.4370271281	-0.327464303507
0.515689813546	-0.800729081297	0.304790017175
0.0719814857661	0.750047441161	1.21831843738
-0.735470419414	0.216294543111	-0.642105857929
1.5841901248	1.39537254249	-2.01741814152
0.774901748972	0.164877722854	0.610198833124
-0.358531567511	-0.866370462111	0.52605627811
0.0871962965162	0.982017074779	-0.167449307899
1.14361199478	0.0993226019766	0.363003958602
0.682011380595	0.442482817776	-0.582296687876
0.808093582361	-1.31163973457	-2.04045577849
-0.220893685101	-0.580469861388	0.783747867559
1.85027214598	-0.790753137753	1.07506530422
-0.695561598523	0.710327695359	0.107836115776
1.06980734149	-0.660640375036	1.23371429904
0.267142329018	-0.846952036157	-0.459681655601
2.14853990643	-2.25514087335	1.42605845944
-0.114606766254	0.962942011898	-0.244147436708
2.12464407349	1.82413104028	0.246012780492
-0.559378723512	-0.342929467917	0.754648808199
0.128398318968	0.969327412749	-0.977772398879
0.317531885521	0.643326550928	0.696637962323
-1.03510713724	0.165362850332	-2.27973423517
0.455340233605	0.00596486258059	-0.890297530085
-1.13816752337	-1.68491546051	-1.89078342077
0.32128929208	0.417189762566	0.850132867736
-0.213788362173	0.613741744278	0.2270294498
0.390864727676	-0.0456126312839	-0.919317275224
0.524111530408	-1.25207357351	-2.15162941952
0.60570185366	0.442172242233	0.661520198234
-0.817649397153	0.971170418408	-0.0308236990897
0.400380147283	-0.575433332145	-0.71314249482
-1.19664701148	-1.76655867639	-2.3687699019
-0.633176975909	-0.602702775955	-0.485629777746
-0.99121304377	-2.10841095378	-0.236217958241
-0.603685512107	-0.726968941661	0.327230744785
-2.42826195035	1.75922349443	2.40151749623
-0.620600973632	0.784090820539	-0.00748442874977
-0.593446883152	-1.92685799656	-2.14279793041
-0.888940542268	0.457108302544	-0.0289259754771
0.717122514173	-0.900327412367	-1.92333408884
0.298613074074	-0.473615399245	-0.828564231421
1.77220092941	-0.756441094197	1.60946847104
0.588702079632	0.75347893659	-0.292744519252
1.92574740842	-0.932190328474	2.15294124251
0.374646985879	-0.883668885918	-0.280658041097
-2.15391498496	1.10986264364	0.374435787277
0.505070427277	-0.716330899339	0.48142902503
-2.23019528566	1.04332709152	1.66585536032
0.452288493901	-0.326305941183	-0.830035873341
-1.48757408553	-1.74451338862	1.27876437571
0.540026181375	-0.0361656536876	-0.84087083962
-0.287757561762	0.491435792501	1.14220921047
0.197250313534	-0.639448981181	-0.743099801021
0.957969116036	-2.27435989173	-0.165601293483
0.045131702218	-0.980278346933	0.192399303506
-0.37049375823	1.05751205343	-0.744274539864
0.78331119204	0.0336870679221	-0.620716326416
-2.20529590769	2.08256436295	2.3465184495
0.442038142968	-0.404117672287	0.800806585329
-0.458486078808	-2.24641012777	-1.9026250067
-0.0284225042033	0.539817442932	0.841302139283
2.09815253176	0.591937416987	2.25959663204
-0.276170284726	0.929223571072	-0.245506677704
1.52727556411	1.79292978066	-2.0951009478
-0.374009732928	0.160180478537	-0.91348723799
1.05882218315	-1.25153971155	1.5738886863
0.0559782745464	-0.80106400399	-0.595955446564
-0.0221584754517	-2.37786004208	0.316287684184
-0.579269967494	-0.334100747045	-0.743520675963
-1.15782070038	1.64576445297	-0.487304915221
-0.0684680849455	0.690004685737	0.720559265436
-0.506840557084	1.90417384094	2.08875417595
0.350309407576	0.9331895364	-0.0802533994121
1.18395917065	-0.771189897725	1.93346838112
-0.0433382882683	-0.941152403746	0.335192401008
-0.603160794475	-1.68648453963	0.0109580745059
0.0136240801355	-0.666659615128	-0.745237775477
-1.80265817432	-1.04447604898	0.541706704734
0.255011646832	-0.791643251799	0.555220696536
-0.659217137385	0.522318242917	2.08958394032
-0.816139107608	0.506730196447	-0.277743523852
-0.855966008367	2.46264359082	1.17029350252
0.751162061546	-0.213650970368	-0.624586919615
1.16601545847	-2.44149458296	-1.31702376904
-0.662463434756	0.20463818421	-0.720600729374
-1.62495281552	-1.12610506206	1.57372956881
-0.640538544742	0.00339738376207	0.767918505105
-1.97749405932	-0.904326408125	-2.40373453409
0.549355963596	0.238012677957	0.800973152105
2.38078692412	-2.41763217002	2.26862061855
0.395563598419	-0.321091548779	-0.86048222347
0.389317612684	2.13367078988	1.7787853683
0.12287506472	0.644210315564	-0.754913761824
2.30522076816	1.21515696999	0.66284706868
0.213586196401	-0.964056668115	-0.158036949383
2.01373702783	0.169900979601	0.505593289333
0.193819191658	0.476096519116	0.857768165317
-0.257299864399	0.890240074818	-1.83135522176
-0.893627151559	0.321368518956	-0.313293455119
-0.582270671791	-2.18522504338	-2.21234327326
0.63677817974	0.739212481073	-0.219268004126
-1.57773303298	0.502499025986	0.952078802017
0.355090827416	-0.378197217724	0.8549136616
-0.184831767125	0.343846433756	-0.769363404673
0.701301834714	-0.156224989366	0.695535397607
-0.174795048993	1.18805425091	1.49792914661
0.670594035108	-0.519895611003	-0.529161784087
2.21213099808	0.93926186973	-2.07695767296
0.542326892673	0.50516131128	-0.67133716646
0.591520482089	-0.331946393543	0.397741573763
-0.498147581101	0.570130886024	-0.653299135347
-0.174221209912	0.981132321519	-1.15199888068
-0.368455978565	0.916185927519	-0.157618330395
0.975858884736	1.33681301578	-1.323726733
0.604250076367	0.252428736188	-0.755752326067
1.31396986374	0.40270019205	1.06016021185
-0.268704361894	0.831301649216	0.486554759415
-0.381648594528	-1.21302744849	-2.44975184053
-0.425795641924	-0.806608445746	0.409976690275
2.38581660421	-1.92673515745	-1.32711272312
0.18817372536	0.979974753619	-0.0651162909929
-0.363894665791	-1.61561680824	-1.5982294971
-0.649460457635	0.417708050957	-0.635390508376
0.143447385008	-2.44862420887	1.36868203323
0.424585232488	0.670008628165	-0.608946482491
1.76097962612	-1.12160280569	-1.98119416542
0.0399537348552	-0.972908807973	-0.227710672651
-0.938560192489	0.338387407118	0.322049910401
0.358907264979	0.891607896643	-0.276081389792
-1.02748847497	-0.469337328083	0.681487709252
-0.070370744964	-0.870156955171	-0.487724134753
-0.54541397607	-0.107361147287	2.38591680828
0.423344993235	-0.579173282133	-0.696661557692
0.77221254279	-1.87316070171	-1.43364827039
-0.602524019227	-0.695209736962	-0.391979881994
-0.267655348941	-0.634624323579	-2.22027646313
-0.384454251393	0.833033127732	-0.397807411554
2.12853671697	-0.801585728084	-1.6936631304
0.542207983339	-0.597267604728	0.59100077085
0.491634104935	1.81490760538	1.36353315346
-0.746842761809	-0.662851973589	-0.0534148878321
-1.62519179469	-1.32375069287	-1.38505286141
-0.526181728156	-0.750352744291	-0.400129414178
0.310284049476	-1.91839180809	-2.00260729134
-0.920949136534	0.389587331917	-0.00862546966348
-1.39543549911	-0.983835451939	-1.81663023908
0.62194120886	-0.119603766354	0.77387600544
-2.11386622139	1.20470093182	-0.453977780867
0.492678316621	-0.859896778958	-0.133587446527
1.06728412922	0.590761885317	-0.709910629255
-0.37611939823	0.309631926957	0.873305369321
-0.368157483636	-1.05911563072	1.00682743251
-0.22854700529	0.78843661717	0.571081401447
-2.27951166788	0.872228161908	-0.01299067293
-0.161294913819	0.191127810962	-0.968222139105
-2.23626431892	2.44296034967	-2.32265245351
-0.818083681665	-0.228569200695	0.527726454035
0.320717512497	0.0394090290066	1.66367532329
-0.1279362238	-0.989247863323	-0.0708589271119
-0.339246949089	-1.41233424465	-0.669449523679
0.732127970173	-0.190114466656	0.654098711861
0.173457852405	-1.16743862924	0.853408049577
0.740440910347	-0.672095803003	-0.00587280772194
1.8294654823	-0.0585776324526	-0.877608787036
0.552947280079	-0.696035368891	-0.458021910726
1.59234191669	0.513125463757	0.488807447453
0.509361333578	0.463936743404	-0.724785299227
0.853955503585	-2.41245775648	-1.99825031968
0.236651333419	-0.303780962142	-0.922883130971
-1.52574684377	1.91494349656	-0.836951798589
0.85845491715	0.396917140173	0.324826013517
-2.1843867263	-1.1883571376	-1.49318344549
0.236591269555	-0.429069511538	0.871736155863
-2.33610979057	-1.80218220836	-1.72207516692
0.503768384765	0.634187520752	-0.586535253019
-1.22731625087	0.683273769336	-2.33409632072
0.496590087984	0.790787927047	0.357844573736
1.16516572146	-1.63733061592	-1.97034551484
-0.25836786489	-0.137516887252	-0.956208738777
-1.99475166168	1.97383042688	-2.21533818507
-0.282945433111	0.679689635348	-0.676730287103
-0.755768807293	-2.29590723253	-1.66967536339
-0.651859536934	0.196180988908	0.73252451406
-1.58814599296	2.06690782078	2.01493279452
-0.77968720334	0.575906769673	-0.245803290443
-2.3122293641	-1.4258566852	0.911927076356
-0.59083496891	0.577321654778	0.563572308082
0.668226338945	-2.11106425496	-0.0558435682422
-0.586131697583	0.450265533526	-0.673580420148
0.753681052596	1.83864491578	1.84645639887
0.652701337489	-0.369084838394	0.661632334539
-1.41823478198	0.285772777851	2.4415401082
0.664363531021	0.687848556976	0.292378968661
-1.81063825006	0.173435647072	1.99892540811
-0.573637002309	0.81733880762	-0.0538318041682
-0.245496515052	1.63208340906	2.04334670254
-0.536026542986	0.731340970692	-0.421682261663
1.7664690998	1.87852758022	-0.945788389624
-0.124481206425	0.485120239745	-0.865541900913
0.356490713717	-1.73521464173	1.85596542961
-0.27851649322	0.619096486246	0.734267052047
1.04910044193	1.84232096792	2.34328901909
0.484690761137	-0.805158997828	-0.341751158427
1.10514263021	2.27765569969	-0.0951881117514
0.131941541406	-0.913189722639	-0.385585217712
-0.0478358569578	2.06705825501	-0.589062551588
-0.669050160271	-0.649689180519	-0.360937462391
2.12585146273	2.32469520799	2.10884017956
-0.570005477382	-0.50426291484	0.648700754178
1.07498459178	-0.0367002611279	-1.2382647912
0.631387564255	-0.395981506402	0.666744621495
2.45883612147	-1.04622889781	0.265585214588
0.327887167346	-0.589839392352	-0.737956297297
1.2435337386	1.49661541969	1.96291738955
0.956199102741	-0.0425473120699	0.28960835995
-2.30610780912	-1.07530006683	-0.0867211734238
0.720972384444	-0.508296127794	0.470992428112
0.321624498293	-1.00054945147	-0.112082701119
0.278486964858	0.398202103811	0.874002342631
-1.2403607229	0.531135891195	0.818987286388
-0.612827907729	-0.139234639632	-0.777853244922
-1.14288936133	-0.0273740219065	-1.53797983046
-0.119088545577	-0.982702091535	0.141825659192
1.98566702983	-1.78263185354	-0.502488446065
0.230571457842	0.698561561941	-0.677383604028
2.08712875883	-1.52402512654	-1.15989639476
0.421583238449	-0.0935975951812	-0.901946264051
0.309359043909	-0.163941678339	-0.72899646068
-0.941804559521	-0.3169452348	-0.112026290679
2.26629550744	-1.54207264123	-2.23391614574
0.576855753881	-0.487724566163	-0.655257343932
-0.839390812233	1.75022424978	-2.40087970546
0.000128098077846	0.79234023177	0.610079454423
1.21847605215	-1.15427123556	0.39817100307
0.905830267678	0.260678275589	-0.333943652125
-0.443804478682	0.564389329244	1.48303539301
0.511589358738	-0.581625883586	0.632445775992
0.179204361457	1.79511158484	-2.11523746228
-0.493657060194	0.685394897494	-0.535291081011
-2.0321322131	1.79671896658	-2.34219499007
0.491552987045	0.735007484908	-0.467054234598
-1.90108115896	-1.26174626139	1.96101079487
0.650716645019	0.222423987352	-0.72601337298
1.77248609384	-2.00989353839	-2.24530991473
0.731801309899	0.507501709519	-0.454872353156
2.4435874534	0.634330267816	0.786312098809
0.126339413018	0.666063567535	0.735117457772
-2.2249807745	1.77992713754	-0.571558924391
0.400157035952	0.697366315042	0.594604548606
2.04314131056	-1.76463849837	-0.181611641903
-0.786820175574	0.244944288303	0.566494754554
1.16520654731	-1.08894675246	1.65436715824
0.848318371648	0.490638745839	0.199071749392
0.953972462367	-0.779244050015	0.0845647451766
-0.234241216674	0.4766313244	-0.847321446095
-1.46023565533	0.300521508113	0.30450475277
-0.31414730339	-0.867564825932	-0.385542143712
1.84946621146	-0.839223970982	1.77432736554
0.330019930429	0.769065247037	0.547380572655
-0.167266487367	-0.500662367832	1.89104686709
-0.1985659195	-0.690614404532	0.695430312732
-1.60326120868	1.99574777649	0.420632383708
0.337522164583	-0.655466159946	0.675605581372
-0.715789409947	2.16620144916	0.116421888351
-0.0721535620518	0.704970028816	-0.705557313019
0.383503331952	1.19161633874	0.0998254751871
0.578490469772	-0.476660017265	0.661924470256
-2.4298177852	-2.03678939661	1.37883620286
-0.133581621004	-0.722483254408	0.678361185233
0.612818412026	-2.04187619645	1.27425202419
0.819333319691	0.432656849592	0.376166135829
-2.22740888616	2.30237312871	0.94843202873
-0.787093735128	-0.562603965597	0.252903598268
0.874631901053	-1.91205769273	-0.799894153907
-0.65222916732	0.755917030126	0.0564495957756
-1.27648095189	-1.77090533244	-0.325005711254
-0.878505689693	0.453825479987	-0.149231990173
-1.739445579	2.32862614855	-0.514742935288
0.62095472032	-0.542505585127	0.565776391712
-0.943616456914	-0.0791976019197	-1.17195772493
0.58097926546	-0.611794169774	0.536815598633
-1.05607498388	0.908836749948	0.41506130496
0.628464634133	-0.672511849044	-0.390845259073
0.647376278563	-1.62613051797	1.50917106892
0.776529450511	0.615898610051	0.132931992488
-1.42708897636	-1.07272169704	1.45766813323
0.152726049306	-0.68728853339	-0.710147326781
2.19306594686	-1.34087374065	-1.10363538119
0.387876696566	0.921659599738	-0.00975963478193
-1.62715424496	-1.37684912005	1.19316961618
-0.559269997476	-0.130303500239	-0.818680687294
-1.37101988356	-1.71854165132	0.931350382714
-0.46251614791	0.541485533326	-0.702048595271
-0.924834226312	0.945649130669	-0.503568100525
-0.540081745394	0.780288002001	-0.315376508678
-0.128006593266	-0.159890566709	-1.91314988811
0.0487133479738	0.266452101517	-0.962616375991
-1.170406069	1.91700539937	2.07647015428
-0.77884759115	-0.509219736581	0.366185321436
2.21111227291	0.681378771806	1.89533167069
0.76350921974	0.635220128108	-0.116400430491
1.93703236666	-0.306436149739	2.33390798348
0.501720430144	-0.860935023517	-0.0840683963091
-1.73347027176	0.140486634591	1.66564385303
-0.216949055144	0.587590424029	-0.779532296356
0.261887844132	-2.13861337305	0.491948216339
-0.584304621226	0.611376269263	0.533673277386
2.12305005448	-1.88060458437	2.29424158809
0.587559220193	0.390838779264	-0.708533140644
-1.16803097186	-0.231356662116	-0.968188274016
0.0784958098128	0.942970513501	0.323488822851
2.25589404578	0.28821995888	-0.345538190949
0.578359503143	0.692152527172	0.431769804702
0.0135430648301	2.2222044445	-1.23338323843
0.505817633941	0.794898434318	0.335089540738
0.176840399823	-1.62092866107	-0.890538618033
0.653566628048	-1.52660191775e-05	-0.756868986331
-2.39474504088	1.67944051737	-1.96865937187
0.870229893949	0.307938960409	0.38454327239
-0.826647870936	-0.496309142252	0.400039185925
-0.672291930857	-0.278088865519	0.686068613609
-0.639085471688	1.89635098101	0.935360615346
-0.841917711217	-0.536933464117	-0.0536378844756
-1.12346286464	-2.09855179091	0.762262868378
-0.478824349156	-0.22996735033	0.847255723166
-1.49566690476	-0.549207088553	1.28749415235
-0.0535354932356	-0.682227982914	-0.729176885463
-1.84980039053	0.617530532259	0.354104720852
0.139048799716	0.787031953711	-0.601037548856
-1.92716199005	-1.81205823122	1.76490473585
0.954964240833	0.0664458265893	-0.289185495589
-0.449869281074	-0.671821288745	0.554535922385
-0.334907536154	-0.928813897598	0.158561299997
-0.0487536513495	-2.12423248449	1.51663805128
0.169848049905	-0.704932305753	-0.688637846948
1.49705781338	1.87319398415	0.661218177944
-0.31370523159	0.946041263037	-0.0812093363066
-1.62012956822	0.909845045274	-1.66981459212
-0.00989097733293	0.95610957512	-0.292842361912
0.488995032661	-2.39415237358	2.09996363568
-0.164447569218	-0.561016307432	0.811306168949
-1.22829232092	1.45771835347	0.997901627929
-0.190694021112	0.938360501471	-0.288297345792
1.1238386572	-1.25921026216	2.32009891897
-0.0240785221547	-0.32859749748	0.944163073531
-1.00302621743	1.82366042718	-2.15490528245
0.77183756631	-0.350059388331	0.530777915774
-0.926446519705	2.40366079616	1.86673947929
0.360722913749	-0.653431449241	0.665512073999
-2.04040904204	0.459404811795	-0.457107541127
-0.354464805328	-0.735641707326	0.57722264355
-0.313023944596	0.854723697334	2.46107295766
-0.672400371984	0.738824149752	-0.0449067422445
-2.31908292117	0.86232830934	-1.31046337978
0.710097485305	-0.477652615733	0.517309907161
0.136443568955	0.578118261312	-0.691765174812
0.285031436452	0.717215947974	-0.635891786553
2.05757549761	-1.04352265097	-1.84773489721
0.120668950391	0.202889088502	0.971738144861
-1.41241356974	-1.6426824716	1.12179038495
-0.553344771804	-0.816790485508	0.163287679578
0.758282910014	-0.539542959633	-0.96403369196
-0.948272825524	-0.168439998389	0.269084773475
1.30594654154	-1.95543240881	-0.745226153449
-0.983441535531	-0.122892443863	0.133192317473
-0.592651348511	-1.33539841276	1.20253937735
0.900524058699	0.424102111498	0.0958844029374
-0.831300045656	1.78572872192	-0.69083423433
0.667992738901	-0.655526781716	-0.352236198068
0.763392869636	-2.11126196319	-0.816536298873
-0.28798440691	-0.947491155445	0.139016156365
-0.816401903647	2.09069153437	-0.353617264613
-0.867720385135	0.311203073339	-0.387574483635
-0.41020204516	-1.84365172144	-0.569772397441
0.626499997725	0.373193467374	-0.684269237041
2.2516454073	1.62003603285	0.9561820428
0.426081040902	-0.446029828175	0.787091061417
-0.0715369790305	-0.887101097763	-2.24196912436
0.538439814075	-0.484801478566	-0.689238777928
1.84559591732	1.52642279031	2.09675211388
0.696249103674	-0.154760957189	0.700918134851
0.167653635138	1.48953810362	-1.63596576082
0.814605693873	0.0478739901404	-0.578036023599
0.383992474528	2.261210249	-1.6526947874
0.609901382788	0.572377329545	-0.548091685666
0.061941059797	-0.555355816618	-0.487110658514
-0.125981552306	-0.936784893231	0.326439446593
-1.35032450331	0.859383851057	-1.09889004214
-0.154646129729	-0.984547280248	-0.0821658537142
2.10093922318	-2.16054612	0.0210777900688
0.502366905141	-0.835028902996	0.224397468302
-2.24882266064	-0.832103598139	0.60596583656
0.192181611487	0.886651896121	0.420612224396
-2.18515811536	-2.33794499486	-0.405902099683
0.794169920602	0.603469756845	-0.0715429226669
2.41229693234	-1.54878141459	2.09297461371
0.404940855049	0.210019170948	0.889895978048
1.50773895348	0.245907200814	-1.37403549115
0.235615824321	0.961412002751	0.142028674202
2.06078024464	-2.07214143477	0.535893970399
-0.73320405514	0.622249837436	0.274257093504
-1.61463754553	-1.23773433847	2.16490846877
0.41233572986	0.861283313436	-0.296934841131
-1.94702439184	1.49451956122	0.0506522318904
-0.550472205513	-0.451556154463	-0.702194695454
-2.02077950844	1.60632920115	1.50571706566
0.186851442083	0.505906398009	-0.842107626759
0.943884276374	1.12626472285	-0.209205710795
0.271096850961	-0.758284150614	0.592884174461
1.66073521646	1.67953374958	1.32327425536
-0.195454989095	0.791529097977	-0.579032843881
-0.993124264583	-1.89635538393	1.24278011456
-0.87264055408	-0.479603500528	-0.092081190567
0.263358890954	0.0392197721731	-0.546226356592
0.856813331261	-0.197299407233	0.476386250095
-0.406253138594	1.18647872175	0.601889491436
0.337526776724	0.768672069514	-0.543340523561
-2.41029122381	-2.29495117469	1.18551532655
-0.968017968747	-0.197537247178	-0.154661721704
-1.88896412557	-0.124605243614	-0.12650323998
-0.0470484541832	-0.789680894242	0.611711147706
-1.61637734397	0.427100132163	0.211186654758
-0.533545966338	0.537553372947	-0.6529663644
0.212839029524	-1.9528970618	0.43266336384
-0.895603212311	-0.0655643013367	0.439995691444
1.60669428596	-0.532209583248	-2.15236962723
0.864759483622	-0.443160276676	-0.236220246088
-0.188142720864	-1.50178324933	0.298035456376
0.485863018042	0.399869306992	-0.777201174102
-0.0128764731533	1.91959501459	-2.23039001409
0.755768671067	0.350339542399	0.553241286298
-0.932812073074	-1.97159580187	0.513260514544
-0.367791822871	-0.763490397472	0.53085929209
-1.13306369682	2.16638876348	-1.36784236726
0.543024899243	-0.646188266195	0.536250578958
-1.29863789028	0.514965888365	-1.62053603087
0.460600278555	-0.619242818858	-0.6359132918
1.72956160833	1.88639237159	1.86569895109
0.747829353196	0.516610008566	-0.416971650773
1.75100032716	0.694983528217	1.79094928458
-0.437601964926	-0.0797608024044	-0.89562421511
0.0826288617426	2.36678787216	1.30861667497
0.940209582591	0.305441585596	0.150702948188
-1.09277388651	-1.83471134771	0.96809668237
-0.78149909537	-0.105878397292	-0.614856836119
1.35876393853	0.535463104267	-1.52534005873
-0.195245509246	-0.96764001661	-0.159849896384
0.109393163873	-1.54061814518	0.606324209117
-0.614537724858	0.77596249426	0.142216708681
0.311766613907	-1.52287883821	-1.73002648038
-0.815797306292	-0.541549193834	-0.20297592395
-0.567341193808	0.0113959801007	1.40579735206
0.973506427657	-0.228168534835	-0.0149784852789
0.946769778314	-2.45547416478	-0.0771317934219
0.0909430778454	0.960228118011	0.263991132377
2.42773679735	-0.971554212173	-2.22434430254
0.40179342445	0.727440303564	0.556230751415
0.495369456897	0.0396073732982	0.135285639638
-0.608331410991	0.0272062123889	0.793216689442
-1.90173442828	0.317195877831	-0.875947938458
-0.452177395749	-0.0576095837811	0.890065581084
1.45997228794	-1.59752192828	-1.92861773512
-0.347423052561	0.883658382217	-0.313759599194
-1.67506927043	-0.456282736286	1.3291615885
0.454095491683	0.0227619580471	0.890662213018
1.18112417835	0.658884074016	-0.0825706641007
-0.57802471358	0.692170418311	-0.432189243857
1.61580091966	0.314240354941	1.42410937309
0.5774604093	0.624564107489	-0.525793829678
0.605164414417	1.6156524666	2.39707836355
-0.129084916573	0.209533653768	-0.96924338133
-1.72449242183	-0.387261417404	-0.449558151062
0.0571233016299	0.748680995743	0.660464756837
1.22252890459	2.30279776561	-1.92151889896
0.804454624541	-0.045611504094	0.592260371585
1.64925225671	-1.04229688238	1.26374349722
0.00144978698257	-0.654926100606	-0.755691538171
-1.39758553799	-1.1518452638	-0.973527742427
-0.272430157761	0.961993448092	0.0187193741907
-1.80107328426	-1.29857149686	0.836717416386
-0.696540567428	-0.688108031574	-0.203318899295
-1.76622344345	-0.845927686913	-1.52239040624
-0.0395770409353	0.678962063686	0.733105840862
-2.1338407433	1.99824669222	2.08553441121
-0.165434363807	0.81182467006	0.559975156907
1.89159684657	1.01713894039	1.75093216836
0.410468659151	-0.466733275145	0.78337445052
0.376778337779	-0.703106783652	-1.42150133596
-0.28850750495	-0.889007314564	0.355569141291
1.80625917709	-0.536525007921	-1.86365533855
0.768070755568	0.0935506294832	0.633494746754
2.38515855774	2.20167357518	0.977492937627
0.955587706312	-0.0428805148163	-0.291570569494
-0.47492792501	1.36375833631	-2.1963190562
-0.997557803637	-0.0425621170109	0.055379550367
0.135366103387	0.429335636023	1.19898293473
-0.80712366093	-0.485052016626	0.336564907758
1.82038886637	-2.15100695082	-0.8375316709
0.732397986895	-0.680198228093	0.0303901183201
-0.769677786657	-1.90960246904	1.63218373265
-0.401812119119	-0.858669432672	-0.318172636039
1.17360371308	-2.33587652054	-2.04978708504
0.751259719889	0.173504974793	0.636792632647
0.725165191949	1.27113480714	1.38808315328
-0.0441040755133	-0.140789513183	0.989056693775
-2.13371388253	1.74847782041	1.76364001696
0.586132070453	0.0740357826323	0.806825816937
-0.856825896364	0.565151944265	1.60383775234
-0.599871749444	-0.00165565678931	-0.800094458811
-1.16400151076	-0.611813559937	0.197336317018
0.0367384522286	0.961946916137	0.270755270795
-1.54467013139	-0.916414330296	-1.48599789108
0.933646097139	0.11701225703	0.33854556119
2.19874036916	-0.559187458549	-0.476464704838
-0.315155610225	-0.936371790476	0.154547116909
-1.96674238998	0.000813661223605	-1.35894705982
0.511391756338	0.82541367885	0.239104015687
0.105170296727	-1.75121922915	-1.39180736441
0.251786208335	-0.946804008079	0.200414259917
2.1780295757	2.26571877266	1.81778300186
-0.669979060656	-0.162916590587	0.724283261435
0.523290498111	0.532162507642	-0.161987370106
-0.782920384152	0.257728794305	-0.566225697638
-0.651684013413	2.36646070473	0.405270541346
-0.257240977191	-0.410824089179	0.874671736941
-1.99079585994	0.585979591193	0.675878448191
-0.890632978396	-0.421225117422	0.171295937623
1.33900055381	1.8426213841	-1.8227972054
0.0770060968363	-0.653185213256	0.753272286915
-0.415606388415	-1.77122719367	1.98833800284
0.150652076535	-0.218344188597	-0.964173100196
-1.92292019593	-0.433461621038	-0.43287565582
0.978687554498	0.081059622013	-0.188679644766
0.0976449968798	-0.578116973272	-1.89525339942
-0.619261203413	-0.316420518988	-0.718605327778
-2.13721655854	-0.770703494565	-0.654633327074
-0.916244515382	-0.380796561401	0.124458695389
1.84133736825	1.43875487481	-1.12518144969
0.116874244845	-0.699285594755	0.705223416982
-0.450774178888	-1.63258662163	1.01911244093
0.623269851723	0.652792297435	0.430577412717
0.24007138841	-2.27508871653	-0.176748530544
-0.906059896518	0.249219296266	0.341972522712
0.92210428188	-1.92539942536	-0.563829740091
-0.0435645254054	-0.605991258924	0.794277486923
-1.86271536252	-0.69155344023	-1.38013692175
-0.596093963894	0.529046564661	-0.603971620715
-0.633431120524	2.03439984389	1.35524177554
-0.679121132844	-0.646600335006	-0.347422644188
-1.30008539044	2.3770962109	-2.19128344122
0.232579082042	-0.41842765814	0.87796655147
-2.39772921598	2.21538748631	-1.44109729728
0.241338701996	-0.28464946874	-0.92775552322
-0.953438706662	1.45854204846	-2.21231851161
0.967725276272	0.150704669123	-0.20197993061
1.34323828198	1.0784352685	-1.00080393381
-0.63430368137	0.517925152272	-0.573944576109
2.15865316778	1.76684790908	-0.658386647911
-0.433174255097	-0.656333957409	-0.617726315672
-1.73106053534	-1.38803367066	-1.22798759826
0.216964540618	0.562775499399	-0.79762781132
0.227633957208	-2.11145114909	-2.2971210475
-0.736712950191	-0.0627355251595	0.673289152522
-0.662563899465	1.30575658023	2.13098663135
-0.641326385023	-0.305253440179	0.703932386762
0.142500264326	0.211592831748	-2.04310642341
0.731654887121	-0.561207727278	-0.386945749421
-0.703356915868	-1.54090223869	0.853132939255
-0.760312481519	0.582811610066	0.286802297096
-1.18065555111	-1.2842369694	0.442381256791
0.743536152903	0.325403044789	0.584180492457
-0.522755318286	-2.23382074033	-1.02745962418
0.434092038098	0.424180730996	-0.794754559541
1.58255629915	-2.46618526161	1.511761636
-0.352752776234	-0.692200364088	-0.629622215948
-0.409219892507	1.66287979887	1.02747266711
0.708137325389	-0.231205281338	-0.667147394713
-0.555953881326	2.21863625743	1.39094862741
-0.11043978434	-0.95890750345	0.261341642036
0.776162643439	-0.240645630785	0.375090697644
-0.624665653173	0.569732503084	-0.534039040404
-1.70916917361	-1.89164937278	-1.09419251866
-0.257692431456	-0.412685904905	-0.873661807946
1.16315597022	0.688411675459	-0.941941099833
-0.605891345131	0.604859735587	-0.516759497407
2.18625713972	-0.175651256971	-0.375158190071
0.711568309431	0.702515181963	0.0119565933929
2.02185768151	0.139745219131	-0.49930531574
0.3555098511	0.877529739468	0.321798542756
0.96417945301	0.488564817904	0.280313011229
0.760742273337	-0.0672877818733	0.645556773622
0.593593491053	-2.29898483096	1.3766017668
-0.204972745074	-0.930909405913	0.3023141607
-0.895209299368	-1.11975035725	2.23523100112
0.527174353685	0.756795512035	-0.386455371007
-2.1913852253	2.35067544903	1.38799661949
0.585641469578	-0.347096967553	-0.73249420764
2.24127459995	-0.0959592198195	-0.833011367832
0.429246632005	0.79807953479	-0.422866864464
0.403930804771	-1.42250444978	0.165567197542
-0.97802997669	-0.171911922914	0.117913762795
-0.535788514983	-1.6666525452	2.14585599684
0.718109978589	0.0788846132148	-0.691444340818
-0.579391335947	0.882167258615	0.0557814177173
0.525730830132	0.100178994018	-0.844731474142
-1.0081603482	1.04099792297	1.24409345907
-0.668127011318	-0.333980824554	0.664878263727
-1.98186370574	0.038458508859	0.0533864973895
-0.793459443354	-0.588138381603	-0.156573803164
-1.42163238386	0.444979342662	-2.4084193974
0.121674701975	0.938732771583	-0.322453175601
1.49615589905	1.36522210543	-1.16974010358
0.693836890611	-0.594039410342	-0.407071920166
-2.14335426362	-1.89503161766	-1.55454836441
0.479550830667	-0.495136422353	-0.724479760977
0.159570770956	-1.89165212901	1.48628970625
-0.703123454831	0.546828158257	0.45452873683
1.78366958342	1.22111684039	2.33024495455
0.646500930855	-0.591348737347	-0.482019934486
1.5119508294	-1.92398400762	2.25406285979
-0.629299302898	0.152484520541	-0.762056991548
0.105842065194	-1.28372023608	0.235821389154
-0.238372627067	0.689650808877	-0.683783776117
-1.99184342791	-1.73005238887	0.0509858663095
-0.727509366321	0.68592263824	-0.015500202122
0.983470482574	0.0443608991393	1.71673457546
-0.814201681451	-0.515901902437	-0.266309686237
-1.8392380827	-0.21377532515	1.37513883718
0.773835228282	0.623251592437	-0.112856067604
-2.46390236162	-1.3040858733	1.00605111573
-0.0633588688388	0.606992916217	-0.792177539067
2.21784533903	0.510529736295	-0.961761199847
0.0702149292722	-0.644447518238	-0.761417927255
-2.26716970701	-0.449211682572	-1.96732981427
-0.721500918145	0.648735687868	-0.242029817178
1.12241932391	1.71735093636	0.503208518262
-0.460975476534	0.393433709419	0.795431660375
-1.04954843807	1.06929779835	-1.68260065283
-0.698927259176	-0.434218707082	-0.568291123282
-1.34066703904	0.81130625883	0.0272307643711
0.733740376798	0.525037825064	0.431231192875
-1.93396701829	0.306253809277	-0.361043171546
0.0429671303862	0.279487767331	0.959187371486
0.786218670648	0.555952723924	1.11204880172
-0.612210872317	0.520342248571	-0.595350142495
2.24492623581	2.45778287045	0.695084188916
-0.38335470268	-0.920023349237	0.0812170474219
0.331545369557	0.966716443548	0.0393117035567
0.637481294227	0.0884545814854	0.765371404303
1.46448840797	1.95488809874	-1.59033481104
0.414216086036	-0.776178622379	0.475364891669
-2.3849674811	-1.67550015572	0.235864357238
-0.268480763394	0.499951233264	0.823387420383
1.36342454117	-1.00673265402	1.46654293038
-0.450183547213	0.470990977935	0.758618660806
2.36756782643	-2.05499630702	0.61707465524
0.480880955295	0.561300657475	-0.673568911659
0.259989655504	-0.794828050561	0.387976367712
0.473440723589	0.880598502001	0.0200039876206
-0.452775919024	1.6262560651	-1.04343472986
-0.124444238593	-0.794593492039	-0.594251473612
0.856900579288	2.04993898683	-0.99480127153
0.277679520353	-0.884380682928	-0.375186475823
-2.06966029101	-1.8955004486	-0.361966574728
-0.593906941972	0.202534714364	-0.778623293869
1.0391909504	0.82960931215	-1.14247102261
-0.500566664586	-0.252377524236	0.828093351963
-1.22219220477	2.43618852126	-0.998618177543
0.376089438734	0.0757230223846	0.923484032322
-1.63633182848	-0.760978187319	0.476186479319
-0.530838451483	-0.571663968719	0.625628360367
-0.992969070333	-1.76934532892	-0.437741664911
-0.908001455086	-0.388605685721	-0.156585371565
-0.10718182572	1.98573120367	-1.27251539264
0.22144773462	0.962055504947	0.159405477426
1.26882185749	-1.34438138249	0.343287705579
-0.656871026149	-0.396428582601	-0.641377294503
0.86313172272	-1.4611199985	-1.0764101427
0.211632209994	0.734494298522	-0.644771225422
-0.556669448755	-1.14045054743	0.503072828323
-0.108644092918	-0.767265446631	-0.63206027836
1.90456039743	0.0110377743795	0.887346336648
0.976188281096	-0.144894448398	0.161437414111
-1.43290755115	0.888125615357	1.6478174666
0.371946252185	-0.713344748382	0.593965702243
2.05914590866	-1.64896941899	-1.41391703861
0.497289039931	0.772085640137	0.395711226855
-0.381089447064	1.73382121544	0.696169171685
-0.655972288944	-0.733163964051	0.179362643701
1.85685046973	-0.276647033461	0.437106058072
-0.117696174815	0.462954712509	0.878533177859
0.581327682129	2.24525415787	-0.0335732909006
-0.141251412838	0.241345817233	0.960104283333
1.03015888378	-1.33692156492	-2.36579806481
-0.262120633915	0.695731559743	-0.668767799803
-2.0933582285	-0.493278207019	-0.537450889887
-0.76877008361	-0.433479357849	-0.470200175314
