672
-2.59493292176	-2.5567295167	0.267158679943
0.105887854074	0.739031207494	-0.665297404706
2.76168278912	-2.80696056737	-1.69304411189
0.681973473573	-0.503029734285	0.530917383186
-1.67763310198	0.199862254352	2.90248194126
0.20929244431	-0.371777158526	-0.904421592595
-1.44788290228	-1.12444862751	-0.66452697731
0.325832818607	-0.694191998179	0.641818077014
0.502171302163	1.98301981248	-2.31644520259
-0.501261353527	0.476499962178	-0.722277537727
1.51509676365	2.36198267566	0.981205605895
0.703250965844	-0.48778177057	0.517210811314
-2.52437072614	-0.561144070781	-1.30361383651
0.65005442452	-0.460847221457	-0.604192919221
1.06841064181	-1.4723004295	-1.50686436062
-1.29595779933e-05	-0.752446415137	0.658653468965
-1.10051686018	2.00693092578	-2.86942175452
-0.291744661309	-0.93945917365	-0.179726218573
1.88933836871	2.06329386823	-0.546827121198
-0.879397540281	-0.258031746934	-0.400099467285
2.6067184825	-2.36937010477	2.36382924855
-0.311808396261	0.0961285085466	-0.945269714878
2.33845848888	-0.514033445923	-0.331120633816
-0.768029123522	0.455164037233	-0.45050745236
-0.491734366917	2.48349794011	0.018785435462
0.568687346866	0.762169151176	-0.309342668429
2.26166858946	2.05992087448	1.29196330622
-0.433027203012	0.308482136717	0.846951127739
-2.65248697244	-0.773226358265	2.66144885459
-0.746012352448	0.663828557214	0.05288871923
-0.848019310323	-1.84716547976	2.29450647063
0.298055915473	-0.403698244758	-0.864979998862
-2.67226863054	2.79918397809	-0.277760194274
0.480712636016	0.627404568594	-0.612600088869
1.52516738299	-0.409489645712	-0.987822143161
-0.539791025493	0.754268590989	0.373770707044
2.36930001962	-1.05798490764	-2.22545651475
-0.746629993229	0.65050367461	0.139243034044
-2.86710497295	2.00709639575	-0.641583459268
0.577674116405	0.486119417227	-0.655729004567
-0.637834065028	-1.6396581537	0.994821096136
-0.840319442294	0.0740364260782	0.537011957516
-1.74557319281	1.90718396454	0.396130107653
-0.603372291019	-0.79457777516	-0.0677350548175
-0.193170184538	-1.65844667576	-0.435416376263
0.095089435498	0.537650362533	0.837788808069
1.56823574982	2.971707232	-2.54197957226
-0.145603134155	0.876145757858	-0.459530562979
0.502778357421	1.32373700231	-2.12942448176
-0.143790146143	-0.813812982668	-0.56305667842
-1.73657373922	-1.71816879716	2.25835487536
-0.680950787715	0.732109841821	-0.0179221711545
0.441120023088	-0.929904948973	-2.72939790047
0.78520470009	0.562285849361	0.259399696539
1.59439623883	2.61101206374	2.62580406063
0.775009062499	-0.145416700927	0.614991817943
-1.40132309809	-1.55982219281	-1.09522375406
0.874165589614	0.401464528941	0.273241201023
-0.974226056979	0.0682106968863	0.416865267285
-0.0921678308547	-0.994126921431	-0.0567164441961
0.0606336339944	-1.37944796308	-0.0809458163577
0.766931389894	-0.127832184416	0.628868170464
0.0708135956489	-0.428467548403	-0.291886104512
-0.695261641438	-0.338500529129	0.634057285838
0.335915264312	-2.08617113192	0.321152490839
0.542834121099	-0.744684062841	-0.388299837139
1.60394404774	-0.387579775099	-2.19299422284
0.594462958439	0.341612463083	-0.727952413356
0.241481119558	0.412934764674	0.589632881653
0.76207776832	0.207811508164	-0.613230667944
0.0810740087182	-1.82411730778	-1.67514251064
-0.467986445877	-0.458681222612	-0.755380845997
-0.956013174148	1.98665877381	1.6407791974
-0.32734827496	-0.735377978718	-0.593348409704
1.8349931653	1.64301979247	-2.65049329155
-0.776634886746	0.39126282202	-0.49371211935
-0.738513345474	1.38075439214	-1.89417102945
-0.411074318767	0.909514155238	-0.061659596753
-2.66752980903	-0.247189471744	-1.57330270881
-0.668856092713	-0.694891629025	-0.264115791181
-1.44235800547	-1.26264788412	-2.27924355885
-0.678771305287	-0.604735012702	0.416611425109
0.61378376764	-1.15220536396	-0.994984238907
-0.826595909091	-0.264481705474	-0.496778250876
1.0547227825	1.14682774296	-1.12923565417
-0.698620110891	0.598546427936	-0.392010349689
0.713722560305	1.94085246501	1.92672996429
-0.621500324711	-0.498696311181	0.604184852176
0.166681824714	0.125497301676	2.51161360399
0.726626611248	-0.572529540933	0.379767945706
-0.0343825152737	-1.78963750345	1.98316377279
-0.531385584462	0.556517719733	0.638684106777
-0.844996483643	-2.24849499187	0.551028284838
-0.80021551272	0.523278521604	0.292975633851
-1.21176683925	1.16321000932	0.450171056289
0.711803165869	-0.700843196261	0.0464227025625
1.60081445555	0.475299129928	-2.53250419821
-0.28187606016	-0.950475931875	0.130925129882
-2.78485481498	-0.466776943509	1.86955808982
-0.401190251377	-0.69746350635	-0.593793768501
0.421918970606	0.89038415714	-1.8449472245
-0.285681539863	0.134652707447	-0.948817530487
-0.231073791001	1.71789677022	-1.36294464459
0.322319038717	0.803598838625	-0.500339228764
-2.78762621998	-1.52221838507	0.904603796708
-0.597744269309	-0.09720486869	-0.795771953522
-0.839199651302	2.62601767746	-2.60499164418
0.724037625153	0.685518393473	-0.0763809503236
-2.7273822747	1.79493955466	0.459205135377
-0.699897945535	-0.182461903458	-0.690543640635
2.81928727825	1.87705619276	-0.700929679336
-0.781081136596	0.4049410268	0.475326227835
-1.04246271677	-0.916671460344	-1.13693514247
-0.410325388201	0.87683586956	-0.250583187089
0.849974615384	2.30653647573	-0.189914146094
-0.480104109188	0.0966963861848	0.871865731199
-0.956126467651	-1.13778159508	1.65644775447
-0.749039317235	-0.539279433989	0.384860745351
-0.580004799228	2.21199317338	1.44445928403
0.742048305746	-0.0314103008079	-0.669610114128
2.17439842158	-1.47872350201	0.924959699443
0.952709525464	0.205877148171	-0.223515457968
-1.2546977776	-0.316850824404	-2.13263239586
-0.397202254292	-0.813385509843	0.42501103699
-2.04133024889	-1.01885655644	-1.85371860661
0.710872141173	-0.446034445067	-0.543795984463
-1.66614564996	1.73989898271	-0.668538531611
0.30385123078	0.912294860078	-0.274576979786
-2.14983210527	0.727572466869	-2.7711942418
0.725421673457	-0.677586798281	-0.120993910893
2.52193608259	0.906819204103	-1.79453796655
0.724177540256	0.28676880313	0.627160700092
-2.1197848448	0.971398324315	-2.20613030363
0.482755521669	0.162232317113	0.860597339981
-0.488714460076	1.64473841399	-0.320995953461
-0.743454260057	0.605569446315	0.283833417506
-2.84703186202	1.80400749643	-2.12065142929
-0.316649540431	0.58071304622	-0.750003617655
-0.152846226479	-1.13802077636	-1.27028008339
-0.706654371042	0.470204714491	-0.528722163672
0.59509603403	-0.694266292251	0.0355162085745
0.673999404132	0.691473632394	-0.259978881707
-2.37535520581	-0.352027988189	-2.72851488842
0.886690828895	0.433754196652	0.160114555368
0.720632043777	-0.354443643433	1.469232794
0.777746202719	0.148398898122	-0.610809799522
-1.46767934371	2.52614814535	-0.769509400501
-0.59927210929	-0.460987265076	-0.654494981237
0.3831565422	2.45440985048	-0.124063240992
0.573887224459	0.584541618627	0.573554312769
1.6632204287	-2.80450967666	0.58064163956
0.268235859629	-0.458301810483	0.847354101965
-0.490991085206	-2.26409043801	0.0655497131926
0.569040391562	-0.0577250719592	-0.820280957257
2.23199123214	-0.371279619252	0.101249836063
0.511089001018	0.644716968181	-0.568443545111
-2.27288980763	2.08672237397	0.185570571658
-0.0480279227211	-0.827086064814	0.560019606827
-2.25554394997	-2.94716611136	1.87232413845
-0.563088219373	-0.343336089692	0.751699399174
2.59237308382	-0.715387260854	-0.832689748572
-0.69473056688	-0.240957170438	0.677708699558
-0.965214651613	1.01184047644	-0.379114801563
-0.0619660939678	-0.806920970972	-0.587399991321
2.40412135022	-0.239345856874	-1.1249711788
-0.570412955447	-0.458624164815	-0.681390442923
2.34576698551	1.88422961955	-0.78656782722
0.160653870373	-0.0826270526329	-0.98354618809
-1.40198335961	-2.65450655103	-2.06829815437
0.264976558083	-0.894122723122	-0.361015206971
1.43842861187	-1.06827689897	1.94253430249
0.127574908725	0.542595060655	0.830250108592
-2.05367711494	-2.79722790669	1.65724144686
0.899283146257	0.326488241193	-0.291024485603
-2.67810986587	-0.625481522289	0.34179737989
0.497676387491	0.561718015941	-0.660901720304
0.30408467152	-2.2891906365	2.30792187049
0.404892713807	-0.893705243141	0.193268799055
1.42254925088	2.39023191862	-1.30733218315
0.236523592867	-0.35551904867	-0.904247087941
1.82494722632	-1.59487814812	1.78821189175
0.379606509078	-0.494551155154	-0.781868309373
2.67694683577	-2.17313797881	0.660176683004
-0.300247082266	-0.539845964704	0.786395590008
2.04019574599	0.214632987138	-0.402623870695
-0.966583658993	-0.213710401129	0.141576462087
-0.602391531869	0.0370486731613	0.683498700485
-0.756022364851	0.522306507583	0.394494735049
-2.0101840048	-1.69187468559	0.710919447346
-0.127900171248	0.893758942756	0.429926154634
1.8354515176	-1.33697134811	2.32463779573
0.137873811375	-0.988581095596	0.0608130707003
-0.888759206383	2.96778774092	2.51868030324
0.552465673037	-0.554214721878	0.622597560362
-2.75258225207	0.947856985932	2.68944859773
-0.618839156302	-0.505035741543	-0.601645242972
2.55961520054	-1.22010518748	-2.87120261824
0.56722064918	0.687042307695	0.454129499793
1.45352545672	2.08094793147	-1.70021256495
-0.716685794141	-0.68806841776	-0.113680802939
-0.321733931246	1.05392084043	-1.01243373114
-0.118624714757	0.663000725784	0.739160479638
-2.15205214463	0.674931803714	2.45904748918
-0.291781917209	-0.663386299381	-0.68904421526
-0.476039332763	-0.992275430168	0.389156901937
-0.025333095336	0.847993512877	-0.529400827728
0.562965555004	2.38588467671	1.54272199693
-0.522072238801	-0.598358684253	-0.607788995008
0.641770546688	-2.29802278636	0.130277784692
0.115009028765	0.654478749828	0.747282068115
1.21508894791	-2.7310451441	0.0698526416066
0.769329689727	-0.163348281027	-0.617615711903
-2.36684262533	-0.909070392092	-1.27497701417
-0.615192210842	0.410508886202	-0.673068345763
-2.38643602424	-1.55509815591	-2.75490637914
-0.307127930821	0.709452904717	-0.634309869148
-0.989555039137	-1.82060210418	-0.113881026258
-0.359283097854	0.672933237865	-0.646588364397
-1.26443758642	-2.36461721801	-0.179599148024
0.0452345380072	0.350976540559	-0.935291026659
-0.388345140023	-2.95373377367	0.134205924405
0.708984765194	0.550640886877	0.440607780709
-1.9334576891	-0.767106655083	-1.12566222402
-0.5860303594	0.588227589465	0.557276162109
2.07809897732	0.318855130806	1.50506104751
-0.0808610161229	0.0290412204511	-0.996302214986
-0.85366039734	-2.74304442701	-2.08382506118
0.827458635572	-0.427399568094	-0.364200241092
-2.23786482148	-0.872757966921	2.78971885521
-0.474324016665	-0.580540324391	0.661807871645
-2.85964062914	2.27020955778	-1.25951080267
0.475890588217	-0.52182575295	0.707973185654
-2.90615246643	-1.7014767495	1.04340974537
-0.34711608739	0.144378871026	0.926641874446
1.28692875355	-0.960290468691	1.43798431922
-0.751950499585	-0.0499312647924	-0.657325881865
-1.96124994009	1.12756560173	2.82605118696
0.214393980644	0.0274514201035	-0.976361429286
2.56878221367	-2.66476741701	1.34481256086
-0.77163459111	-0.613071421783	-0.169480056632
-0.556555778584	-2.41270228783	-1.33450963414
0.518152509491	-0.426680959326	-0.741256592455
2.67416222728	0.662645978723	1.96793651785
-0.734192023828	-0.596329248229	-0.324582038712
-0.747123326892	-0.0470257941062	1.45557028676
-0.0983115627561	-0.699606363696	-0.707732839781
2.9127085398	-2.67290278254	2.60069521802
0.340065568237	-0.231679509763	-0.911416487702
2.04169700337	2.5983945368	-2.05120620003
-0.606139414609	0.782940499926	0.139997084377
-0.347843129529	-0.755274423405	-2.86406130201
0.56032958271	-0.643650260694	0.521291761539
-0.387662637388	-1.88016329273	-1.04296564483
-0.730330128828	0.060213918236	0.680435292278
0.639719894462	-0.953619890371	-0.287004591712
-0.783998075062	-0.551476249009	-0.2849929211
-0.686116866381	1.01276711192	-1.41412869708
0.555155185608	0.409693522605	-0.723846625625
1.82369579899	0.62310620437	-1.26094367849
-0.898426638473	0.378014733206	-0.223460145802
1.88393379294	-0.55712297882	-1.41775035936
-0.631446376125	0.775282983365	-0.0145523119362
-1.40928599153	-1.96080902471	-0.737627012532
0.869117602515	-0.494016303215	0.0241347292701
-1.48913455375	-0.133183444853	-0.195006794305
-0.00212987042153	0.688595715414	-0.725142333867
2.93977060703	1.53926037049	2.77676095887
0.703414302018	0.139335238368	-0.696989247453
1.56449341201	-1.24039472694	2.23020565658
-0.0908743344794	0.845442679262	0.526277998224
-2.96821359086	0.804243134276	-2.04470311632
-0.538022199963	-0.291502048053	-0.790922668993
-0.505836367529	-0.896575198234	1.77194040164
-0.164443671459	0.528210981471	0.83303747693
-1.70652860927	-0.637608757674	-2.3732488451
0.317677317869	0.0261925790832	-0.947837048502
2.88293171442	-1.53689602565	1.44547065329
0.87564990635	0.224615816659	-0.427533596827
1.28353912205	0.729477125277	0.894458309712
0.825770181027	-0.452097608968	0.337211150605
-1.44042443418	-1.67029799817	0.343067554357
-0.295498387826	-0.558581208288	-0.775027571471
-0.880582828035	-2.68828663025	1.82953069416
-0.183538092512	0.674287609421	-0.715297132931
-1.32063871004	2.96447767769	-2.409327937
-0.467811011348	-0.438191088525	0.767555488286
-1.98632821427	-2.60848172094	2.53018854505
0.617809964714	-0.329728984115	-0.713855478745
-2.54046899463	-1.48972939552	1.84115895285
0.727183662902	0.570846248631	0.381232843329
-1.81212677412	0.959042850601	-0.712249253823
-0.536675026402	0.840748336907	-0.0715691974615
1.30900323757	-1.51072523429	-2.33215010195
0.53810566348	-0.682951053084	-0.493983961301
2.95837872193	0.112194565004	1.93938983571
0.0249148925109	-0.650961624503	-0.758701661759
0.00533330338559	-2.87612903891	1.04181288063
0.163790377788	0.727842451637	0.665896446708
2.01489096397	-1.11727943128	-1.12604215325
-0.630455835026	-0.319418043217	-0.707458517334
0.723774248967	-0.165791789652	-0.732645546943
-0.0777225015406	-0.996628241069	0.0262937608144
1.17363818078	-2.17220158241	2.31846595278
0.391780080454	0.32950883322	-0.859029858264
1.73816919216	1.19549730485	1.18769614262
0.337856566721	-0.321166157011	0.8847063015
2.09358579095	2.52796190187	-1.86425815753
-0.657684933618	-0.735283478823	-0.163733728541
1.18914281276	-1.99967216144	-0.200111221058
-0.494775682421	-0.782438203557	0.37813685578
1.49467046919	-0.938546023672	-2.6576489123
0.509841828346	-0.723885588737	0.46481282737
-1.42361208362	1.60483060552	2.2890205102
0.582509883566	-0.708375669892	0.398605250659
0.0212061461648	-1.03505094179	-1.80088977066
-0.814216693696	0.236226873441	-0.530328237954
2.84793614177	0.22942528225	2.20986317957
-0.816861755388	-0.0233837318238	-0.576359326871
-1.65337731134	-2.06246086325	-0.127700393281
0.607928954116	-0.397359669185	-0.687406488224
2.44055043453	2.46842731089	-2.34829181423
-0.548291201266	-0.541731959465	-0.637105362329
-0.00949967709367	0.0392823572903	2.70866274204
0.55843761611	0.740452859814	-0.374001325274
1.06593084576	-1.38726509375	-0.338737872486
0.0138648337627	-0.560168325727	0.82826276823
0.685026217132	1.28867284545	-1.49247570198
-0.733860347539	0.109273083224	0.67045386388
-1.8874489233	-2.79785657732	0.101901799748
0.177184585178	-0.788334208109	0.58918146534
-2.41418941991	0.0490714500526	0.179548673977
-0.595941309812	-0.763501398789	0.248836430828
2.91077901354	2.18298708629	0.1460764687
-0.877781828493	-0.458577210263	0.13858572724
-1.47636500607	-2.64144348538	-1.79433552975
-0.0536712275173	0.697012410303	-0.715047620247
-1.91540495607	0.651363418226	-0.491514221279
0.951330747933	0.250476617316	-0.179530699925
-2.1614133952	-2.45813483243	1.87947108091
0.989844707667	-0.0613070741851	0.128253254767
0.695893435091	2.31103270678	0.00909536456744
0.776127665	0.584625104796	0.236303479586
-1.50850912885	-1.7625591996	2.73757238233
-0.402163007025	-0.631808131584	0.662633685112
-0.86203103311	-2.07518296535	1.44880235874
-0.187053391555	0.601474001549	0.776685299313
1.05030328163	-0.364245060002	-2.54106544744
-0.595386660278	-0.777424794833	-0.202794016532
-0.660306598729	-2.44875667385	-0.310421262388
-0.80216787752	0.233236876457	0.549661037127
-2.42531963438	-2.55294981685	2.62568888051
-0.125391404386	-0.684812291267	0.717850347521
-0.275980163055	0.0991005905116	0.206160892121
0.643079105303	0.758966382411	-0.102074946445
1.86827019996	-0.959826405225	-0.189949269092
0.520228193613	0.196016615221	0.831228075276
-1.64883510871	2.79582598443	-1.29283582699
0.00102233367966	-0.868512574485	0.495666079932
2.85945725155	1.14391746576	1.40551015613
0.411559750344	0.486994371108	0.770360340624
-0.114519488659	0.0915813144801	-1.48733481041
0.775336222786	-0.22736162967	0.589203217056
-0.510498030879	2.66467701578	-0.0919858803189
-0.420128148632	0.299319737857	0.856679656147
-1.41259208983	-0.757392726361	-2.39334186853
-0.361551563342	0.750508284939	-0.553188739295
0.719379653299	-0.0626997267783	2.06900433182
0.0712902190016	-0.92046529994	-0.384267271936
2.2187461839	-2.79993947834	-0.262136256757
0.89564256602	0.158830229831	-0.415448374681
1.09918119252	2.71719234769	-0.0559643752021
0.369976781346	0.887603298692	0.27436757355
-1.74701901217	-1.96850790546	2.20654672687
-0.800355902129	0.471471502348	0.370331003835
-1.30114751815	-2.2414355271	-2.92301485118
0.536373711454	-0.795071827196	-0.283132533029
2.86225079328	-2.55902941808	2.12559782709
-0.381225230243	0.53135544289	-0.756524102152
2.89248734249	1.95175798391	2.90028570397
-0.648897275578	-0.458248469477	0.607404861661
-2.78281465071	0.143357298741	-2.62799517089
-0.6051728283	0.763216674289	-0.226420308218
2.21416537372	2.81097425396	1.74024072533
0.884133407314	-0.0785832658621	0.460578753741
2.29679507955	-1.69005319355	-0.453806091766
-0.386468240875	-0.828819289273	-0.404599659569
1.56633765309	-1.04879592622	-0.216863109502
-0.572611893367	0.446241439289	-0.687738465869
0.975438089791	-1.92240905	-1.79594524538
-0.753839380352	0.172699888948	-0.633956573424
-0.0703917903236	-0.866308119898	-2.67381027255
-0.811339875277	-0.189793346588	-0.552906947303
-2.61004314596	2.6251571664	-1.01490310786
0.402901998917	-0.0458329315745	0.914094809991
-2.07314229418	1.2186549819	0.55065743914
-0.00124155882526	0.879871349901	-0.475210338856
0.508111432949	-2.32591612411	-0.0204301908236
-0.161431909991	-0.690345897771	0.705239165013
-1.24955857115	2.77661394549	-2.42302288634
-0.670216356524	-0.121595601567	-0.732136971561
1.91056324657	2.35386156092	-1.39558324809
-0.555803933966	0.535567489224	0.635806142998
1.57304688613	-1.25966435671	0.373945704714
0.652203670361	0.414541021916	0.634654326005
-0.891490898341	-2.21137298842	1.66603468949
0.700703618694	0.283233461518	0.654823063908
-0.892993183341	-0.942700146939	-1.97955258882
-0.523831478971	0.832057836152	0.182428996975
0.312719413412	-1.66593570746	0.0669342202875
0.696104981445	-0.679694731991	-0.231198888646
-2.80203945351	0.325986525995	2.62975082247
0.241763808663	-0.772551559308	0.587123793617
-1.43495008478	-0.56667088988	-0.139759809989
0.64381451691	0.74425855187	0.177713465402
-0.520134645232	0.383160625075	-0.181226855806
-0.366767212742	0.726946541843	-0.580543311873
-0.85624222106	1.81810831432	-2.72723005593
-0.655290540056	-0.645870654985	-0.391721080799
0.528002210266	2.72030434885	-1.96676207613
0.293765352466	0.211092793723	-0.932277721566
0.908944100959	-2.93556000023	1.14490942542
-0.577380096193	0.547207300954	0.605967321151
-0.414551786679	2.51150585068	1.08579401237
-0.351341509299	-0.00979348581074	0.936196150109
1.41779784862	0.79789881846	-0.318264213343
-0.225169540584	0.629775304067	-0.743425681814
2.69863130378	2.38305691559	-1.48769177042
-0.298668484767	0.857062468611	0.41981074439
1.2471039139	-2.0166696228	0.419138475323
-0.685754932979	-0.72467657331	-0.0677055093072
1.90219924448	0.540974648139	-1.66323657648
0.166368852801	-0.383836083095	-0.90829029838
1.26018294761	-0.405804542878	-2.57334496308
-0.750739495094	-0.355473573293	-0.556802253225
0.686585755369	-0.0734841912248	-2.62617141769
-0.802274901003	-0.0551599506897	-0.594400843759
2.70188372157	2.40178323088	1.69828199024
0.18946536492	-0.835203708992	-0.516272834828
2.35074886276	1.78627582133	1.71622621011
-0.625755282213	0.0339603059633	0.779279811365
-0.397796451463	-2.60572687686	1.12629084033
0.326672532535	-0.521231332638	0.788418007381
-1.01346973814	1.60823940924	2.1948183162
-0.887627003052	0.364811082501	-0.281124843331
2.57568603893	-1.88020978166	1.2303169437
-0.406382867878	-0.595520317968	0.692970789847
1.38626888134	2.91979935745	0.848221894399
0.707255839635	-0.386826778877	0.591738304021
1.37131371256	-1.24240852084	-2.27377067538
-0.315595239881	-0.94431679154	0.0930883546965
-1.26442412249	-0.489186203655	1.39850580591
-0.525859785872	0.839244106553	0.138350335089
-0.271800465044	-0.0730783745214	-1.68140351554
-0.215096819014	0.97631044277	-0.0234793055269
2.00749083124	1.31006451708	-1.42522297516
0.674051470967	0.616902784327	-0.406307234954
-2.77471621213	2.3170516794	1.4743946629
0.832945717406	0.0571703897049	-0.550393475976
-0.610655262348	-0.278821096126	-1.42572818069
0.0308734287984	0.90989078861	-0.413697454908
2.16420536639	-2.22502621074	2.60822518474
0.1069424784	0.682781261262	0.722753800117
-2.89263030998	1.00269533604	1.36843024184
0.411394206494	-0.763463922055	-0.497873122978
-0.581684933808	1.57178629669	0.789292604126
0.0559844912026	-0.416983390111	-0.907188287576
0.644531655945	2.68938029589	1.90231481724
-0.904330958875	-0.413661042818	-0.105214345385
-0.653696085718	1.47153620284	1.57213455734
-0.212240001932	-0.942712761611	-0.257384596812
2.72014781852	0.293484941206	1.92488392197
0.611906160184	-0.719748145981	0.327922944432
-2.66795753463	2.23510999004	-1.43285198013
-0.766090291863	-0.614301941285	0.189047056696
-1.6977583158	-0.689914738506	-1.34841319591
-0.786357243326	-0.192584894367	-0.586986664525
-2.92228125412	-1.96401042933	-0.840399530513
-0.0821376821732	0.336202888469	0.938200948066
-1.59581936495	-1.11143769374	-0.80359657536
0.732409633977	0.591710379105	0.336830751737
0.248449197518	0.996398597572	1.37881388639
0.79566572087	0.456626237644	0.398005703135
2.07151540151	-0.951988847164	-0.388442970531
-0.387812950981	0.919004807034	0.0709315141492
0.348059291739	2.22931647542	1.14916283825
-0.186448616005	0.976324495674	0.109669470399
1.17832356696	-1.61619843007	1.93558210545
-0.249300044688	0.113781493338	-0.961718908774
-1.78654619373	-2.17054296186	1.60623860976
0.0481733844141	-0.0599298378034	0.99703948747
0.65286120056	-0.138203873285	-2.27163139151
0.77197306307	0.173725379866	-0.61145488982
-2.40014023052	-2.47973642099	-1.35824325687
0.325364503452	0.660034634412	-0.677120536736
0.316010174545	-1.23254136104	-0.842329494202
0.583567466778	0.03329049018	0.811382003117
0.550507407939	0.680413977368	-2.43982164219
0.560315215877	-0.681424558674	0.470858184269
2.50946425383	2.82561531888	1.24055812138
-0.832602369432	0.221351270772	-0.507717351825
-1.40558412542	1.41536776513	0.201835311833
0.0235381526569	-0.479930349358	0.876990772548
-1.15078974496	-2.31762885872	0.469404157966
0.789322512107	-0.506410192237	-0.347158017449
-1.53419268506	-2.2949700704	0.629735247033
-0.591519626297	-0.598393414971	-0.54039786512
-1.11226638283	1.30248329956	-0.822948286358
0.347083912836	-0.656423597521	-0.669806552721
-2.68420844129	2.22983052059	0.60751874351
-0.600698045839	-0.795108447267	0.0834530695039
1.16648632381	-1.35720113866	1.19292162225
0.568764845495	-0.552306599753	-0.609478441291
1.83254895175	0.852416754598	0.562232977168
-0.778605857654	-0.624899871956	-0.057210737251
-2.13105504935	-1.4577007225	2.64071332467
0.762586690037	-0.416376568386	0.495067766551
-0.837618370038	-1.19059921254	0.0624346001751
-0.333755029734	-0.718909212701	0.609735290123
1.37158041378	-0.728985900768	-2.23146459631
0.505619703371	0.0210296684577	-0.862500126729
0.673124497592	-2.50527262464	1.84630249044
0.583349021442	0.704371636815	-0.404431102208
1.95183597842	-2.32854631511	-2.86956097931
-0.324968295781	-0.353953084157	-0.876990775865
1.79331651823	1.26142233529	-1.67226724699
0.421079422542	-0.750062185168	0.50999886107
-0.14028126453	-0.539659093736	2.9551455891
0.509962445306	0.221803662442	0.831108560721
0.126675356743	-2.23534689901	-2.51079042647
-0.842597885982	-0.131161942775	0.522326858687
-1.03292424826	2.83218108155	-2.10733272859
-0.492709490322	-0.783058298307	0.379548494397
-1.32742091492	0.975626092015	-0.802143706817
-0.13683203723	-0.973004325716	-0.185848259945
-2.47399904951	0.833769160758	2.22064192244
-0.446188653895	0.705257771103	0.550932991782
0.290809842063	0.219321250861	1.94100529797
-0.531491353462	-0.402968570466	0.745072662505
-0.923897983987	-1.2721424605	-1.47754146079
0.262431886033	0.9390383275	0.222118267325
1.29463429745	-0.522373928247	-0.83035008147
-0.614897330866	-0.238657289555	0.751627547816
0.237018244948	-0.231618070021	2.43542765285
0.818544570816	0.275467156445	-0.504085936431
2.54871774657	2.06333773873	-0.631518706977
0.782527703216	0.594409698621	-0.185276830402
-0.270844304442	-1.9665853819	1.6727845675
0.542916632092	0.59880783834	-0.58878748572
-2.36484954696	1.77743008566	-2.52028673411
0.606662792233	-0.526565860585	-0.59555742879
-0.970960348868	0.371420907302	1.16632486035
0.550996954669	0.83402133297	-0.0284740600642
2.21016239276	2.18180142081	1.13331770124
-0.448809126931	0.580083184025	0.679760154168
-1.37706920845	-0.475776660889	-1.43945745465
0.624731455095	-0.625287743317	-0.467681352068
-2.6335730646	1.7136230102	1.20433042665
0.722540280782	-0.508622897611	0.468228887055
0.523998587111	-1.31938768138	2.40999722942
0.720702929633	0.11263619012	-0.684032437749
-0.466663050861	2.75804009385	-0.655833202169
0.433399261488	-0.516479425143	-0.738521552526
-0.825935506015	-1.34388189624	-0.145413380551
0.961345553488	0.265378388718	-0.0734100646441
-2.05271913517	-2.4605989126	-1.57119815447
0.483374190831	0.667974014784	-0.565826923372
-1.87064118442	-1.42968446189	-1.62338189822
0.563305098731	-0.553368828047	-0.613571760994
2.15131166386	2.05135073205	1.87352018569
-0.647579176106	0.149747626244	-0.747139116301
0.0938509330028	1.25507251905	1.93876962232
-0.508513382232	-0.443593936548	0.737996314048
1.86740791884	-0.241376726447	1.476983946
-0.130530037668	-0.224130866362	-0.965778061467
-1.082694611	1.66885797761	-1.81219730523
-0.864809085326	0.499531664825	-0.0507283133413
1.30560524397	-0.620076982559	-0.626904427519
0.0902650134189	0.989007044863	0.117120845982
2.81014942832	-2.40077911885	-2.35917775308
0.600896254086	0.487228144103	-0.633665864174
-0.208825658732	-2.35748182787	1.76809946922
-0.647059929468	0.509389542474	0.567305686288
-1.2130729782	-0.822687189101	0.610981767939
0.0866987277097	-0.228449535338	0.969687650956
-1.79957380787	0.943277054876	-1.50313668664
0.126436955156	0.00208193888826	0.991972460253
-1.94244763681	0.295300672451	-0.250436271372
-0.299553570385	0.899716874796	0.317454254462
-1.73513510432	-0.138934945821	-1.53446134191
-0.254176637273	-0.303616650121	0.918265303077
-2.63043894404	1.03040849576	1.86274422139
0.68505060204	0.489748858992	0.539306710287
-1.23595343066	1.95252487162	1.5599952159
0.578486085174	0.780240206785	0.237863551174
2.50951215186	0.83592564214	-2.90406150946
-0.524220839559	0.542255593411	-0.656621186672
1.92816102511	2.61689329863	0.787437990253
-0.292755137558	0.0291372805483	-0.955743400875
-1.66597049486	-0.80147375254	-2.01869105232
0.782071562046	0.0753316012959	0.618618801593
-2.33794783396	-0.752167195919	1.20681362734
-0.658904805417	-0.462678886092	0.593104295857
-2.65482528756	1.21669523278	-1.85469929222
0.63274736988	0.487431808889	0.601698427449
0.397335084465	-0.360586459545	1.67743854401
-0.222779261976	0.933751643914	-0.280137944452
1.05414143701	2.77148762232	2.14236717228
0.375941120252	-0.290313123725	-0.879992366044
1.57761379996	-1.45004533252	2.00752925456
0.285697634567	0.660260583028	0.69457384352
-1.68535738622	2.20224873685	0.536173218148
0.0591442393012	-0.302761309553	0.951229493022
-0.691837149232	-1.9101982108	1.67162577247
0.629409757952	0.421912260419	0.652559116941
-2.24822106237	-2.31560401687	2.12170168285
-0.569407890864	-0.173536023464	-0.80352965246
0.95880899007	-1.4928438826	0.192872903879
0.576403157194	-0.501566228091	-0.645128451717
-1.3224163442	0.573815010634	2.65043022427
0.151801766945	0.452179794933	0.878913907392
0.329718538143	2.51851297635	-1.50216567644
0.924205612575	-0.221131443767	0.31135971201
1.39256025257	2.11298417684	0.250863837901
-0.00547410278171	0.931387116473	-0.363989111741
-0.891856790894	0.933004047684	-1.72605179103
-0.15306574038	-0.950481701832	0.270472574587
0.897679179634	0.0797478935339	-0.319804849236
-0.839952852435	0.0037674016632	0.542646305037
0.181966896393	1.72334889489	-1.64990354098
-0.765628395473	0.391373682488	-0.51052894208
0.955186503115	0.768553124585	1.77399472278
0.662930870846	0.562381573211	0.494216173948
-1.92680463944	-0.555741700773	-2.04894464495
0.836676624752	0.462344451197	0.29361511208
1.71784055258	1.75429637856	2.45957633654
-0.622213007889	-0.483931834477	-0.615354330767
-0.614945940125	-0.0325701265626	-1.27806877858
0.683715246018	-0.680714572712	-0.262985043035
2.49097937115	0.672495116398	-1.41082801296
0.7112866966	0.469725008731	0.522905011845
0.803509695846	-0.899577383739	0.222927180149
0.675317068693	0.735065320133	-0.0602148807885
0.428816569179	-1.08493097185	-1.41690189367
-0.385295032498	-0.704155205216	-0.596416955577
2.48289098952	-1.32350069917	-0.830342338562
-0.679231357729	-0.55238448323	-0.48323508292
1.16240227492	-2.31040549704	-2.6834232144
-0.623682128916	-0.582877530161	-0.520840078051
0.867468222856	1.71118410614	0.691180669836
-0.487975069859	-0.872622254531	-0.0202665264267
-1.04747451598	1.47700686015	0.15405782228
0.787259987738	0.615852488098	0.0307802633369
1.51017297775	1.35070231651	-1.28583973829
0.578636292771	0.128220411779	-0.805443707959
-2.17948770332	1.37838287964	1.12051373708
-0.47508763776	0.871672556367	0.120327432137
-0.623150954713	-1.60600163543	-1.35811362847
0.700274149598	-0.710184166907	0.072488374786
1.0324538062	2.81599145376	0.514689463309
-0.837318712343	0.308735235061	-0.451198325122
-1.88187755872	1.88608957895	0.170135134452
0.366398198258	-0.145038502383	-0.919084431997
-2.77634238838	2.73793929437	-1.04397957588
-0.442346363671	-0.580700112591	-0.683459635812
1.29298412719	1.30384821687	-1.2706919002
0.626734576195	-0.706192330923	-0.329387557061
1.26338564821	-0.125230924091	-1.97622648685
0.323147453494	-0.645953307089	0.691606859683
-2.58389931476	-0.134547727842	2.30387819027
0.916635908296	0.226577859988	-0.329303940129
0.615822654889	2.68411556772	-0.700829541709
-0.288169805007	0.953310630449	-0.0903161411658
-0.192439178933	1.7128838445	-0.524065367402
-0.597593133792	-0.333892304326	-0.728970764542
-1.34810064457	-2.85280864857	2.20000270972
-0.265953272865	0.84493008683	-0.464071120651
0.66165412354	2.36723276167	0.962109446639
-0.483561087443	0.851423424237	0.203093149494
2.72982012032	0.79637208274	-1.28252501686
-0.380951724623	0.829553291012	0.408310079323
2.753183495	-0.84524896026	-1.84211855444
-0.589385322464	-0.49720445632	0.636720244911
1.74836495961	1.90028645343	1.63725951667
-0.765108906503	0.00611677438719	-0.643871839935
-1.80722218627	-0.115718177084	0.279258287836
-0.300708267505	-0.92185079414	-0.244470143775
-0.489064611421	-0.848193461653	-0.23119843363
0.573161546312	0.443407778732	-0.689112025428
-0.104507948014	0.0635125646174	0.316594502639
0.680101744033	-0.64082237509	-0.356101532359
-2.24798406704	-1.15288965952	2.63284945067
0.5630223821	0.215727907704	0.79778898657
-2.86827887912	-1.50023296379	-0.302888306435
0.104538091659	0.750783655004	0.652223650882
-1.96259922683	-0.236740827034	-2.80627831025
-0.941430507344	-0.279870676019	-0.1880983906
-1.90805519321	2.3929870437	-2.22967771597
-0.0967682052509	0.928707259456	0.357964719891
-2.15157526821	-2.21104374812	-0.985806480526
0.779085512873	-0.625409029062	-0.0434661937601
1.68382725447	2.64572566642	-2.52108344467
-0.457400805276	0.7417849723	0.490448323682
2.26669815349	-1.04912617366	-0.517964125802
0.417466063642	-0.25679811233	0.871651774054
-0.654668248576	-2.87003918745	0.857140106801
0.0787255900457	0.0845838427603	0.993301492507
0.321746613643	-2.31152853986	-0.60624146892
0.712679530729	-0.695246437795	0.0933824245401
-1.49943525803	2.53949613296	-1.46247493755
-0.280859526777	-0.911417374717	-0.300726279666
-1.95964406955	1.27974488904	-0.0572229493607
0.576135685189	0.623842566903	-0.528098593041
0.812562575964	-0.323380085495	-2.87142201474
-0.833367804156	0.545131967977	0.0912646727166
-2.86952550636	-1.78476969713	-0.08346378842
-0.580166828329	0.724921563553	0.371342399953
-1.28205248925	2.87692189113	1.37128059729
0.115257787845	-0.304852547074	-0.945399686315
-1.58994832685	-0.334710881435	0.828376304824
0.41569735072	0.47177547235	-0.777575473053
-0.67198017747	-2.91551286208	-1.24787712179
0.703276464545	-0.347822474834	0.620017532346
0.606576739122	-0.87309930547	1.85290086485
0.493103681551	0.150612916882	0.856834002891
0.641550628437	0.129007176176	-1.28427312184
-0.149804010842	0.611635502985	0.776827374533
-2.0320440556	-0.697765482334	-2.42877606817
0.326951350235	-0.895073225372	0.303227201618
-2.17223989656	0.891873523521	-2.65492095735
0.681118814476	-0.160918826431	0.714270461286
-2.68263372831	0.0872089492658	0.283318916269
0.357629649596	0.669261131489	0.651299141415
-1.25000569241	2.58444043727	2.49699939233
0.076849996843	-0.972248223419	-0.220969387118
-0.400987473849	1.57108167909	-1.52436316515
0.175101513856	-0.689836756982	-0.702470432518
-2.339726976	2.37596144921	1.6614688595
0.214426924406	0.922965130135	0.319619246361
-2.71920627307	-0.454365971648	1.43961391566
-0.6615322855	0.428928635601	0.615138407842
2.92179027488	-1.7871401205	0.572739359142
-0.341089837997	0.183762673086	-0.921894246861
-0.209043407706	-2.42672859963	-1.84045539094
0.804848062143	-0.46470152941	0.369150491573
-0.0784195309029	0.929817114432	-1.32843179924
-0.0148700055882	0.830868740333	0.556269736074
0.634762976356	-1.41055440833	-0.775057717171
-0.605024653512	0.626425451914	-0.491463449136
0.471302607257	0.139125962536	-0.559692128497
0.0756843988503	0.510659418455	-0.856445462428
0.432663402771	-2.66501902021	-2.5853286547
-0.587355254745	-0.782820233832	0.205441685709
0.420233315633	-0.809962158398	-0.602638956065
0.494020411269	-0.552594115404	0.671255224837
1.73016457713	2.48641657323	-2.12559303945
0.80911177247	-0.530504479663	0.252790697433
2.14152163861	2.35668903931	-0.894168763548
0.817386379736	-0.496414598232	-0.292321831007
-2.50641385189	-2.8739838373	-1.90624365019
-0.776391365269	-0.364464536546	0.514180950187
-2.60669509866	2.88924914176	-0.57233208304
-0.46543376854	0.479871263614	-0.743703554825
-1.47499453986	1.17091746111	1.44623737605
0.310522977397	0.598475875441	0.738513444037
1.92515559579	2.68807327129	2.97516965346
0.940050049558	0.217670946839	0.262536213174
-2.80291229768	-2.2870915799	-2.78952997615
0.013921058805	0.882229851815	-0.470613102971
2.23035831518	2.4660759217	-2.34835935717
-0.5284143022	0.776228380782	-0.343871816377
-0.48214084605	0.40151421596	-1.52655089108
0.559020710681	0.512256912334	0.651988267376
-1.92925959411	-1.13676124837	2.30291621013
-0.101883502867	0.0267609223337	0.994436325201
0.888157409427	1.26515979073	-2.01210511669
-0.0263808191269	-0.979290302055	-0.200735040994
2.5807489665	-1.35720981121	0.15786944985
-0.223147220976	0.117333867679	0.967697308701
2.77475623663	-2.25712747017	-1.29571311013
0.931864091839	0.206322972964	0.298429464311
0.544245137982	0.37381840364	1.29688980258
-0.379387242159	0.483119706321	-0.789088505715
0.423311461374	2.68233800927	1.74810153153
0.603493205804	-0.797258230757	0.0132387324941
-2.12768761357	-1.66452158522	-0.7725806789
0.390234910804	-0.183639551982	0.902215733257
1.43737036907	1.55076233488	2.73224295819
0.0108106099985	-0.961692366056	0.273917731776
2.1604714969	2.73486125139	0.656126858306
0.414159706022	0.71085560081	-0.568468163317
0.083084407495	-1.63818780831	1.05578695648
-0.439711170085	0.335906243366	0.832959232238
-2.83965424705	2.91518539218	-0.160572251931
-0.822875751488	-0.292631970116	0.487074971312
2.24906976741	2.74547095561	2.30773093936
0.869654246332	0.493483224121	0.0132589346347
-0.846152632946	-1.95447516129	-2.19554057776
0.725168545204	0.385762131722	-0.570366687996
2.3429756002	-0.615768329637	0.894239844768
0.240783049673	0.000143775026254	-0.970578952131
2.17447922143	-1.7628335339	0.582269401172
0.905933063634	0.417599562448	0.0699706342483
2.7892311959	-0.388296314503	-2.17604749754
0.280280614443	0.513482460936	-0.811035473625
1.70140991785	0.678744902666	2.84629047812
-0.138730190857	-0.410574154762	0.901211849449
1.21486321998	-0.996761931965	-1.7249724739
0.101012438399	0.602914256598	-0.791385422206
-0.167233899715	-2.26908520608	2.24504730304
0.71065968236	-0.315685496026	-0.628733237126
0.581527317509	0.800275146451	-0.846665425567
0.0708501269226	-0.176326445049	-0.981778612668
1.62125745782	2.81400480064	-2.42098261869
0.516083993874	-0.768768200146	0.377694010691
-2.51114240429	-0.358145964876	2.55345139124
-0.641221485443	0.643464528623	0.41807703478
-2.7867930802	1.36556006855	0.449349642383
-0.693295321263	0.179902860745	0.697837057063
0.714534386008	1.47147966739	-0.626608316689
-0.132975243884	-0.754375576285	-0.64283362888
1.16744333597	-2.38311886931	0.867601615465
0.440469780002	0.55791015647	-0.703365218227
2.30326641743	1.71087165444	0.781373839429
-0.659527907939	-0.359896744401	0.659922171183
0.964849922251	-0.169940136209	1.91084322534
0.599244162405	-0.711280720041	-0.367404642217
2.69510512743	2.19594877327	-0.552311637385
0.884266970247	-0.399456666588	-0.241880749233
2.35077542244	-1.93208361515	0.728049490396
-0.770122398539	0.603726258457	-0.205975960049
-2.38027710812	2.32790097205	2.31411914465
-0.90127372644	0.142416901978	0.409173674691
0.340898048175	-2.61973867453	1.09599547479
-0.900274015608	-0.433075204053	0.0441878315288
0.451364103181	2.31344750466	0.0167565165625
-0.578252111693	-0.519349641958	0.629206202068
-1.38692929678	0.828794005365	-1.37592552104
0.03100120391	0.614753592384	-0.788109729674
-2.89190438029	0.0433911743505	0.181410933934
0.507932710446	-0.460183396022	-0.728172784224
-2.29390943073	2.40850744476	2.50675709964
0.431600429013	0.176353700273	0.884658375915
2.5600503895	1.36352284661	2.63932450759
0.148738408131	-0.645973516649	-0.748728990847
-1.29277971126	1.33773597533	2.44165270756
-0.226262280182	0.168543114714	0.959374066279
-1.91204983957	0.269163751578	-1.29501646151
0.771179600848	0.215296153911	0.599107327069
-1.39284473756	0.874593389129	-0.974353019127
-0.603274534318	0.777714427114	0.176692122354
2.43907304154	2.41248606583	-0.124325721101
0.234707451962	-0.313769062262	0.9200333622
-2.33160447121	2.75285657301	-2.84869768263
0.788011884142	-0.457502816351	0.411981120298
0.790402107978	-2.28406295241	-0.515576514584
-0.0762080153494	-0.814276319739	0.575453224432
-1.57834196966	0.828622391115	-1.17160796039
0.388533004693	-0.245089614119	-0.888241625525
0.234574988118	0.653695739463	-1.41181121301
0.932817438009	-0.322983375996	0.159791633623
-1.62162646479	0.603597115904	-1.0669355986
0.216731911115	0.273788847751	0.937052264045
1.89435619101	-2.83062372025	-1.10627240687
0.579353606984	0.706449892945	0.406543905172
0.966414114482	1.42920670739	-1.09439245206
0.618087433595	0.189528094302	0.762920065211
-0.0486251305705	0.365523288548	-2.57399252778
0.482286988703	-0.824570404606	-0.295775097627
1.82601712108	-0.382758830346	-2.87248343846
0.409955918727	-0.878344489182	0.245859925617
0.0737440407552	2.51251344896	-1.39668822204
-0.541873407391	0.752836770821	0.373644224982
1.4931142666	0.408494882893	2.45429365848
0.0857179356222	0.735257473005	-0.672345806787
1.94748091463	1.84133970488	-2.7249234202
-0.538995858788	0.805146090013	0.247433299993
0.81966611094	2.38497386118	-0.641324902408
0.92338691009	-0.342879215585	0.172599124546
2.74115515209	2.36589437499	-0.817596049093
-0.800336600752	-0.597297461918	0.0519332984058
-1.30583415527	0.937435555683	-0.273370527026
0.871775583836	-0.271077938673	-0.408073623986
-1.56944519206	-0.88070541261	1.52281507909
0.0440085187015	-0.992442846915	0.114544514883
-2.20625698245	1.6352924967	2.38732260082
-0.303069137541	-0.37962939631	0.874088450517
2.6836400943	1.89914409651	0.591490891038
-0.692949823297	-0.118143953282	-0.711240148399
0.493046204938	-0.537310943146	2.08836466638
-0.952098359638	0.289865502305	-0.0973997132847
0.481940939435	-1.76854702253	-1.57803147931
0.25620042327	-0.744323534819	0.61672021098
-1.76490897067	-2.43690764762	-1.72777625236
-0.676930553599	0.69241998366	-0.24963892291
-1.95646626525	-0.349908880226	-2.62725394839
0.724294051618	0.193103946314	-0.661898022893
0.453950383618	2.7958214161	0.352871940194
-0.311289740253	0.293457650731	-0.903870181409
1.73263839577	-2.9470016345	-2.04435997425
0.211387198232	-0.378091500978	-0.901311416389
-0.59703259932	2.77235049229	2.34423020929
-0.848418019271	0.456189183557	0.268474008762
-2.20858432218	-2.74619185207	-2.79207494047
0.241618571133	-0.338497852625	-0.909417214403
2.09567170736	0.486970896623	-0.786528298667
0.646001169552	-0.352511800093	-0.6770656687
-2.14411787253	1.1859045979	2.26462289927
0.764409156571	0.640114455816	0.0770202882715
1.29856748504	-1.58092070058	-1.4506269066
-0.35531696993	-0.829509390573	-0.430887481637
1.35038484349	2.74933450834	-2.89569958421
-0.020954452374	0.465016960636	-0.885053748225
1.04859014342	-0.970320311438	2.26565744788
-0.324653492214	0.332947594522	-0.885294306598
-1.93035216229	2.27848058411	-1.81657481429
-0.14060814524	0.964291965189	0.224433409644
2.54883717752	2.91784435205	0.49371642759
-0.589900684254	-0.61642216472	0.521575399686
1.13267244196	-1.45077611977	-1.94826331492
0.38776461004	-0.730977472383	-0.561525192729
2.09106086766	1.32543510999	-2.82026872973
0.543427842209	0.548804833807	0.635216053562
-0.0434542397497	-2.32859410314	-1.97418593874
0.513552552695	0.785186731747	0.346042731335
1.64457332519	-2.01538682185	2.77725967447
-0.805958688618	0.579924275906	-0.118820984913
-1.31046103263	1.06727136124	2.50555053438
0.464914319829	-0.609208751969	0.642432386903
-0.139171985893	-2.78489556241	0.916366846375
-0.708728431287	0.253237755429	0.658463856191
-1.91649096499	2.8214121832	-2.26860035424
0.59357441008	-0.317197200428	0.739631905571
1.02108948029	-2.88840765324	-1.44727401463
-0.528468765801	0.734258111702	0.426128840813
2.90800271676	2.50512399533	-1.91953948714
0.942056536629	0.0453249728093	-0.332377990599
1.94117713746	0.121108994303	-0.0771208275124
0.270299500367	-0.88428572727	0.38075836517
2.64082291675	-1.78032869706	-1.41333502167
-0.341849064682	-0.248732117694	-0.906240338212
1.2473981338	1.17950785103	-2.13852228706
-0.488635059964	0.428147868759	0.760213904537
-2.69542976536	2.65403198081	0.855496981744
0.587927614138	-0.578095399439	0.565815190395
-0.071078804434	-0.61221540385	-1.76515131519
-0.814020434925	-0.555700550379	-0.169019613755
0.23261178016	2.71269554415	-1.54163164017
-0.258838897871	-0.419151881221	0.870237970568
0.930457298495	-1.27292659115	-2.22283582103
0.616903184304	0.582243469107	-0.529549812461
-2.24875423136	1.29282244122	-2.63019344534
-0.469524007571	-0.355538927844	0.808170326789
-1.29271366667	-2.35605875253	0.0286132348348
-0.931725814743	0.348451475492	-0.102316056261
-1.40924471965	-2.02140754073	-2.66336507562
-0.568720741879	-0.737400458857	0.36441361258
-0.661815933948	1.82061211471	0.886352673889
0.633353598903	0.709681527619	0.308569843169
-1.10763278722	-0.34771175605	0.354385935977
0.809226320544	-0.0321114382218	-0.58661880099
1.66145453025	2.54167706327	2.83357718548
0.84544821155	0.419636693446	0.330336748034
-2.31087525902	-1.23575673854	0.427256749778
-0.540572408277	-0.724388247279	-0.42783541066
2.82206763916	-1.36053502516	-0.806818959837
-0.835021697064	0.130862076778	-0.534428556772
-0.617501805684	0.155325450426	1.11908148359
-0.845494739953	0.497140659272	-0.194909747344
-1.05154719694	-0.240147855708	-2.83088162074
0.564504744021	0.819333719318	0.100133163172
1.76977107195	0.0793380186537	1.39580648292
-0.329936137084	0.476200662024	0.815092065312
1.81387337885	1.58296346594	0.705855898198
-0.845168689724	0.529973290116	0.0694132384569
1.86118411868	1.3770122805	2.31635611718
0.568974131321	0.812635815946	0.126061368108
0.921404932378	2.80641316932	-2.81678430764
0.554563651513	0.577527005895	-0.599100754366
-0.262590417741	-1.3783444132	-1.41785707304
-0.656583210172	0.250807116256	-0.711332748125
-2.88196254277	0.556415011428	2.21101599963
-0.281036064272	0.774362333151	-0.566905377974
1.39056573332	-0.856184941197	-2.05667474259
0.955782757343	0.135607267305	-0.260940586761
2.29357876712	-0.896292143884	-0.650408141476
-0.2753200598	0.766302075583	0.58049977918
-2.44153747837	-2.73712082722	-1.02137386336
0.833310879349	0.540287741698	-0.116970656701
1.36375429385	0.0670082378005	2.124772801
0.497796044255	-0.854752183592	0.146961909923
0.267459847817	-2.58460606866	0.346106048972
0.831867740087	0.0626425758469	-0.551427212507
-2.75120662216	-2.95993830425	2.80470988588
0.239045126939	-0.322217302451	-0.915987684026
1.81421217586	-1.71550762363	-2.57438279187
0.43034890797	-0.302993698445	-0.850290912636
-1.24400959282	-1.32507054024	-0.4881049148
0.87974925938	-0.254670794909	-0.401477305511
1.56710510932	-0.352982409464	2.20514743521
0.545760233062	-0.319923803017	-0.774464026454
-0.428531038082	0.774495670097	-2.68034336076
0.524996386216	0.613312848265	0.590106892532
0.176759489639	0.838522379225	0.340907174917
-0.644775281271	0.70065394039	0.305530509897
0.0161765539118	0.615973043352	2.15499191864
0.159447690566	0.879052068659	-0.449270402497
-0.410066842314	1.44084186701	0.063600915992
0.683292827694	-0.0206351525456	0.729852794816
-1.47886219971	1.21641703051	0.584864201549
-0.938961601292	-0.122154849294	-0.321604266285
2.61862048629	1.33916094589	1.26943167162
0.0169297412879	0.752277574262	0.658628753641
-1.14712997307	-2.87947149664	2.44399466928
0.775463914748	-0.581876645402	0.245102603942
0.251508054514	1.07922465655	1.76448105632
-0.626587684061	0.0693976661076	-0.776255008436
-0.844323741235	-1.66283984577	2.46563525078
-0.0356345388333	0.493457274562	0.869039756182
1.04654844869	1.7025365699	-2.14376909137
-0.729642114974	0.0207915371884	-0.683513054768
-2.04412081	-2.31842120751	-2.21568534368
0.274789127373	0.65983305495	0.69936490838
-0.4545293363	-1.41946915023	2.05356811565
0.727761485203	-0.44695682492	0.520185368223
1.19647335297	2.61570229128	0.610323300879
0.820803038312	0.54245692329	0.178949318726
-2.97134158301	1.9451623583	-0.126126295752
0.958857877649	-0.0374553975876	-0.281404803908
-1.57810588358	1.64785767553	2.41273143448
-0.730873244879	0.404659192691	-0.549613716797
-0.18914409645	1.32744050986	0.7508517101
0.774464801184	0.451819411981	-0.442790572036
2.70118709288	1.49031577686	-0.674913806926
0.511819718069	-0.824712430115	-0.240603374478
0.95157496213	2.88043297327	-0.851909678414
0.777519985158	0.145977214516	-0.611680738231
0.00992294679054	-2.63349072991	-0.545068236035
-0.692215392704	-0.517200412952	0.503330490778
-2.71526159751	-2.83340859031	2.64301607279
0.0639909973459	0.0170632376805	0.997804589175
-1.55339411242	0.33112601322	-2.7336447559
0.719955874545	-0.349409429466	0.599647053948
1.10224222175	2.35510567922	2.88373892776
-0.771092247315	-0.282751862367	0.57049814238
2.60367833468	-0.431800885532	-2.10888151367
0.668465095515	-0.0241173019859	-0.743352387379
0.284334607547	-1.19379968834	-1.64782465681
-0.464085179229	-0.643055266158	-0.609183774478
1.03807034973	-0.89917344351	-0.325837325576
0.645053616176	-0.605052344285	0.46670921668
-1.36490966511	1.47393714738	0.621425701425
-0.387843867294	-0.084734834858	-0.9178219557
-2.55713330266	0.433731316014	-1.51371372518
-0.694134724881	0.364944820021	-0.620477446854
2.91957473155	2.07166638546	1.22337428264
0.633491914541	-0.130971748713	0.762584025042
0.515882655477	-2.15125106258	0.40441310374
-0.655645485803	-0.594107513241	-0.466009935149
-2.37940121058	0.235370862635	-1.50328051889
-0.242266504335	0.470473722007	0.848505402327
-2.0044772261	0.834255313101	0.34979646688
-0.329165583293	-0.813737871016	-0.479041434585
1.62932589673	2.18188596773	0.996351501236
0.49268103991	0.00174262834347	-0.870208225748
-1.8485829597	-1.25608202397	0.194582656998
0.495751801099	-0.567997739462	-0.656969344546
2.86735640332	-1.72232050226	1.36870315448
0.342981425966	-0.395117487042	0.852200629474
-0.24760142638	0.733404332589	-0.585996122731
0.955495064292	0.0955083088606	-0.279118872619
2.22534873071	2.20523942489	-2.46726699421
-0.208574696912	0.664342375766	-0.717736583692
-0.0746254866749	2.0472342194	-2.92413036031
0.577767892271	0.685055389585	-0.443715422158
-1.4985917144	2.07419110536	-2.38651407516
-0.394972457311	-0.57571554614	0.715924833972
1.97108429246	0.808022966908	1.21373698237
-0.741084138047	0.653511765184	0.15400218538
1.10282413206	-2.58496034089	-1.0678963637
-0.114888748127	-0.893420482397	-0.43428149533
-1.92610951863	-1.05691787451	2.50062942276
0.893685361488	0.170608991237	-0.414992827372
1.53353226382	1.89769896139	-0.132297589738
-0.776072042454	0.0358949376158	0.629621901124
1.91494739378	-0.876681415275	-2.73187266158
-0.151911201062	0.988392880984	-0.00158107916625
0.813867545043	0.0860873383768	-1.77858396718
0.611212137882	0.589420715175	0.528207291723
2.48076675388	-2.51116510886	-0.955207280874
0.75060992008	0.581857190441	0.31309257067
-2.36276693021	-1.17905272353	2.30593116763
-0.621222318115	-0.783592076236	-0.00814183859055
-1.24830597727	0.631588195834	-0.493187620997
0.16087758018	0.948703192183	-0.272177620932
-0.47655566377	2.70135787273	2.82592359511
-0.382165694085	-0.231306625254	-0.894676828457
2.0663406717	-1.56296933083	1.12608093688
0.513541931944	0.804525917541	0.298350016155
0.77956138691	2.92023828231	1.53800312917
0.777279206032	-0.619384038086	-0.11045564374
2.19918077245	2.96103809508	-2.31713658117
-0.469444734914	0.60143623242	0.64644883726
1.92605766439	0.99544944479	1.2680265025
0.139028356082	-0.570673373133	-0.809322566967
0.628679198601	2.7281505589	0.77412935457
-0.710667255078	-0.688892348974	-0.142756380186
1.63993367472	2.23407868075	1.68480217259
-0.303751526069	0.503478881329	-0.808853525965
-2.32639426999	-0.43096767101	-1.86112618591
-0.870027761398	0.35144507325	-0.345742758254
1.83259204261	-1.36291110768	1.79550468633
-0.588203949373	-0.487414319911	0.645324255463
2.64834497911	2.04630487766	1.81669981029
-0.61749140453	-0.0141220850855	-0.786450845282
2.73764031095	-1.52265663511	-0.720045034151
-0.677543739986	0.417585059399	0.605439673768
2.65708345825	0.125007510409	0.196090195202
-0.754386655345	-0.340344690631	-0.561307639175
0.771562721736	2.88284013096	0.516268062149
0.973576294616	0.130544714029	0.187369357691
2.36397886691	2.79370047318	-2.28530374749
0.459995607582	-0.616071824973	0.639421259796
-1.78385986923	-0.0119681195177	-0.398714535288
0.803922243701	0.178777558121	0.567228006004
-1.46450927504	2.25601734293	0.0229784325825
-0.93991052938	-0.307532170989	-0.148297540667
-0.0979461339726	-2.63742017949	1.81291315722
0.583037997512	0.802223461787	0.128468715315
-1.2709475594	0.487036438021	-2.15488004629
0.333867506879	-0.64850633777	0.68408480302
-2.41267546126	-1.87066679711	1.24397972042
0.310616763459	0.649395997171	-0.694119633144
0.594437040124	2.03754415726	-0.342092849159
0.708283132115	0.700773696493	0.0851541605832
0.021152003087	2.95505839381	2.94651987471
-0.30865500829	0.922109796335	-0.233335829568
1.88564410876	0.780294913202	0.276024110325
0.105119845787	-0.99432494035	0.0163624882137
2.80750348841	0.126611807066	0.0434031856947
0.590928547728	-0.00965036500047	0.806666177508
-1.78996009017	2.04648698367	0.648750402842
-0.380075683162	-0.578586940451	-0.721650626972
1.12903119909	0.393877126962	1.50499038387
0.584171835252	0.579016578592	-0.568755719631
2.72900627047	0.147088040415	-1.60035370622
0.609462789504	-0.083375787202	-0.788418408156
0.947932853055	1.93334065732	2.28967212852
0.667731169429	0.739119944675	0.0885256615706
-0.988816010197	-0.902082455195	2.17191441798
0.874517982056	0.460616575915	-0.151824467901
-2.53279128721	-1.29831286544	-1.93700599331
0.55798961937	0.0860238628613	-0.825377174202
2.81714264016	2.03261324833	-2.570688162
0.673947602216	-0.19450475904	-0.712714899647
-1.04445162764	1.04264128049	2.74538228609
-0.608822371086	0.514984223761	-0.603429009696
-1.72176775372	1.68363112912	1.6089614547
-0.0309070676713	0.993568762058	0.1089305661
0.46314263412	1.57056725604	1.62930674368
-0.356830347338	-0.0191859664069	0.93397216335
-1.58514250515	-2.09280988551	1.62729023032
0.187906847928	-0.439679307568	0.878278499679
1.2681789779	-1.83801894526	-1.96466664624
0.668136261547	-0.362462392775	-0.649780693642
2.58057536819	2.07592083494	1.1291463982
0.515010353707	-0.751544055854	-0.412244912262
0.50459846614	0.821330049819	1.40586702391
-0.233544398998	0.406350987684	0.883366225585
-1.72622400639	-0.544385077058	0.845693760094
0.52958856803	-0.539828749495	0.654309460294
-1.27197633798	-2.23949589637	2.37304242583
-0.240520531414	-0.717173677776	-0.654073229749
1.94226349993	2.02175940552	0.574746968873
0.754054354537	-0.221828466154	-0.618218539035
-0.207738680588	-0.155020958818	-2.60195283178
-0.761174053006	0.61122074085	-0.216848488547
-1.95769143183	1.12944047835	0.909647244909
-0.00681237151145	0.419759516021	0.907609795179
-1.11174765719	2.52313734932	-0.354887923938
0.203097240656	0.683907657522	-0.700729496183
-0.498673888369	-1.19717439746	-2.30078686234
0.464180255346	-0.781436740497	-0.41700516921
1.12703536171	-2.4551510559	-1.22680258522
0.796565288073	0.293986329026	0.528257304902
-0.395890284464	0.690754461863	-1.95973853192
-0.261253939477	-0.0978214229614	0.960300655169
1.4122595119	-0.613472599381	1.93267497866
0.58892838707	0.341669210783	-0.732410749037
0.125178835819	2.85527611603	2.78951399267
0.880633745603	0.334227468756	-0.335821686664
-1.18699927643	0.334214303384	-0.280034757299
0.0527172914569	-0.143668999866	0.9882206766
1.31538280265	0.163900437309	-1.46075281342
-0.638164624185	-0.365259810036	-0.677739760979
-0.174730634811	0.557027281133	0.144220266574
0.527427137167	0.784196911985	0.326888082092
-0.684780489492	-0.293567201678	2.35844052168
0.30387757307	0.770072452486	0.560933898519
-1.61046491733	-0.986616419599	0.145948900651
0.573334824658	-0.819315098823	-0.00315399338077
2.73975744534	-2.65908720419	-2.33690120699
0.011006857002	-0.987853461733	0.154998023345
0.0055914092743	-2.96582229847	-1.93987770635
0.294009789666	-0.494048019892	0.818214395878
0.728466485861	1.74248765123	1.89206075359
-0.712278590978	-0.489080749723	0.503447344898
-2.24888708177	1.33021407141	-0.912117158565
-0.427717032166	0.626490564363	0.651588607297
0.399410310004	-2.08554821639	-1.80387231745
0.653732784667	-0.64135806251	0.401613348763
-2.76030608509	-1.32363155372	2.91339130394
-0.843873269744	-0.536375257901	-0.0133972878672
1.22739902301	-2.35799594336	2.9326214822
-0.553367081413	0.690159840195	0.46633064256
-0.904090531858	2.25121570724	1.23265859742
0.994082750187	-0.0499551730342	0.09645707059
2.27217023382	0.354314555964	2.03340507967
0.29185861755	0.339305106905	0.894254209825
-0.126850487276	1.02059067531	-0.221483384719
-0.721783672206	0.692071565772	0.00807950407207
2.95072955209	-2.09036302686	-2.67600967195
0.157875849501	0.0365417298781	0.986782609353
0.917537177259	-2.29030930446	-0.72858924313
0.6682256326	0.614561206853	0.419272020254
0.302755880151	-1.48541821609	-1.83517865085
-0.76262206213	0.537088421964	-0.360476930392
-0.548812742265	-1.43527346051	-2.06858887395
0.200707608229	0.74881432349	-0.631659374137
2.61200410271	0.714799436059	-0.436207443604
-0.479665793386	-0.65380899979	-0.585196136735
-0.230470680992	0.153662734907	-0.959860387603
0.486761678547	-0.512242500374	-0.707580871073
0.613983404071	2.18149989397	-1.70760433246
0.723759231367	-0.689217156491	-0.0339453414841
1.4610989856	-0.975428432046	0.740190516293
0.634686449623	-0.762156071606	-0.127637115214
-1.03828360057	1.24239512975	0.0619484026888
-0.584096746403	-0.223155781501	0.780405335723
-0.73843853074	-1.80076663805	1.31309676653
-0.84112034324	-0.064019853777	-0.53704564658
0.326137747699	-1.31610143789	0.591955302037
-0.121508581421	-0.813320870008	-0.568985788091
-1.07292580495	-1.0670406918	2.41900338307
-0.673536752163	-0.548731313629	-0.495219334162
-1.48247766357	-0.158438462521	0.766276631188
0.687669170753	-0.344339220913	-0.639172599958
-2.86644459052	2.95284560476	2.04420472231
0.302748267165	0.0502532129796	-0.951744766896
-2.8329539049	-0.272251700208	1.47936207872
0.18955068261	0.710449024104	-0.677740896561
2.96051012221	1.59920116777	2.02966166107
0.692543999192	-0.543350704099	0.474502709728
2.24855142647	-0.105403202909	2.7235407719
0.500531119208	-0.839740552115	0.210486113173
1.6962049679	-0.94154471272	0.21822367055
-0.999264324185	-0.0164072434163	0.0346642867412
-0.703214029931	-1.47359771966	-0.0398307769754
0.600398304454	0.73066664087	0.325035591787
1.30481900788	-2.06113750656	-0.728338931958
0.829454946726	0.114758331667	-0.546658043629
-0.936362684964	-1.28475151857	1.79902797587
0.448184423341	0.81734995121	-0.36203560589
-2.1413064106	1.8252486469	-1.63698802424
-0.934134911191	0.123980889917	0.334694945629
-2.95805063729	0.885085227456	-0.281907366671
-0.821908286436	0.129153136451	-0.554784855627
2.24792946083	1.827208538	-0.389061762763
-0.114898054675	0.721562481904	-0.682748871651
2.71099050511	-0.0197356579999	1.58916189701
-0.618420676549	-0.444941135283	0.647752462713
-0.288672236355	-1.69151437745	-0.971861500625
-0.582673337363	0.616510582086	0.529534214289
2.73536520523	2.83617345191	-0.546593289718
0.692555720571	-0.662053448287	-0.286446863337
2.64574327106	-0.534884530822	-1.19153964861
0.265959847792	-0.942506907198	0.202351400407
-0.782665376474	1.94925807836	0.110067783374
-0.938702096239	0.321953166428	-0.123225537709
-2.16252495962	-0.264223675459	2.25240468522
-0.491903151924	0.55989702965	0.666743282918
0.430237496805	-1.55979570452	-1.15559698731
0.708784943503	-0.247591355237	-0.660547064693
-1.14780262925	2.36322786831	-1.82895039734
-0.484817037189	0.714379135775	0.504593787933
1.09267233357	-1.72642283312	1.14869916224
-0.231142886688	0.301843316712	0.924912740798
0.385626117324	2.82846278476	-0.66386285977
-0.911062890941	-0.357124824102	0.205976379132
1.51821360056	0.903660539113	2.48096898211
-0.527128328069	0.615047615766	0.586389082511
2.41452711275	1.65969855184	1.92942588275
-0.387759032106	0.779902169715	0.491320199762
-2.52664865189	-1.64809802807	-1.66168537543
-0.470705689385	-0.513230219341	-0.717656530616
-1.03463618491	-2.27864773563	-0.969007911598
-0.393003193911	0.911188589263	-0.123627846268
-2.09251909061	1.62545617842	0.849261320373
0.702659222142	0.243615911822	-0.66852173117
0.12855731276	-2.18927751246	1.56411674109
-0.500266141214	-0.659502047762	-0.561062239821
0.899425687437	1.24812433435	1.9540880587
-0.225723855203	-0.871158264917	-0.436041303845
2.01335748095	-1.16603755629	-2.62637288225
-0.6560571527	0.474472004339	0.586911687982
2.33107914153	0.162231340408	0.584772061236
-0.521084623832	-0.582133862051	0.624172237014
-0.132695075632	-0.0310603328428	-1.94193101028
-0.297746867014	-0.18047386187	-0.937430524554
2.91364586374	2.08360352949	-2.02772564169
0.851363063011	0.248785177823	-0.461829914834
0.311053122355	0.68121438428	2.11177552479
-0.915234920775	-0.137264430381	-0.3788185792
2.03519297552	-2.61832306631	-1.48154534606
0.65935491402	-0.0609379345919	-0.749358169025
2.63563627725	0.877912468733	-0.761342252255
-0.459005035479	0.877672823704	0.137857868604
1.74969253006	-1.24007058996	-0.360336534997
-0.601253923648	-0.52422302133	0.603062138759
-2.33032281328	1.89860312139	2.08062235786
0.610054340645	0.788964835686	-0.0732679296267
2.76481396205	1.01558527704	1.83351561559
-0.994981450896	0.0147865397453	-0.0989609550085
-2.32417868235	1.0098345979	1.07864712639
0.0299136085836	0.883571342347	-0.467340196221
2.43852714386	2.87368346687	1.43136225591
0.00188232415821	0.891877145745	0.452273826076
1.19625305238	1.87429372763	-2.04946059359
-0.555528230892	-0.822311335887	-0.123257663266
0.554189362412	1.70309393136	-2.22563352689
0.572957841429	0.592073837507	0.566716757194
0.372472977919	2.55190399459	1.42055354831
-0.305354194519	-0.143355189376	-0.941386267995
-1.57079890752	0.373602926453	-2.22214974592
0.486186878293	0.847088526726	0.214623734159
-1.75446486818	-1.62029373747	2.08337950511
0.0838625953177	-0.861428437528	-0.500907288951
2.19077729957	-1.31566668182	1.0469496344
-0.773986984344	-0.0275099055628	0.632603630373
1.84116596719	-0.627005272929	1.19631341113
-0.726628359304	-0.548417494741	-0.413823004336
-2.93989863805	-1.78684668273	-0.434528164537
0.902696770003	0.218937709353	-0.370411691027
0.0252874622291	2.90677355712	-2.74346790733
0.0557303688959	-0.801612014585	-0.595241383016
