352
0.303871364154	2.36558514173	-0.47014791032
-0.570726004306	-0.495237111965	-0.654990099881
0.3049615333	-0.084543038773	-1.87146680371
-0.106655703949	-0.728324954164	0.676880581755
-1.11127903625	-0.326806641978	-0.0824146040832
0.411892569646	0.369345549088	-0.833023634983
1.91640913222	-1.53479877627	-1.75388141883
-0.73780680041	0.173293369489	-0.652388330184
0.512820560709	0.60019379095	-0.400778615557
-0.372659674065	0.0347201185051	-0.927318327597
-0.986983259214	2.30844798971	-1.56133955208
0.770852423523	0.612962268166	-0.173389154661
2.28572595781	0.100994862563	0.948936456509
0.453951130369	0.583956908781	-0.672995319392
0.655044650726	1.67356593959	2.00080399838
0.731578096706	-0.344938251665	-0.588057047367
0.0183304104573	2.32963166866	1.50543485062
0.472940053527	0.411576313122	0.779058819503
-1.76144899192	0.649891545629	-0.138119540372
-0.502196920793	0.1702329481	0.84783193861
-0.604358082449	1.51827969564	-2.35946662528
0.705343107198	-0.448040797053	-0.549318255025
-1.03809034545	-0.357027978989	2.12426622652
0.228682160935	0.467511607876	0.85389540681
-0.0875223737738	-1.0413010949	-0.21572113113
-0.84101594498	0.15401360271	0.518625096259
2.1463452119	1.57976232889	-1.31529651715
0.363613546493	0.91325906168	-0.183692882459
-1.07398160526	0.371508439586	2.25848846875
-0.583681474445	-0.221093179998	0.781302593205
-0.554765079337	1.98673506675	-0.443647553779
-0.165670064139	0.699332312652	0.695332831332
-0.532436696363	1.84472604159	1.38179587062
-0.729613761219	0.226821383308	-0.645147905147
-2.38325302156	-0.824626437115	0.245738216757
-0.881599598483	-0.280415214795	0.379670192754
-0.041537646484	-1.81879541576	-0.370584931269
-0.863289007278	-0.504394611697	-0.0178371972168
-1.49480002345	0.697857366349	0.972848953209
-0.601391686918	0.625026636077	-0.497664287548
0.328719039246	-0.829601627172	-1.66792292884
0.79356750606	-0.0612915750896	-0.605387443006
0.245839356505	-1.46041104635	2.09126722595
0.773542200883	0.631272044182	0.0559291488085
-0.656398492147	-1.33254133038	-2.38650639249
-0.280909755674	0.654245015126	-0.70217744862
1.72683635367	-0.05463393751	-0.746647875943
-0.233992955453	0.668737328672	-0.705717848746
0.908499130319	-1.65141587329	-2.25971139292
0.556294486245	-0.486772114017	-0.673490425759
-2.33092547105	2.10114021416	-0.112520833815
0.227674648562	0.695669764742	-0.681327992105
0.689682711709	-1.09004517062	-1.6601583107
-0.139916728009	0.80588294223	-0.575305130037
-0.950331643133	-1.29855254118	-1.54575223738
-0.128482172826	-0.694637040772	-0.707793552425
1.25933222119	-0.57247181699	-0.152178897703
0.863047629862	0.0447403206789	0.503137249958
-2.19053183741	-0.228210096413	0.674168883162
-0.260778696721	0.892672315447	0.367601154203
1.76683244268	0.929062209609	1.30096205821
0.364585148458	0.352105885189	-0.862031968745
-0.881686727817	-1.00953280052	-1.2007613179
-0.0473637488884	-0.529809697339	0.846792985267
1.9072932688	-1.53219307543	-2.30757124259
-0.633179439958	-0.564216151996	0.5298527443
-1.82599735612	2.36968930488	1.55459451076
0.562351238319	-0.780707951794	0.272499869295
-1.80880455393	1.61335288377	0.177110215258
-0.649753528085	-0.381533042862	0.65745942076
0.621803075067	0.714602674243	2.32661712462
-0.0710089321043	0.367903107154	-0.927148874404
0.970589122427	-0.717749203199	1.11529487209
-0.40181972289	0.819653534744	0.408300126474
1.96141096388	-1.04163531905	1.34151587225
-0.149873255706	-0.659029001798	0.73703377264
-1.19832554046	-2.30786837636	-1.69420695072
-0.905134615354	-0.100201689862	-0.413147612164
-0.0487726140338	-1.79499614713	1.32672274499
0.611650750734	0.775636301074	-0.155793734094
-1.62692749996	-2.02527126931	-2.27606871573
0.0840712653446	0.860815785932	0.501924501329
1.4723303676	2.10911563493	2.3897200622
0.753454508807	-0.581527158315	0.306810148628
1.52223791586	-0.745492971911	1.22502646969
0.796347983985	-0.0446667656625	-0.603187175301
1.7454199024	-1.55920057331	-1.87115560434
0.608110344851	-0.434229689762	-0.664564808739
0.980084143537	0.257596767261	1.54502776147
-0.536727172191	0.432884972572	-0.724247570347
-0.917394147803	0.285837275243	0.706849098792
0.717731627369	0.0944387702664	-0.689885954158
-1.74683858745	1.29483176615	2.13776753533
-0.949523115745	-0.170723272955	0.263171838799
1.47226810943	1.51183426914	-0.117988552253
-0.696628015155	0.360523954878	-0.620267592624
0.447927636158	1.19893855563	0.698146658102
0.393521099812	-0.100763698498	0.913776680085
0.00759774234398	-1.9087040362	-0.570937320343
0.074409133979	-0.962673257233	-0.260237354329
0.979572012917	1.22673106031	-0.575194709501
0.627234441054	-0.591855704889	-0.506244783228
-0.160708401029	-1.05420006487	-1.6838575975
0.0408106025076	0.554944964946	-0.83088541966
-1.18426279954	-1.9100655501	0.859565704902
0.281705298207	0.851487535302	0.442279439029
-1.84684111592	0.871408931853	-0.782952143338
-0.535166731433	-0.352513795533	-0.767678704619
-2.23954868198	-0.790388368722	1.39171813132
0.0263151594213	0.16192031816	0.98645289951
-0.662967250829	0.873848345897	1.49035359647
-0.323366682192	-0.48003917066	-0.815473104082
0.071262340256	-1.41162133413	2.19916119247
-0.669507556864	0.733981536327	-0.114152247604
-1.53491602039	-1.09756304557	-1.89782900062
0.63596959247	0.634727837349	0.438934220526
-1.89591108275	1.01856640323	-1.37286449759
-0.544315767941	-0.447675663252	0.70944122047
-1.77248677089	-1.86750071042	1.80887850297
-0.560343952951	-0.414249789836	0.717225045584
1.89800178257	0.374160398498	0.817264150736
0.253868584268	0.136284212576	-0.95758934587
0.570882968234	-2.30982527046	-0.382892237813
-0.60007394557	-0.461042357409	0.653721044883
-1.27661737187	-2.14436798077	-2.26135420395
-0.695462166007	-0.61082074678	-0.378457911736
-0.609467019792	1.99044121221	1.62574622743
-0.314057116046	0.20861413331	0.926200988579
-0.671635697555	2.14286468347	-1.59464780154
0.428902876931	0.696350784768	0.575445832996
-1.96997458614	-1.88276231993	-2.02230938865
0.716988362998	0.521170281721	-0.462935443422
-2.30862754103	2.3732309384	-1.37720166808
0.445868630056	0.866958077774	-0.22267657289
-0.64060818762	1.15304360631	1.45840625946
-0.674527289822	-0.677145290909	-0.294087045421
1.70938860848	-1.88739638705	-2.35408972662
0.410575885826	0.835847005747	0.364399814712
-0.58880718677	-0.635048259413	1.70668216075
0.450941441583	0.577850296762	0.680250579415
-0.549614586103	-1.24697436803	-1.27676726033
-0.628269666795	0.770609264391	0.106951332017
2.02284773616	-0.473467173056	1.85705565497
0.0125597359914	0.82732701334	-0.561580151029
0.166924420918	0.094079431978	-2.37217260365
0.70275236592	0.446154717781	-0.554152578263
-0.341557865629	-1.66997188626	-1.4854624625
0.34184939067	-0.687979479723	-0.640174374353
0.865729477308	-1.66289655784	-1.76793598345
-0.788243921309	0.611489469181	0.0689358368298
-2.27055081158	-1.66467757672	-1.48812713752
-0.585012463007	0.462708221798	0.666079214213
-0.998485758749	0.379790095426	0.880796967421
0.0827430189717	0.993855706504	-0.073514811164
-1.08068905724	-0.648800277428	-0.165629847891
-0.0671790959948	-0.368615939037	0.927151151943
-2.20329916702	-2.02586657316	-0.388671109325
-0.700877367175	0.686747076347	-0.192741716583
-2.29369157465	-1.11945478475	1.54636026987
-0.851141498676	-0.524456383774	-0.0224421645899
-1.48268943574	0.246833681816	-2.19203144716
0.718747338209	0.593481817323	0.36219000031
-2.05425907687	-0.996259841013	-1.25863703516
-0.623260455776	-0.5633320302	0.542405224916
-1.77057517471	-1.66288024486	1.31352761272
0.690274636656	0.474592188777	-0.546153074094
-0.63106084452	-1.60468904865	-0.38238954948
-0.414394072858	-0.621974888942	-0.664398065851
1.53343514187	-0.638123062597	-2.13758406163
0.49070496948	-0.275444138159	0.826643308617
-1.17176124185	0.0715207059176	-0.557995691173
0.876841339837	-0.302048040475	-0.374053800941
-0.716383645651	-1.28289130385	-2.06254190382
-0.910546931897	0.0706177812866	-0.407329613188
1.73183588217	-0.216328461513	1.68209395424
0.302554346149	-0.948861468793	-0.0901264704025
1.67746106224	-0.0584852647592	1.80067867546
0.179566770424	-0.960443228832	-0.212848723629
-0.270620979834	0.282874078167	0.446658735342
-0.862921278236	-0.388577664405	-0.323070064061
-2.28187156185	-1.85190167579	-1.32284781581
0.780559385781	0.0168439164003	-0.624854645297
1.08715820332	-0.381520356065	-2.13596483322
-0.532410077627	-0.842735773445	0.0795985263533
1.50143988553	-0.934884074477	0.232950370661
0.81569324888	0.134524665026	-0.562625664391
1.80498122777	-1.69099694176	1.36127264654
0.909319310123	-0.112363377182	-0.400640566726
1.06265848436	-0.268496218614	-1.0256616908
0.870872244971	-0.482818512987	-0.0920207392757
0.268968187498	-0.65639964748	1.86971900337
-0.748090584516	-0.166696094918	-0.642318370667
-2.01456179804	2.26493591683	0.478599391301
0.452516795449	0.862358790704	-0.227081187975
-0.65055917595	0.861615494733	-1.12373840668
-0.537844692711	0.429693156865	0.725318466238
1.85639795058	-0.788204837788	1.09856106394
-0.24983792854	0.57808890619	-0.776784542845
2.08744856597	1.57528875341	0.531557676435
0.570457203038	-0.534665154679	-0.62346752271
-0.264608109028	0.862212764897	-0.8680226516
0.675309417707	-0.695547456945	-0.245297626353
1.1895014738	2.21285694129	-1.51847019764
-0.745168135457	0.645925615249	-0.165844956105
-1.65181765952	2.32192804088	-0.695822225689
0.127690070941	0.818729267781	0.55980142181
-0.328245483101	-1.80164323132	2.12413252386
-0.837664859097	-0.508344472651	-0.199758556658
2.08638970265	-1.25384567197	-0.277448481598
-0.0600066548297	0.979009200542	0.194782408419
-1.99128734145	-2.22860344787	-0.896613785448
0.674042564637	0.664822677129	0.321989796471
1.51451348777	2.27852464783	0.710513025816
0.29368269082	-0.510005443321	-0.808483101181
1.87783934444	-2.15791904994	1.25514271547
0.569458373613	0.715064060629	0.40546337679
1.22976235225	-0.558429954092	1.03164376631
0.803772603367	0.397124768662	-0.442991557699
0.530830663029	-1.15855009783	-1.796392359
-0.615122880954	0.513106024886	0.598620120403
-0.552943147406	-1.30788805337	2.30854256451
-0.0924906319464	-0.863320795224	0.496107536262
-1.00267132162	1.29101730994	-1.48446038648
0.461919962784	-0.725132384255	0.510698515062
-1.49909828426	0.729313523513	-1.33602245888
0.549108695274	-0.497199206264	0.67176825622
1.65234924423	-0.912183584432	-1.35678034341
-0.621154398349	-0.716264565134	-0.318013028263
1.11257194316	0.632871117484	0.635706006802
-0.0254928150145	0.900290514213	-0.43454241036
-0.106238822104	-0.0429611733595	-0.0634989717388
0.582396646672	-0.746491397053	0.321814760492
-1.91339609735	2.11366466705	0.578278896076
0.579553697988	-0.59212462358	0.559916012719
0.149777897605	1.71758970915	-0.54809828041
-0.158567195173	0.695798646227	-0.700514588374
-1.38732840149	2.30044421836	-1.11694969855
-0.334780930246	-0.927495000962	0.166357302018
-1.3063328196	0.792778707451	-0.987664965353
-0.101558941158	0.378040576428	-0.920201664878
2.10944725727	-0.692887205909	1.72525447963
0.769870933791	0.532295927098	0.352079240085
0.850807760274	-1.00683305432	-0.363947801651
0.42818380417	0.740188230685	-0.518439980134
1.56474912228	0.308547620193	-1.18117035409
-0.314011250809	0.757968653309	0.571734601862
-2.28300932256	0.768263286735	-2.06203527639
-0.540724727529	0.623689477806	-0.564471615153
-0.967427010078	-1.47875699691	-1.65327335026
0.773782704353	0.611090104513	0.166820893807
1.29093122995	-1.53078480568	-2.21843156708
-0.59522257271	0.47411782742	0.648785307062
0.227374793253	-1.35210762941	-1.0592538395
0.474479034505	0.135959867261	0.869703719844
0.231452361887	1.43607431379	-0.729417583712
0.506323407707	-0.688953544955	0.518632451455
-1.87185381251	1.66593106005	-1.67225803411
0.555021473803	0.769143097971	0.316812339503
1.96007874714	-0.754727840493	0.657799482643
-0.537111970357	0.698238951568	0.473257961171
-2.26353628157	1.77294258026	1.40889954236
-0.167915616654	0.580113918088	-0.797039639995
0.790825990612	0.0614465208863	-1.66002552458
-0.274622029099	-0.649405865258	-0.709122530528
2.0734446895	2.38736633528	-1.1565831116
0.752722218315	-0.622606108092	-0.21394133827
1.97819368159	1.29361759987	-0.611280591744
-0.0492193790107	-0.662681557924	-0.747282145857
1.45341026258	0.727428141977	0.810759371946
0.85439613564	0.220430740699	0.47055024382
1.4939735482	-0.525026449146	-0.248552218203
-0.624136641485	-0.683869893157	0.377856350997
-0.364843795302	0.567780052245	0.00711136952621
0.900221376483	-0.131434913753	0.415122074539
0.538518706413	-1.93831072783	0.0269164238394
0.528736985196	-0.811400309345	-0.249131970007
2.31792210949	1.30159661318	-2.196008608
0.972571308546	-0.178047981873	-0.149679544176
0.0380710293781	2.04952657695	1.19584857877
-0.496865542379	0.755122558125	-0.427685111978
1.08562476515	0.321729716859	-0.652948344702
-0.838840566688	0.365880585316	-0.403085476005
1.97253874426	0.534808753604	1.31736038904
-0.659130222529	-0.438356789039	-0.611057014731
-0.0882032758802	-0.362044077833	-0.828139889638
-0.594053894805	0.679218975939	-0.431000641289
0.173687295747	-2.18159430999	1.19000133619
0.640814266151	0.755716175336	-0.135093073965
-0.267624261148	-1.54416273576	-1.32368297341
-0.814893861046	-0.163714231859	0.556008673958
0.958848775992	-1.31201832367	-0.492899993358
-0.647337549552	-0.42400918098	-0.633380068667
-0.904059565126	-0.93434790188	0.138642378293
0.321239908435	-0.0689876755136	-0.944481668354
-0.734504589115	0.204908053955	-2.11834867816
-0.219974010476	-0.637897290925	-0.738036910287
0.539277089436	1.3942835608	0.414682310481
-0.160491507075	-0.766720452182	-0.621596512508
-2.04062077484	-0.971146313863	-0.479160907615
-0.567847898236	0.599219679573	-0.564344345309
-0.413704226825	-2.15535410712	-1.13303496428
0.942857721432	-0.1517673398	-0.296624327571
-2.1155969228	-0.248316782004	0.250733549877
-0.326062512509	-0.657484072037	0.679262786375
1.88930917575	0.271606816274	0.152985678722
0.633585758225	-0.75097457687	-0.186027610503
2.36265946031	-1.50056329533	-1.79195018224
0.395453644099	0.917952387162	0.0313022406939
1.29987678003	0.266664131833	-1.9976440394
0.94958006516	-0.229218162039	0.213908237434
0.0699905289688	-0.654611128421	0.117486137137
0.977199330408	0.206293997858	-0.0502419655073
-1.3515286587	1.17271594288	2.04660259312
-0.971861724235	-0.132319314932	-0.194875313631
0.256011306583	1.82811079995	-0.705417230586
0.655724950903	-0.686912174938	0.313331218817
-0.00873211147586	-0.58806079251	-1.64721449859
-0.116720911194	0.524902479753	0.843121352855
-1.84107476326	-1.5969186801	-2.21833859339
-0.0302329612699	-0.575337395458	0.817357234898
2.33566154208	0.086429111328	1.37451776905
-0.880147650689	0.465080174825	-0.0950817751812
0.11012935914	-0.720468178277	2.04504916688
0.400889451055	-0.624979820727	-0.669841676604
-0.600200378888	1.01899298694	-0.542831509997
-0.710692878092	-0.650395764355	0.268143586047
-1.30343156218	-1.46527356294	0.0338501569561
-0.933316906601	-0.181791324025	-0.309631177954
-1.91697353571	1.72759986495	1.40892031835
-0.592667478218	0.660145666073	-0.461468265244
-1.23169801228	0.89044944449	-1.96159378741
-0.381359202055	-0.857537162988	-0.345246539595
1.84000716494	1.27258792958	-0.0252397965338
-0.00264331348283	-0.560167815046	-0.828374934363
1.7542922496	-0.622279574965	-1.15877559071
-0.610647749446	0.77740008288	0.150858997856
-0.0526790762241	-0.781492685499	-0.833539208541
-0.864723504359	-0.455688477324	0.211190133869
0.84361285661	-1.11358220246	0.618829676511
0.493591890223	-0.8591104746	-0.135263588372
-1.46334529483	2.34208976811	1.72409627712
-0.986157448241	0.149537351108	0.0716384526796
-2.33782414516	1.42467199558	-0.473750388278
0.979046928289	0.178385927776	-0.0982118779967
1.98722434222	-1.71590872945	-2.35811167363
-0.3837016762	-0.882471438617	0.272060992623
-2.23775838658	-1.90070918228	-1.51181257377
-0.52315782211	0.759634188654	-0.386344137516
-1.54630301046	1.3344113912	-1.4916887815
-0.596604268305	0.0914731862059	-0.797305464202
-1.78736186045	-1.79571125622	-2.21047325661
0.0685682480948	-0.750079575941	-0.657783418086
1.21122793491	-1.64728672435	0.741711348678
0.880729860842	-0.461840726167	0.104966927531
1.35458016696	-0.289135509799	0.343878575738
-0.884711734603	-0.199649526283	-0.421218723837
-1.86610315025	-1.96801409982	-0.249613852255
-0.376242828254	0.913811372747	-0.152938252986
0.602403445634	-0.67047240256	1.48933022501
0.317584232403	0.0338080589169	-0.947627179054
-0.82915839891	-0.900743455411	-0.0486733339839
-0.78374399788	0.604916853336	0.140786882689
0.563703393564	-0.795614472047	-1.97652188708
0.884671600191	0.162067232599	0.437138847431
1.866112708	0.029319664574	0.546643154194
-0.812334556492	-0.206739396465	0.545317696649
1.95658581775	2.33620816625	-0.667734308372
0.322389245366	0.540560276512	-0.77708414083
-1.23441036142	1.58535557777	0.650299551888
0.713143405263	-0.17866310333	-0.677868703392
-1.70024376339	1.50825763793	1.91872025003
-0.65463604502	0.599355495326	0.460678454873
0.153950150595	-1.09796782519	-2.00085121538
-0.547909400771	-0.564216711491	0.617620264419
-2.03026797619	0.572028129566	2.32906697042
-0.50858084207	0.579410899499	-0.636889736628
-2.11141357484	1.06669566608	1.12330750164
0.957249175905	0.0420090048404	-0.286197936299
0.743341727655	-0.425209362273	2.3018231327
0.609641318406	-0.736602296552	0.292838726274
-1.22179690168	0.0533349445192	-0.949175395627
0.0488051445408	0.496796025977	-0.866493950608
-0.896913991606	1.86892818454	-0.637785082586
0.371143291522	0.928566841938	-0.00403450256676
0.268170298753	-0.630709149588	0.182241621593
-0.645845163534	-0.637022943831	0.420815629193
0.818073007679	-0.486471519672	1.01444177241
-0.649529695273	-0.750188211497	-0.123809621146
-1.30722557301	1.36681227214	-0.158600365707
-0.681151139759	-0.643050075177	0.350028178323
-0.747952556829	-1.84898621292	2.32273695843
0.781662860001	-0.277330123757	0.558651211179
-1.48380390533	0.299462386157	0.286506109853
0.622704309109	0.578266179557	-0.5271124823
-2.20931493931	-2.15637961783	-2.27569008681
0.989783113398	0.0145006530439	-0.141841882012
-0.436203430824	1.55724634139	1.44910153414
0.632687568896	-0.673272546254	0.38263627458
0.872111322117	-0.718088370958	0.336107251274
-0.254451454293	-0.904240854915	-0.342932841401
-0.442306804611	0.575173111191	-2.1136586368
-0.754129630508	0.650507868233	0.090155497653
1.44539507903	-2.22549254824	-2.1178154174
-0.409275446486	0.900313448816	-0.148085457707
-2.14472962297	-2.15991596079	-0.235059748026
-0.0710646481917	-0.939094184482	0.336231956318
-1.23775951115	0.651533885463	-1.33468765895
0.753299854777	-0.472432467252	-0.457544416073
0.836259470264	2.06854543728	-1.4013268892
-0.871696715578	-0.474062451415	-0.124135523558
-1.93350101377	-1.42789387242	2.03252645745
0.012112945468	-0.412190491626	0.911017165132
-0.109583371541	-0.0150892449039	-0.892801918492
0.521493282181	-0.216562294549	0.82531541196
1.36128115916	0.710138346267	-1.43348701543
0.152889934836	-0.962572998252	-0.223780899233
1.40441282831	2.37041467111	-1.49137185671
-0.134967990517	-0.0910515689074	0.986657617077
0.675757124584	0.020664656572	0.215167529016
-0.473258591167	-0.880660716727	-0.0215176183695
1.66895749543	-2.0979093109	0.0206504574351
0.190394991487	-0.398412029923	-0.897227731197
1.26115189697	-1.72566238447	1.9816209602
0.231793415918	-0.805133277248	0.545923271354
-1.12386469446	-0.00464163667253	-1.21596658321
-0.705862011494	0.644458598014	-0.293993088652
-1.64053051325	-0.104598899711	-1.24982473986
-0.576101030853	-0.723522112004	-0.38029377551
-2.06344808365	1.77435812445	1.66340509646
-0.494006392409	-0.695569768756	0.521670759246
1.79242154946	1.73869122049	-1.9673048936
-0.681270090755	0.420629209123	-0.599117794657
-1.69120335506	-1.02985535636	-1.22971335591
0.85259104787	-0.493216090179	0.172703194762
0.236958960797	0.0774833363301	0.448703117554
0.130934940571	-0.56646029079	0.813620784085
1.59619701363	1.11439035759	1.07855443113
-0.462713692509	0.503681262215	0.729521229888
-1.30109484689	1.9278853042	0.33913145815
0.581811937425	-0.184083022882	0.792217337703
2.07958748439	-0.232599508412	-0.572623111883
0.94849398324	-0.271419652178	-0.163372384962
-0.602244248267	0.717715113458	-1.8144919124
-0.493101304306	-0.11141544392	0.862808033428
-1.69249015717	2.0252820205	-2.04658713449
-0.795423136868	0.595028908886	-0.115076630667
-1.39748113136	1.98397843106	2.07514059939
-0.867737304971	0.216152468872	0.447560140945
2.38622875052	1.95949796492	0.775675183096
-0.29840175466	-0.945735012892	0.128614455668
-1.65138189059	0.28538599977	-2.07498239386
-0.119469724963	0.617934117375	-0.777100000902
-1.42105989065	-2.06384560495	1.67534975957
0.0916853455662	0.181707452345	0.979069047193
0.196066881138	1.4276515954	-0.49900452366
0.987983854205	0.0324987089386	-0.151101746339
1.57890811224	1.58856454296	0.46067303428
0.113978506757	0.978500104552	0.171890794954
0.117701524449	1.13543333903	-1.93884166236
0.914480649047	0.400713931673	0.0561559211723
-0.830033589422	-2.10567225965	-1.29700991828
-0.937465014811	0.3084837554	-0.161236220064
-1.70755579222	0.384443894661	0.578095712181
0.894689247467	-0.0266392413083	0.445894047157
-0.157409422545	-2.32085827215	-0.0246558183536
0.519342126826	-0.774998167769	0.360085538808
0.277602574014	-2.06149693253	1.7252484437
0.361150735014	-0.536366440109	-0.762811371522
0.44894096833	-0.558467303167	-2.25533405435
-0.589259172402	0.772273752564	0.237417098882
-1.39550630452	2.24551367128	-1.43135894704
0.624247575175	-0.433757648419	-0.649745540443
-2.10862878583	1.36607538636	1.99621201837
-0.422334378868	-0.132568404038	0.896693532193
1.73470685426	-1.44389736111	0.937590056277
0.731370435033	-0.524947764681	0.435347138632
1.44584820287	0.834990046628	-0.511466866416
-0.0400759602701	-0.821307505813	0.569076355425
2.14826932924	0.258106550983	1.30883102354
0.512597779751	0.0803186223183	0.854863986318
1.9774954566	-0.932290345208	2.20158900867
0.0050781315185	0.0305552928825	0.999520178214
-0.762512723754	1.81053521822	0.669532297653
0.872221561565	0.303011439839	-0.383944807061
-1.17055013515	1.3319326627	1.58866155857
-0.528544438921	-0.421384315007	0.736936927526
-2.21615967531	1.84038337764	-0.0697160599454
0.223371443841	-0.414745909068	0.882094682553
1.99260018811	-1.20761389739	2.27546910296
0.624627392435	-0.753811044008	-0.203984142891
-2.10774665194	0.62609853693	0.488541061627
-0.304863343051	-0.933368981155	0.189421981519
1.63291685302	-1.23269313188	1.84856800681
-0.0644909151482	-0.882369758065	0.466116436007
1.13093841918	2.27992441936	-2.28765353583
0.633341532369	0.596680658647	-0.492798838242
-1.81315155048	0.479567799091	0.225525808725
-0.281731919458	-0.344667172342	0.895450537924
-2.07496450976	-0.447791912935	-0.200813801395
0.145345076751	0.102683189	-0.984038094466
0.264858696563	-0.0494742595907	-2.185370515
0.33231852386	-0.360115445402	-0.871711686673
1.88530235563	1.4379283424	0.434480623749
0.742956874162	0.62339077548	0.243719150215
1.90366431116	0.497512724414	1.50680456004
-0.626217008277	-0.55238130736	-0.550206461089
2.06209412387	-1.28385207144	-0.566695780176
0.117728931282	0.982014305464	0.147606919229
0.331920687133	2.13090322167	-1.21361125252
0.689917672444	-0.600647452748	0.404025052139
-1.04740140421	0.429846319146	0.129700850079
0.270228471464	0.915056522297	0.299412982706
0.716451038095	-2.01514209174	-1.01238435927
-0.674833319081	-0.385629044628	0.629198085977
0.158581938366	2.2892568665	-0.0914887051919
0.683241786639	-0.0287670623966	0.729625326529
-2.01917506208	-2.25047668061	-1.85604361012
0.673499631023	0.00613232086682	0.739162121359
1.43867467084	-0.900761697244	0.758466143658
-0.587784195145	-0.347190130588	-0.730731656055
2.3519515817	1.818212969	-0.579779108808
0.187383571189	0.869247035649	0.457489877772
1.82048721732	1.73466613766	0.949135126448
-0.37484218894	-0.110675672735	-0.920458705676
-0.175090817451	0.570278592222	1.14507479111
-0.701870212919	0.63283855713	0.326945813288
1.65794534156	-0.674027352247	0.915869859177
-0.912115725122	-0.197213585808	-0.359376829467
0.673180904246	1.0140431309	1.65636988731
-0.896325608635	-0.193860925665	-0.398771043088
2.30761314617	2.29974463288	1.02526278644
-0.999857506874	-0.00132493856114	0.0168288586904
1.19432679198	1.58743219902	-2.26724887972
0.793854544829	-0.571254120142	-0.208479475909
-1.4198327781	-1.50361204535	0.463089047916
-0.638233935156	-0.769345770538	-0.0276501242312
1.83171926065	2.06370702843	1.9849295824
-0.545444230346	0.0751280577655	0.834773242575
1.95039095115	2.279774175	0.53909223149
-0.236323916129	0.115293698995	0.96481001738
2.23011411717	2.11287917669	-0.290027342021
0.645526305787	-0.476550649603	-0.596820967208
0.0109380044373	-1.89784340782	-0.830896523978
0.116660639236	0.703480952162	-0.701074065415
1.00621934331	-1.23757482847	-0.765418068812
0.221383816654	0.292893705828	-0.93016261095
0.00684076414581	0.88740615935	2.22565660466
0.161519414392	-0.494010216331	0.854321593391
0.551763284245	2.33604949093	0.0158222684879
0.199685056037	-0.853320984775	0.481631783978
1.59334586461	0.122985451605	1.78604702771
0.635601784911	-0.409882747026	-0.654222060702
1.75315347795	0.670137665007	2.32059010239
0.648068135619	0.39078705529	-0.653676654787
-0.719849608028	1.32679445723	0.247335920554
-0.643402363853	0.379446356152	0.664871311602
-1.41970789836	-0.51981084026	-0.35963487203
0.322808561428	-0.558753177399	0.763930310575
-0.973210298115	-0.118179835733	-2.30319221008
-0.714112234978	-0.178965653625	0.67676806269
-0.627407765392	0.0108304387623	-1.00974942028
-0.412877482811	-0.570775329613	0.709751863183
-0.357282980422	-1.51737459532	-0.578355683572
0.386948184197	0.418965059882	0.821425213482
1.15046709739	-2.08177247666	0.153363486935
0.380877466076	0.140436912661	-0.913898150451
1.78296487289	-0.760418349909	-0.693790661015
-0.566478784707	0.651193083868	-0.505024112295
-2.13561977369	-2.01993788601	-1.24105341885
0.581808548978	0.144469561878	-0.800392002725
0.155341698401	-1.53374721707	-1.76521732189
0.507785492133	0.563133367807	-0.651946856762
-1.31187472113	0.438767872901	-2.11312677136
-0.326011116838	-0.923081936366	-0.204050215518
-0.129122850328	-0.0398144761357	-1.57988865977
-0.352822390622	-0.644704561818	0.678138915449
2.13993575234	-0.0805930697231	-0.811721375481
0.0136657049617	-0.784552473326	-0.619911820427
2.3074580459	0.745373607527	1.128690374
-0.574562594885	0.736070734011	0.357879447708
-1.13451738687	1.88970017749	-0.218177728942
-0.289171947088	0.444789848097	0.847668317237
0.209848228186	-0.664127061757	-1.82119661164
0.649250931546	0.702037808461	-0.292602363931
0.71594665821	-1.74465112567	-0.347064343037
0.547658050823	0.782545085121	-0.296131472698
0.31860119344	-1.4159492264	0.750243478376
-0.314341734759	-0.917770163422	-0.242666851714
1.04132793144	-0.629668042267	-1.06865011624
0.428000369144	-0.824020687115	-0.371221754778
0.747028585042	-2.20063707195	1.80454806944
0.62435923694	-0.732803865195	0.270507002503
-0.935455652932	-1.08107385005	-0.91057657957
0.304443415917	0.57181259514	-0.761803493392
0.920925276912	0.95072166157	1.95689440953
-0.359137416257	-0.400844231235	-0.842819208686
0.222037990221	0.976446251677	2.12129286582
-0.55881767335	-0.310579075996	0.768936567933
0.0629165541156	-0.66288919969	1.85297770051
0.305103351578	0.0763173891849	-0.949256341018
-0.547632389313	-0.903862260005	-2.33198158704
0.63306178659	-0.345124771409	0.692908122711
2.2536493691	-0.588850241233	2.32645176484
0.805276243547	0.49458253722	-0.326983616494
2.30214213337	0.650354514831	-1.5343469295
-0.171000170709	0.903409866042	0.393204216095
-0.586843984875	0.089929325407	1.99953431404
0.612054539084	-0.346448361442	-0.710888721278
-0.897673420984	-1.46850360847	0.443005167587
-0.286214131899	0.717261359	-0.635309069342
-1.62663401006	0.843401920636	0.616696033473
0.166900388418	0.845133560046	-0.50783218294
2.15478024441	2.31575307266	2.01357342209
-0.0166760546078	0.782683648202	-0.622196284174
-1.5651587698	1.8486035443	1.88137664146
0.917448181781	-0.396871188516	0.0279659341441
1.32535306661	1.99120356648	-1.20776100129
0.11978728486	-0.943935979598	-0.307629440733
-1.7017839392	0.455458144943	1.55526470223
-0.389396587635	-0.352117512641	-0.851107252248
0.659337651694	-1.55254649978	-0.336848783572
0.757591191074	0.169711063405	0.630280685223
-0.542086487178	-1.85094887227	-0.0233187672649
0.591560857625	-0.643352623134	-0.485955917788
0.566482712665	1.31929734783	-0.708124750395
-0.222004892955	-0.410878539013	0.884246941574
-2.09464985065	0.572992003635	-2.16866517882
0.682742552741	-0.0463201797385	0.729189308497
-1.49045478118	2.34911542931	-0.924586649928
-0.878074433491	-0.0284187979706	0.477679454416
1.47417881161	0.6691930347	-1.81437646293
-0.707360947962	0.682662530327	0.183336736597
-1.07528917753	-1.03809758041	0.384187007287
-0.263740213877	0.497422334895	-0.826445473296
-1.63303996832	-0.358500012023	-1.41036458802
0.75058604951	-0.660230400496	0.0267656597672
1.165642939	-0.346613569937	1.73765638649
0.195229801622	-0.355842923174	-0.913926221632
0.425826514596	-2.07692592685	1.0939102523
-0.911228747286	-0.244069937026	-0.331801199456
-1.32587252165	0.968530227769	-2.14072478951
-0.351458234079	0.670268198285	-0.653618889006
-1.42795802912	-1.83044458652	-0.917269267261
-0.924383852515	0.0349789923619	-0.379856503568
-0.10480700185	-0.87371744051	-2.03811963845
0.787312016557	0.494464041661	-0.368300285214
0.907565614884	-1.38067274122	1.32181587969
0.632111236892	-0.120412165888	0.765464757191
-1.40852817856	-1.73589608309	1.24837433219
0.136124034154	0.949216761313	0.283650819439
-2.28827606636	-2.12425799823	-1.83037055481
0.699010909229	-0.634190968124	0.330432390555
-1.30810048633	-2.06767271454	0.224479281121
-0.385135489614	-0.507030755586	-0.771096924861
1.70305349775	0.913422498791	-0.463796544453
-0.485899665018	-0.527694202871	0.69673549055
-0.293321563901	0.365005995991	0.147713092754
-0.380370755422	-0.901690719375	0.205601398375
0.170366234825	-1.34864923458	-0.544319432588
-0.97523402022	-0.168435391506	0.143346170836
-0.468549620598	-1.95715382107	1.47947106768
0.470884687383	-0.0649750460729	0.879798757999
1.14973774874	0.559742954547	-1.28094248842
0.248151839841	-0.190188854258	0.949867814014
2.15011441695	-0.834571997776	0.108730164598
-0.63857547335	0.396334009351	-0.659651967228
1.32342790804	1.98509823015	-0.743667035925
-0.561635560738	0.229600386218	0.794889400837
1.65618699112	-1.04749238981	2.30282577227
0.91777074929	0.293284797696	-0.267732850408
-1.78577835333	0.928643566519	-1.71772835668
0.101496412805	-0.740534371519	-0.664309658808
1.09513656875	2.1397365358	-0.331731970807
-0.483943538024	-0.150637474641	-0.862036544027
-1.42129984104	-0.132439957593	2.09757700361
-0.591159060244	0.70223060448	0.396740650328
1.5517862304	-1.58333296034	-1.01153561614
0.592723245394	-0.23184929188	0.771313853255
0.402465468687	0.646232174393	-1.08484422125
-0.192824484939	-0.631816622001	-0.750750607174
-2.34860833865	-1.35387302816	-1.45104521979
-0.10892788371	0.152629700861	-0.982262129253
2.3177140966	1.54717810369	-0.857035439706
-0.521654374691	0.791368071741	0.318768393029
1.34713114479	0.396810450579	-0.688080720186
0.707451305223	0.668815885778	0.228468732366
-1.56762904883	-2.0639154572	0.888806484844
0.509062104756	0.833339785662	-0.215407927276
-0.229658546328	0.197801529813	2.24485594165
-0.615414798608	-0.58851647355	-0.524321452941
-0.523378690046	-2.35413659143	-1.34854570608
0.427335810671	0.877998628189	-0.21564441522
0.0127548390405	1.93931639901	-1.9081488621
0.507575773506	-0.249441222014	-0.824709591862
2.38547392259	-0.411530425714	1.5770750282
0.25000303853	-0.961056684348	0.1177647239
1.65573017164	0.165365724922	2.33872682299
-0.838764375769	0.214613771059	-0.500415078921
0.672515822208	-0.141395725776	2.37731213174
0.79462829366	0.452706668564	-0.404502839487
1.00819445816	1.94376442985	1.70893574329
-0.611441307632	-0.668821963414	0.422867246989
1.70803926577	0.819409702938	2.07151716006
-0.544607692559	-0.441035673464	-0.713365261235
