928
-3.16445751219	-2.01619735216	0.343240004601
-0.370556173669	-0.353576186998	0.858878339548
1.02216168913	2.34502042307	1.46048713184
0.0412203890787	0.0682163880644	-0.996818641441
-0.660880948938	1.39059782362	2.01265430481
-0.736171030519	-0.545115352036	-0.401125250762
-0.749337149165	0.763542592708	-1.19248963831
0.833321357776	-0.482796225725	-0.269227262921
-1.86579001729	3.24730040638	1.28702816994
-0.947570008149	-0.303120932377	0.101137431304
0.225258408515	0.446430819806	0.842572966727
0.262215088395	-0.885185078544	0.384305378757
-0.182865246395	-3.22641454584	0.887471870838
-0.452962201503	0.827001570077	-0.333006977554
-0.802896882408	2.74390746211	0.286326226971
-0.181920527286	-0.889963319169	-0.418174858504
-3.06719680898	-3.15474030847	-2.25066115664
-0.286036229799	0.868184749833	-0.405510191486
0.615235409397	-3.15526129796	-2.41736306637
0.0350885998376	0.997811747996	-0.0560402152229
-1.73340882173	-1.84111605709	0.962453449583
-0.607685922053	-0.476681900004	-0.635210348111
-0.805907352456	1.58855410083	0.298685207554
-0.409109436926	-0.834553044521	0.368986022092
-0.843077626136	2.43071757057	-2.41416885164
-0.521759240475	0.190940776476	-0.831449887159
0.119651533397	-1.49645344961	2.6357795997
-0.604380924404	0.772999435104	0.192861534646
-3.26869284855	-0.867137396272	-1.89080913095
0.536024256565	-0.160312501279	-0.828841298626
-1.93422169496	2.92358323117	-2.03767585887
0.0986606788753	-0.987110689808	0.126010144472
3.24981730501	-0.667085585879	2.92981794088
0.414701990061	-0.907987951808	-0.0598342611774
2.83745558991	-0.123312065665	-1.34744270079
0.387730186012	-0.405382628542	0.827846741451
-1.35274766727	2.41860930893	3.09793730749
-0.706105392693	0.243722417978	0.664841753641
-0.134204074847	-0.133832351064	-2.49318000235
0.772863223455	-0.563237542868	0.292311320573
-0.830712715638	-0.632622732224	1.58035263988
-0.775164437285	0.500040320483	0.386108499077
-1.77888860085	2.896867116	-2.69456608205
0.60954431666	-0.750383430911	-0.255695976974
1.18704601058	-0.342390778378	-0.802574516095
-0.155112385285	-0.915177669039	0.372008040267
2.58176671395	2.66359083514	-0.820430961921
-0.312519557357	0.572576022932	-0.757950014337
2.43143777424	-2.40920464232	-0.0334405056059
0.613475454742	-0.426992261307	0.664323321292
0.281038127535	-0.868747962847	3.28755122316
-0.40389233826	-0.82601072475	0.393163148951
2.52728401256	2.76838942444	0.0712855041805
-0.337571161037	-0.567772404484	-0.750786393019
-1.2768721221	-2.73722383616	-0.948710867164
0.732704620039	-0.0543400305076	0.678373865106
0.814355477435	1.7575812102	-1.98790570191
0.283554657625	0.694671230529	0.66108141527
-2.93968107382	2.35077881418	-0.825035539474
-0.453398891388	0.565869297946	-0.68863733774
0.0535266018456	0.0212389265214	-2.98815027377
0.717457620491	-0.33199772671	0.612398622025
1.59030813076	-3.18999001425	-2.90043092704
0.699891489487	-0.143843045126	0.699614952179
2.0142515416	-1.47236950857	-2.03496865634
-0.860264495808	-0.490725028675	-0.138325498316
0.445569061276	0.337101013085	-0.638787756177
0.102550592578	0.985292239193	0.136684232257
-1.32667913998	-3.17005083712	2.64018189858
0.438812540516	-0.714321307544	0.545150092978
-3.28764289812	1.17204534156	-1.360161659
0.25568327989	0.548154771466	-0.796336867729
0.375626549774	3.30474117728	-0.83018446978
-0.480157819548	-0.871823344432	0.0968117990229
-2.58631633373	1.8039725299	1.37852703296
0.340685225895	-0.250073645423	-0.90630941114
2.74687871704	1.09288619955	0.981474558426
0.137117338328	0.911245105843	0.388369917228
0.118432478994	-2.68874728735	-1.26234416086
0.0388592098356	0.328407471215	-0.943736454028
-0.0575574857684	1.56251588198	2.31152816369
0.362811527577	-0.66943958137	-0.648242579867
1.22729012543	2.09698265257	-2.53017721308
-0.950817179378	0.21241667925	0.225445882146
-0.832606181532	-1.04827340038	-2.43734870239
-0.573631912363	-0.362875356194	-0.734348626325
0.21508842163	1.27949956772	0.026815263366
0.763930497872	0.501731317852	0.405802758871
0.352023920314	-1.49328390258	-3.26351670101
-0.485021515062	0.722487088224	-0.492713443369
-1.6479614104	-1.43844808067	0.987215517126
-0.259001333699	-0.929450369336	-0.262755247491
-3.22834722876	-3.25412998561	1.70151095574
0.315399580252	0.620973290843	-0.717575972867
-2.29616310772	-0.973085475	3.07606261995
0.110959184832	0.474161257994	0.873418090446
0.807404551201	0.322342117164	-0.011823566832
-0.0324960712657	-0.0864790060359	0.995723549419
2.49942634219	-2.89556551163	1.31157025784
0.230540515936	0.102258487982	-0.967674672681
2.62076827008	-2.66286372162	-0.615521319263
-0.49358127779	0.288645974893	-0.820402964032
-1.38990601947	-2.99845624013	1.51881023129
0.83511477126	0.314464521804	0.451326249347
1.01146296838	-1.35161381623	-0.0831301422577
0.767755875958	-0.588316460221	0.253839826593
2.16743306728	0.0632580652784	-2.59727796765
-0.470088810629	-0.640655538351	0.607105420253
-2.79364195055	-1.76078017865	0.182005384367
-0.492933742041	0.676223808171	-0.547483047428
-1.74598402456	-2.45390501526	-0.84423649795
-0.637918661479	-0.415507337163	-0.648392962717
0.653439467484	-2.36228849965	0.031639135609
-0.585719776717	-0.625705423248	0.515194202686
0.0421352948861	1.86070175685	-0.845519435921
0.632143906135	-0.736161423017	-0.24178594086
3.12791161111	-2.97746522271	-1.59018339813
0.993622337922	0.0195428729353	-0.111052805909
-1.22032748102	-1.16378475001	-2.40932366563
0.882957776787	0.300378579884	0.360774546161
-0.411737605926	-3.19276833903	1.48316370175
-0.246658689886	0.473147585513	0.845748693778
-2.16563762084	-1.31042773838	-2.7003618438
0.435137685264	0.77226156361	-0.462890129765
0.170378342551	-2.85749968663	0.266022799192
-0.261307141661	0.481858421766	0.836379721831
-3.08011536381	-1.24056831711	3.00129734712
0.772242862072	-0.634808353103	0.025677165131
1.23091301826	-0.796410145688	0.0589557127938
-0.844333546652	0.532577020782	0.0588436821866
2.71852574175	-2.54471671806	-0.272421496052
0.256018045943	0.850386530736	0.459671087294
0.662836347145	-0.136658920605	2.09031089616
0.365857610616	-0.514322837931	-0.775641816264
1.81243831574	3.24097616887	-1.50523072342
-0.744407545509	0.451227740866	0.492189934946
-1.59996558094	-2.90633361717	1.03509746609
-0.635156683194	-0.772019397833	-0.0237073230156
-0.538941944739	-1.23981768295	-0.880039979688
-0.406004834231	0.910061848846	0.0833516997755
-0.623695005831	1.68958579242	2.37576658771
0.63000328246	-0.584200112017	-0.511669906492
-2.87824623244	-1.77152328256	1.01823364856
0.831511949698	-0.458565047169	0.313537836672
0.452877217529	-2.28799436339	-1.63106175676
0.11412734025	-0.917712032699	0.380499113333
3.22269547807	-1.00082881367	2.02118386518
0.979437508269	-0.0321164298211	0.199175054489
2.12315607892	2.16550430782	-0.00330888969403
0.976398768742	0.215633446406	0.0121515921179
0.473063899771	0.453431988952	2.30306596898
0.414815704546	0.898904244648	-0.141064135118
-0.823237185313	-2.1282184578	0.539071150316
0.790898558756	0.603318715612	0.102401157953
-2.63162796248	2.90273518146	-0.835736419676
0.903595060971	-0.394642281745	-0.166653638566
2.84822086003	2.37826919813	-2.11007923527
-0.695928169922	0.703198183334	0.145589481985
2.66965525452	1.56310979984	1.51909033047
0.551175749961	0.735536065185	-0.393944145111
-1.03336403525	1.3219355204	-0.0343976901117
-0.501881736552	-0.557059393016	-0.661664231441
0.739404292221	0.786881666086	1.72721657539
0.597248189301	0.344416675619	0.724342290587
-0.211471311419	1.03889304576	2.13687907682
0.177301244635	0.320187589023	0.930614945338
3.17181244241	0.6224201959	0.130939672351
-0.628893689526	-0.274705922297	-0.727344061314
1.96225525711	-0.29726176718	0.461479224396
0.400790337445	0.128082753151	0.907172482914
-1.57632095286	1.44828761004	1.56496015327
0.325173619279	0.69534629823	-0.640902210063
0.524682991623	-2.17224245604	2.73867179319
-0.0729820219453	0.534130621685	0.842245868765
-0.595922216313	-3.16408170443	1.15843680687
0.591685990364	0.537756308851	-0.600604563002
3.10217529235	1.04984020081	1.77311631934
0.0142779747912	0.652486944197	0.757665445357
3.26418368231	1.70462342417	-1.71032362114
0.764527964568	-0.0721565902212	-0.640539161864
-1.67181435018	0.664367591103	-1.34156097388
0.64760066669	0.755365128471	0.100184326079
3.15011420297	-1.48460573685	-0.0362334735826
-0.016851429701	0.496348654741	0.867959700824
-0.476131531631	1.33448411467	1.29985006285
0.0554131948425	-0.51630878871	0.854607870627
-2.48448411265	2.64730840963	-1.08005884793
-0.846250090087	-0.505927891401	-0.167026206719
-1.92151298841	2.50023501063	-1.84952696194
-0.109548744654	-0.380671646068	-0.918198328481
3.08227731354	-1.62916968258	-2.94539507067
-0.247185531463	0.661181334297	0.708335059286
0.016978874864	2.5014413664	2.18091632858
0.326611882611	-0.550529650435	0.768271945426
2.19510526153	-2.45816621343	3.14933939082
0.618672149157	-0.165478914401	0.76802441416
0.577978532072	-2.88720645165	2.12844268545
-0.588645687935	-0.512120893691	0.625482569158
1.70699638495	2.46791102303	-0.294331380085
-0.888265031262	0.10660613497	0.446788950428
3.12373859862	2.62752466831	2.03173205301
0.729847698629	-0.658073391961	-0.185099291188
1.5854549672	0.0528857345683	3.02016719017
-0.772592193042	0.157424500489	-0.615076279738
-1.7254974398	1.07824577564	1.377309072
0.00405530285948	0.87114940917	0.491001284542
1.80706926404	2.15858750942	0.241271201357
-0.631461685114	-0.616242476809	-0.470639299262
2.33409475876	0.570145303005	2.00388573451
0.735710186626	0.118994536887	0.666761442711
2.16449791929	0.351287320876	-0.577689336415
-0.71591385012	0.34290919335	0.608178135353
-2.96709101246	1.05882063593	-3.00539415671
-0.527062781769	-0.79085895241	-0.311041703743
-0.731833223262	0.888097630162	-3.06122237854
-0.859376084655	-0.467717047828	-0.206672466223
-1.31252748508	2.04688829078	-1.20829702212
0.789763708373	0.266382669975	0.552551860077
-1.03089176177	2.28138136289	0.492216157719
0.801750606616	-0.459266037597	0.38245348933
-2.28639570554	0.591125226146	-2.70390673762
-0.523802784471	0.753497006522	0.397332233958
2.9798076472	2.93801734126	0.929497466316
-0.557463259782	-0.770597021077	0.308893096557
-0.46865474529	-0.0865969207033	3.01839137242
0.903352270737	0.316167479524	-0.289815113212
-2.31505000091	-0.217160783981	2.33639304147
-0.941908052635	0.303752236008	-0.143331083515
1.87357279275	-2.75255947665	-2.3547397132
-0.515490312156	0.274455546943	0.811753589967
1.21999264014	-3.13035958097	1.61365888625
0.431009704932	-0.902214177626	0.015498772385
1.9327963289	-1.63919778007	1.162577844
-0.143745640966	0.149540916817	0.978250839458
-1.70651078451	2.51244875818	-2.83623990182
-0.703845736831	-0.697935187436	-0.132240889605
-3.07722425228	0.417987897142	2.49944066793
0.936969554775	0.211848519628	-0.277863740268
-1.7273845554	0.330830516098	3.05448546774
-0.0520207755151	0.334532514044	-0.94094730775
-1.86918678987	1.41358411571	-0.64752513781
-0.84689727434	-0.509725671861	0.151475232831
0.56552794228	1.76585934136	-1.35547025111
-0.687924830332	0.710477414675	-0.148260821022
-2.19293457911	0.0887323526231	0.770739090688
-0.698031064744	0.11237323297	0.707195085647
1.8314073311	1.44425420149	-1.30023432254
-0.382823893762	-0.132558389455	-0.914261526999
0.148921477566	-1.29263666509	1.91982393015
-0.480855875997	-0.529688241052	0.69871882314
-0.357594933478	-2.10365684303	0.898053603426
0.696199682183	0.0622854392237	-0.715140913799
-1.92061299522	-2.27274912803	1.82154287352
0.144496181517	-0.570051353557	0.808803009289
1.89664897118	-0.278267494928	2.06243659576
-0.980405845783	-0.015329708967	0.196390879568
-1.09030774199	3.101915665	-1.52106982555
0.70348319359	0.422454503641	-0.571527417268
-3.06135968733	-1.01659790927	-1.80708785073
0.133969752658	-0.979769293604	-0.148674936299
1.35899723055	-1.83349958657	-2.49031072874
-0.487595339917	-0.872244307996	-0.0379559173268
-1.90871433479	2.16576032238	2.95510881591
-0.414383143233	-0.415850928925	0.809539755365
-1.02743015227	-1.04208113332	-2.24435032325
-0.566688003787	0.652788555004	0.502724386537
2.87054532973	0.498064152753	0.874845270619
0.452630468472	0.18578237692	-0.872129902845
1.8447506962	1.85908999577	2.30045474289
-0.454756677842	0.516857625576	-0.725296186976
-0.473764554967	-0.925073415223	0.806572926773
0.223684023995	-0.962305848401	-0.154702655252
3.00190124859	1.97150576222	-0.434530752389
0.899327807818	0.4273899205	0.0924518790492
-1.3434203657	1.69419533151	1.53547421595
-0.671435890274	0.491105155137	-0.55496808183
-0.298241806356	-2.53885647648	0.629463553205
0.428486693583	-0.864099937205	-0.264065241834
-2.10721656916	2.21782989618	-2.28162571733
0.177025159768	-0.9536964743	0.243156590938
1.0807603954	3.02724769584	1.81016811951
-0.00751486563331	-0.381168402356	-0.924475081243
-1.91198768277	2.79237055582	2.60863086396
0.0693310812024	-0.784954493599	-0.615661956075
-0.467153373287	-2.54875135609	-1.54451470791
0.630486351133	0.44995608943	0.632476464875
0.0535675701846	1.52985290889	-0.129383407977
0.669468088595	0.260205583301	-0.69577692745
2.4535666534	2.04930405623	-1.46641344668
0.576027950988	-0.565685194671	-0.59007801197
-2.6764678633	-0.805602046986	-1.38767488248
-0.935677965656	0.313388390966	-0.162155669015
-3.02074348475	1.23472537468	2.89606390234
-0.632317709281	-0.117955488282	0.76567670548
2.71780339962	2.87793535114	1.58065599249
0.633267942577	0.633594419194	0.444443275201
0.590519326938	1.96737345013	0.277567717164
-0.77298068627	0.434728122172	-0.462073931797
-2.21310496639	1.85903694298	2.05814208213
-0.429512098908	-0.900480831977	0.0682175060706
2.30925100293	-0.000392401866742	0.438493088179
0.23811294058	0.0120979058324	-0.971162122512
-0.797414250674	1.55409122105	2.17890771913
0.549262555713	0.634116183817	0.544249308968
-0.518705137182	0.721791061051	-1.1091903964
-0.583307647869	0.504571380061	0.636521728113
-3.22333918773	0.801253434632	2.99381299556
-0.881791847311	-0.463078067548	0.0894530120918
-3.0635764292	-0.933294452753	-3.19553017893
0.187732917535	0.960946302345	-0.20331885226
-0.165265686306	3.21599346877	-0.885848373124
-0.404823101285	0.497420988927	0.767261765267
3.27652672992	-2.6489379349	2.21789533937
-0.855668266411	0.120962892137	0.503189622889
2.71997609639	-1.03664195646	0.83495800805
-0.567363338125	-0.129474506728	0.813225180783
3.07429828766	2.33820469022	0.993341268907
0.586629820139	0.346549888112	0.73196217742
-2.95417749359	-2.684157705	-3.0509994115
0.562975300218	-0.696055954127	0.445606238812
-1.81149883147	-0.962280431924	1.85313643111
-0.591966452251	0.514678179893	0.620227450659
2.03955723742	-0.555996079779	-0.153390612611
0.26993727294	-0.226342732263	-0.935896808537
0.29313354968	-2.34108572046	2.60804413815
0.343485942501	0.674187135693	0.653826516264
-0.133053283878	-3.19223205989	3.1359208027
0.574087236587	7.04512336223e-05	0.818794137635
0.327561229605	2.46281336042	0.917763914153
0.310364152033	-0.482443222441	0.819098669425
-2.4254030935	-2.55965139592	-0.452494401831
-0.264696780391	0.925427648593	0.271144392657
0.664683084171	0.258194686419	-2.93959365478
0.634339098177	0.732080586537	0.248338324346
-2.35703935729	-2.02275277175	-0.259635180254
0.459940780074	0.854734928793	-0.240588196562
-2.12563120146	-0.669511877141	2.0518086009
0.87028079374	0.412041443585	-0.269876247222
-1.92683631613	0.583928082642	3.05389820281
-0.263584216562	-0.658680928618	0.704743070242
-0.519334398538	-0.30776489498	2.93256816249
0.0801958687479	-0.854346749482	-0.513478582109
3.12005369658	2.47659968256	2.45681120797
-0.292762221371	0.117403685546	-0.948950291827
0.629510831908	-3.0360087903	2.605755537
0.969196680794	0.212931908722	-0.123765084677
-2.59305957439	1.83754031354	-1.20949990821
-0.50536565714	0.685038720398	-0.524716594114
-2.69026018412	-1.27389922872	1.33711321103
0.427798147732	-0.643847996529	-0.634388289742
-1.88686545185	0.103270992296	0.284581599981
-0.471038750001	0.624972943497	0.622520132923
-2.8223135143	2.73494646175	-3.21137346016
-0.514550962381	0.495659154269	0.699685150552
2.14613922095	-0.685905089959	3.16491186384
0.757615087136	-0.0752374590647	-0.648350757305
1.59636829291	-0.290292988129	0.819813382481
0.541851049925	-0.413384243674	-0.731786107259
1.90420538524	-0.102597834644	-1.422294261
-0.799518758417	0.301911315837	0.519248796155
-2.72340516293	-3.18754298068	-0.137007741831
-0.61716816291	0.426025143475	0.661517978454
2.04077695111	1.95931111292	1.06320477013
-0.1070943776	0.826728437622	-0.552314117794
1.53756264534	-1.68903493944	0.33253070384
-0.192322230873	0.810074988492	-0.553886877017
-0.0628788785532	3.04636640414	2.7259007026
-0.616369069703	-0.324954836265	-0.717282039578
1.69429724208	-2.43705721	0.698752341432
0.637374515819	0.165968188377	-0.752468130243
-0.439949146312	-2.95326910615	0.279179979687
0.519371533613	0.723680151579	0.454466993611
1.88006868634	-1.52211329625	-1.04473126098
0.235838921528	-0.689008626569	0.685308044317
2.58295608547	-0.185756318836	2.91720389717
-0.770694398244	-0.0645600711131	0.633925974964
-2.77111913503	1.71618691962	1.33500082701
-0.422335115853	-0.834970694806	-0.352784620885
2.33358834125	3.25113964531	0.0641735004167
-0.13420607946	-0.33868558402	0.931279122183
-1.44727198512	2.93078295672	1.61964739303
0.769208506504	-0.242226221917	0.591307644918
-2.74867422705	-0.402504099438	1.70511018742
0.348329634698	0.0608612231328	0.935394236197
0.0688971252329	0.48705763684	-1.25332760825
0.286979792593	0.451569109274	-0.844824205497
1.46808999129	-1.90770781555	-0.935832194354
0.392851184616	-0.0655705137658	-0.917261388302
0.07588802033	3.18419505297	-0.17902443013
0.254929559369	-0.749363369134	-0.611118205227
1.74467059871	2.61029974577	-2.08100479313
0.928691707018	-0.14656622331	-0.340661203397
-2.69766144247	3.08202633318	-1.3333542089
0.581191677481	-0.417383826039	0.69857496075
0.432240048892	-3.06758947662	-0.881998889025
0.0578784312374	-0.100607992468	-0.993241218964
1.26073805732	0.840009493615	-3.2067037167
0.632189980657	-0.610607030708	0.476964235983
-1.52217088151	0.246583684235	1.3138313668
0.373885024307	-0.386599692728	0.84306029807
-0.942617917727	0.0202880257345	-2.38364334146
-0.552404324683	-0.598405115957	-0.580310933266
1.52244534491	2.18939229378	-1.72770845858
0.459317410966	0.801076672304	0.383801616821
-1.24433152491	-2.7301860086	-3.22265320134
-0.280967084413	-0.685638502343	0.671533574426
0.365750770547	0.470520499925	-3.09159215634
-0.353265285699	-0.642964531811	0.679558863347
0.624839672055	1.56917524961	0.075748032963
0.736656053987	0.210960067944	-0.642521367627
0.898221102462	-0.328816003567	-1.10529733484
-0.267218362529	0.774324868456	0.573598592064
-3.04879935059	-2.86089936409	2.32152176644
-0.610577326783	-0.618862151917	0.494170987557
1.81345235597	-1.05922364016	-2.90237543064
-0.817079697786	0.538457871	-0.206019146259
-2.96730555778	-1.38929264897	2.27879561312
0.179894113718	-0.747801807479	0.639085725534
2.74325137085	0.575311198492	2.0196449988
0.0120324226612	0.304620573469	-0.95239777773
1.91369392055	-0.66938546178	-2.2498595297
0.712243310619	0.661691708643	0.234251038827
0.336957786687	1.17326821416	2.220484657
-0.619112772008	0.173725852505	-0.765845091195
-2.25693207614	-1.27614384006	-2.8856576281
0.74359088169	-0.131821708974	0.655511737279
-2.00736352612	0.33040783121	1.19679330462
0.717412121409	-0.36306812968	-0.594559821436
-2.68420593152	2.12072288724	1.60430786567
-0.442267811343	-0.773431335957	-0.454095971805
-0.376203694103	-1.13800960788	-0.397151709164
-0.650757643123	0.696435167642	-0.302477349877
-1.19927183937	1.66644964676	-1.60198918145
-0.697660644578	0.404046538419	-0.591621517356
-2.7862460194	-1.91318698044	-0.242020830707
0.613824306204	0.513956769246	0.599222963895
-2.85724193733	2.0869771492	0.0876840153947
-0.070896572694	0.978497861124	0.193689472494
1.2581678073	0.585380114358	-2.7210973828
-0.804966103595	-0.426267793145	0.412704907398
0.0881159714765	1.24141798138	-1.75365132769
0.0122299851901	0.245022311831	0.969440299434
3.24957423076	2.4589601317	3.29141783936
0.818730002147	0.550509406489	0.1631581348
-1.68067230445	-2.60437219488	-0.979651912767
-0.0969451203461	0.519825930714	0.848753583438
2.12905110007	3.11106789859	-2.64798274928
-0.89852277804	-0.342265473733	0.274792945385
-3.24878457764	-2.2459973353	-0.764009064549
0.607402267616	-0.510001112791	-0.609065965431
-0.0472131794932	2.6322397186	3.06138439962
-0.951673845254	0.0845952222304	0.29522964051
-0.482531411214	-2.01426222456	-2.35927384165
-0.872535957573	-0.0280541672811	-0.487743750795
-1.64966360064	0.826198104775	-1.47423912401
-0.397883020398	0.594249918291	0.698967908197
2.38595462733	-2.35373028671	3.16694030578
0.675072053495	0.63775947003	-0.370864639697
-0.692321461003	-0.196213277486	1.31306216625
-0.839039692333	0.470063950891	-0.273956706
-3.18659124513	2.6361038706	-1.70805558574
0.2110181215	0.83471072577	0.508654457056
1.90311093016	-1.81007521054	-2.55758948565
-0.332035197294	-0.924350715048	-0.187958461762
2.89199451896	2.86554092436	2.31582871118
0.96460173029	0.108304761972	-0.240444547571
-1.05558629541	1.54282817572	-2.72549187206
-0.518379860582	0.137756565059	-0.843981900829
-2.83570663852	0.308478312821	2.04822949416
0.4565366481	-0.889079899624	-0.0333349820055
1.06445186352	2.0715755563	0.403199103288
0.380297874955	0.756858006828	-0.531544432578
-1.19605655557	-0.353536056979	0.22910271368
-0.263533918788	-0.372074042002	-0.890006056674
-2.83353587682	-0.488340574769	2.35542514961
-0.499182032979	-0.661890978189	-0.55921161553
2.88585381272	3.28065061674	1.57107172249
-0.383778073012	0.431094369593	0.816622333261
-2.23251738296	2.42709921027	1.33668612565
0.435967404067	-0.652863108643	0.619436989503
-1.1446148842	-0.420371188896	0.896301800104
-0.281128270061	0.723660670954	-0.630303204091
2.07781888194	-0.334008538044	0.628877264825
-0.321244000418	0.556605903495	-0.766154136182
-1.4129045206	1.21015424335	1.5093433304
0.107628845599	0.538241666854	0.835889908814
-0.94425818252	2.39933927589	2.44114548649
-0.100728959689	-0.868382143069	-0.485557545796
-2.88241195514	0.905947645801	-3.10351237958
-0.68401100362	-0.380819382063	0.622178065486
-2.00347882559	-0.524207954561	2.20452469757
-0.991888266281	-0.116193626814	-0.0515432663085
0.163468115195	1.29906577409	2.22550694147
-0.993392458142	0.0813103295256	-0.0809941628728
0.981451266578	-2.65522848209	-3.03131797141
0.807919783995	0.120847295581	0.576768197615
1.87110477652	-2.79857098231	0.642877004648
-0.618216149494	0.472470575709	0.62815630825
-0.96142297458	1.79407048191	2.74313905869
-0.688389771324	-0.625881751641	-0.366594538557
1.47589477491	-2.3507881244	-3.04322389365
-0.574858400734	-0.555293684828	-0.600988138565
-3.10156512139	1.17777393714	-2.89335939561
0.359987014387	0.0988507852818	-0.927705703185
3.25561302013	-2.93063386288	2.97704097191
0.74407921086	-0.23927291298	0.623774479343
-0.00400700989364	-1.37174767559	1.71102496097
0.382864861965	0.700402600686	0.602370894405
-1.32899776609	3.31074106797	3.30223374315
-0.842613446376	-0.0902501833503	-0.530902518728
-2.58602718757	0.279307491384	-3.17217391829
-0.0724395384389	-0.751138387928	0.656158239643
1.5178625925	-0.336440217653	2.45721061201
0.257577908616	0.123157470591	-0.958376678781
-1.19863452906	-2.63348243168	-2.52074155514
-0.152126677874	-0.702797057347	-0.694934363853
1.96609866348	-0.350102067996	3.12017734946
0.627563306518	-0.59667486264	0.500143384046
-1.73384594602	0.405645294855	2.29923918124
-0.0932899517145	-0.992577895011	0.0780135068146
0.712895650859	0.503509818254	0.0587756559118
0.556793810376	-0.682553341562	-0.473393693082
2.75079984076	-1.49257571952	1.91854253325
-0.507450264275	0.697194438798	0.506373522013
-0.2490073949	2.55542470923	0.962745887661
-0.25376497452	-0.920624175836	0.296739725303
2.17830188517	2.48283031346	-1.31781773156
0.238604012911	0.878795576758	0.413263184054
1.53545628896	-2.21470249549	2.24470478926
0.482086452973	-0.551042801309	0.681134702526
0.644541593694	2.29913070857	0.932232687932
0.370060824814	0.403440588169	-0.836833721689
0.117338699203	-0.401472921959	1.4645086064
-0.605086525965	0.504749961502	0.615709162235
1.96648985938	-2.92803140014	2.11281763623
-0.153680603701	0.27107988095	0.950209434909
-2.5578297582	3.23807795923	-0.728129077491
-0.482531144105	0.619262183075	-0.619417503452
0.995664521543	-3.04403926835	0.0266638666014
-0.790891492996	0.0234221906551	0.611508010816
-2.51963760589	-1.05430242405	0.744158596034
0.426059736498	-0.185926518521	0.885383775911
2.38142990284	-1.69499431825	-0.939964190391
-0.627384508697	-0.349659449342	-0.695792316523
-2.47196433409	-2.48861379539	-1.83633133277
0.458889097731	0.584778489627	-0.668920708345
0.301525578004	1.64840227892	-0.182470184318
-0.47445859765	-0.579928606922	0.662247574544
2.48378325344	-2.76165031891	1.14663949317
0.6926051147	-0.544804451363	-0.472743339314
-1.25291490566	1.50357585145	2.02012348604
0.533347744394	0.755726066724	-0.380024072425
-2.40738970857	0.397808150505	-0.856249083274
-0.995014604474	0.0963932830734	0.0255787384756
-3.14346538299	1.8188977523	-3.03217571658
-0.699204468613	0.547335857119	0.459931049814
0.502996224891	2.32265358501	0.0828412520861
0.931360249658	-0.300704773344	-0.205291803647
-2.50115353344	-1.05383265428	-1.09105884733
-0.738867228638	-0.639769603792	0.211589396019
-2.45532296745	1.77157804433	-2.46413627525
-0.558696965607	0.770303013668	-0.30739383168
1.91657882635	-2.5952561443	0.843518761399
-0.490083389098	0.776745680504	0.395581116269
-3.2374144186	-2.19286158817	-0.290874017432
0.582242222401	-0.278072285621	-0.763982852179
3.01254117696	-0.723982783911	-0.124146487285
0.449207809748	-0.300232131732	-0.841470742651
-2.34075968589	-0.383077908795	0.588087471891
-0.948403665371	-0.0889641548175	0.304328550531
-2.13691589945	1.31893172518	1.64008625292
0.792604822925	0.581729349658	0.182670628243
0.0777178411655	2.07271061237	-0.412898792348
0.0696403611309	-0.391556532242	-0.917514960183
-3.2077931863	0.832155878524	2.68662625266
0.280788903822	-0.957542846473	-0.0653397938346
1.71917370231	0.349047976758	-1.27054117848
-0.68275132594	-0.0271146664441	-0.730147534263
-2.47205057696	1.22364565413	0.722588073415
0.558785819073	0.3766446207	-0.738848589429
-0.220910030411	-2.61231919866	-2.21549929892
-0.553350592769	0.204041536348	-0.807570537431
1.71329400596	2.40607073152	-2.11163187045
0.583503193605	0.332891923189	-0.740747588945
0.163172000465	2.952917625	-1.73876356172
-0.88348699318	-0.468409485889	-0.00657924091379
-3.09352165852	-0.0963904021302	-3.23356143942
-0.3230130473	0.803102729613	0.500688103475
-1.5536137317	-2.73961584682	0.609013357393
-0.462287019716	0.86818695903	-0.180394333537
-1.66013924288	-0.822430030101	1.4458948104
-0.532931086363	0.488792841037	-0.69069965668
-1.12953231933	1.79966871893	-1.7445222272
0.0175019119743	0.76734987062	-0.640989749635
0.897158107605	-0.774611066914	-1.55461909295
0.747415651052	0.0846248029497	0.658944980471
-1.92130155105	-1.87754291033	3.15900787554
0.345622652238	0.800107086967	0.490279136458
1.85850015518	1.50430349351	-0.427922843037
0.423304866673	0.858211186533	0.290321458319
1.15431234299	0.947001807619	2.23833233435
0.545444510985	-0.219242055104	0.808964280243
-1.09909442741	-1.46112129401	-3.28994496575
0.139441578637	0.884561655742	-0.445091814504
1.61758840028	-0.485373666559	1.27496692864
-0.636566225042	-0.75948407089	0.134042482821
0.806249141853	-1.81066992408	0.111936296359
-0.617107330971	-0.534496131587	0.57748803224
-0.0659407513708	-0.456053098205	0.702151740036
0.141754753107	0.30483066071	0.94179820464
-2.99277572595	-0.769705386158	-2.77859803084
0.760786468684	0.185672585622	0.621875904032
-0.210415692225	2.33073173319	1.9163583814
0.633431555291	0.28308362028	0.720158405277
1.41811319946	1.27710731982	0.637128875868
0.991545815451	-0.0185566979519	-0.12842330327
2.4052920104	1.03131477072	-2.36878493906
-0.760803250816	0.593341158833	0.262915733234
2.75693872061	1.728292708	-1.79298240252
0.921786104246	-0.347595013616	0.171720949592
-2.18267924862	0.289735777852	0.734621267898
0.855461012398	0.263469206582	0.445836778933
1.7659719648	1.25084223076	0.995553206406
-0.0232955913979	0.89955450675	0.436186892062
1.14312763777	0.775926394689	3.08730162002
0.630572063937	-0.72107389272	0.287108539442
1.36486767446	2.95183847945	1.17550098304
0.175665755203	-0.161620451408	0.97109236025
3.28189595732	0.93235074651	1.0682416567
-0.705736861411	-0.07231075037	-0.704774175057
-1.85856118073	0.176724690685	0.0984026544752
-0.363867226445	0.638352506584	-0.678311667935
-0.938486311537	-0.841329731799	0.018612710282
0.209580537019	-0.726823540037	-0.654066923297
3.06749974305	-0.723069180328	0.735554972905
-0.0439851846689	-0.920103397579	-0.389197946157
2.87368597089	-1.600520765	2.05567112293
-0.772697903089	-0.00143603743806	0.634772312218
-3.18748658372	1.38309828452	2.53513964528
-0.583334785046	-0.541682609421	0.605227625945
1.57419996833	-1.83353468153	-0.591611345561
0.491039931509	0.295561936216	-0.819465025199
-0.490383867254	-1.60906505836	1.24254537137
-0.556709518392	0.420437299507	-0.716454457251
1.51149191111	-0.386429689671	-2.8492350077
0.235376001762	0.773204749925	-0.588856988146
0.697811601338	-0.898644797551	-2.42982113805
0.435898840559	0.853082779471	0.286778611771
2.66961489289	-0.3336646214	-1.58311722243
0.611269737753	-0.484716219894	-0.625619288288
-2.01463081102	-0.285460958033	0.9495431592
0.0558191229876	0.569008564409	-0.820434932909
-1.74772572418	0.574681787486	1.50298373168
0.578373410082	0.29700120754	-0.759785812733
-2.30178667324	0.455418983156	-1.96520633315
0.468928017946	0.883121044225	-0.014273585106
-2.18161571606	1.75235215433	-1.81050153144
-0.917410674513	0.388919203964	-0.0842585727293
0.012290169476	3.01713195288	-2.79724979065
0.611677653761	-0.769545467003	0.183439968666
-3.13495807429	3.1335040686	2.64343524275
0.0278031069577	0.266678730192	-0.96338436883
2.8743122172	-0.400409211039	1.60798955177
-0.0489700782399	-0.755072006814	0.653810519924
0.824566360237	3.04759568268	0.0207426028975
-0.341595972725	0.254523146024	0.904726566182
-1.91761624058	-2.43385102502	0.338663581704
-0.139043255337	-0.16465591566	-0.976501614225
-0.901219539567	1.51045948754	2.5956095851
0.424807774642	-0.795416318367	0.432262923554
-3.15368838065	0.332981739861	0.195174818189
0.718211232285	-0.596192999703	0.358784800298
-1.47486558365	2.49159629757	-1.29602516662
-0.342380399591	0.52357902028	-0.780154261347
0.109356354025	3.30628936274	-3.24813416669
-0.102200143	0.482914829559	0.869682929672
-1.40032663174	2.69972211091	-1.58955137885
0.429183636183	-0.746678348006	0.508205520486
0.969953589615	2.75225644466	-3.16528140543
0.652846878472	-0.331826632566	0.680942023369
-1.45253609295	-0.585707078294	1.52404306422
-0.29631185201	0.955069463691	-0.00645026229005
-0.723101478132	3.00201713849	-0.590235531788
-0.323849587465	0.736054673639	0.594428264901
0.611392822077	-1.71240160059	2.58782888988
0.90291966946	-0.412950604059	0.119196766356
3.14866407057	2.70772989302	-0.435995778175
0.824319449917	0.466945636177	0.320092513727
1.74412747221	0.99655342394	0.822594565497
0.671404068905	-0.310499356623	-0.672909151219
1.24393768489	-0.713639017527	-3.06766328439
0.393127274891	0.756898110666	0.522069148491
1.67489598621	2.9921345003	-1.93991373205
0.509418508314	-0.808372655965	-0.295002427915
-1.12409712944	-0.722527852235	2.82354697075
-0.621374685112	-0.557634698485	-0.550397169095
-0.936237212703	-0.431603003078	-3.23662050708
-0.875281418008	0.428202751024	-0.224777319376
-1.35764380228	1.12801131054	0.547141585646
0.541563409223	0.810110916556	0.224564860714
-3.31450026639	2.02147506798	1.57959787926
0.185076601603	-0.607712149593	-0.772290486007
-2.76476333396	-0.64181957884	0.904490131743
-0.688509237858	-0.379332620551	0.618111472446
1.24184543486	-2.79042925948	-3.01553149262
0.742900454715	-0.182822769743	-0.643952443312
-0.384193177965	-2.80083619819	-0.690231388111
0.615828305529	-0.408121429646	-0.673937976948
-3.10270508982	-3.13813021287	2.42398804368
0.733404510374	-0.00133089450535	0.679791183293
2.05581803279	2.28827559302	0.581701521716
-0.0747036433406	0.209451945258	-0.9749611522
2.75034928778	-0.366545501983	-2.96743262435
0.558794029337	-0.826047032949	0.0734542860134
1.50346493707	2.86984497275	-0.0952203599732
-0.704573518291	0.63837214612	0.309930896138
0.989962865142	-2.33371176605	0.97582411932
0.457453191484	-0.603188512847	0.653375998619
0.408766991781	-0.682573390772	-1.34461232175
0.799152264848	-0.363629752396	0.478674274179
-2.98726192694	-3.23471091349	0.0402153195317
0.0329062888258	-0.431047673259	-0.901728939057
-1.28624632299	-0.768056528535	-0.36152028369
-0.364527097004	-0.730279879568	-0.577764046171
-0.874435085302	0.375985731245	2.34193469591
-0.326107169023	-0.427998044488	-0.842894885633
0.794209007537	3.30373672215	-0.436558415783
-0.784406739337	-0.265260088276	0.560663136696
-1.29582818613	0.23555145278	-1.33927997282
-0.273919537202	0.355664523765	-0.893571952153
-0.24905310838	-0.235236775284	-1.07974267009
0.385880095426	0.357487419092	0.850470044825
-1.30516931307	0.873405389489	-3.24714970098
-0.70449370223	0.680500255191	-0.201514332501
1.91107518992	2.46659572036	0.929225907513
-0.250113537071	0.665679921355	-0.703074292574
1.19333918258	-1.23956534036	-0.249719930272
0.0300841045292	0.634904265688	-0.772004870494
-3.08891508264	-1.21534758166	1.06153661549
0.588224007037	0.200325993668	-0.783493467622
-1.61145165469	-1.49910611961	-0.870923849266
-0.346538428955	-0.800442460002	0.489083822553
1.21448094228	2.40519191	0.914122991346
0.688553285606	-0.376019874738	0.620083403006
1.21499548123	2.12195220349	2.12594157004
0.803678117092	-0.517824522569	-0.293188076042
-1.27718347589	-1.57857539651	-2.10031892249
-0.799084236942	-0.344871154112	0.492471592412
2.65175471726	-0.407630915881	0.552492815511
-0.850024185424	-0.364943163138	-0.379835980225
0.237430186206	-2.12692413463	-1.46772927786
0.654604001102	0.546249273405	-0.522594807711
-2.29143856548	0.962201258956	-3.04024786567
-0.79713722704	0.587349961082	0.139972370433
-3.26247545112	0.501593888703	0.180281386646
-0.418427217425	-0.222287415415	-0.880628734863
0.606450690271	-0.194168885648	-0.782228987037
-0.123185145504	0.976918793129	-0.174513872112
-1.25962624223	-2.95555952404	-1.53368737808
-0.606384229172	0.79178111254	0.0733541848576
-0.786913712105	-3.19977602578	-0.296996188825
0.29345836244	0.780429682112	0.552097546447
-0.232444196857	0.32097648392	-1.41804848825
-0.52502944486	0.285591665397	0.801736541942
0.966510350566	0.296163000087	2.1719329397
-0.340491758976	-0.65993123985	0.66974332452
-0.428609055611	-0.686282870455	-0.785237319882
-0.449736207618	-0.753062266967	0.480244277039
0.861769525953	-2.67422703306	2.61716666953
-0.554447738425	-0.804959457374	-0.211253348705
-1.89323149589	-0.210247293355	1.88520308803
-0.750941821684	-0.0671617219337	0.656944201248
1.60201473645	-0.799299430478	-2.81323115322
0.777358940323	-0.416940192126	-0.471034981811
-0.0448192650947	2.66053784881	0.680818643091
0.728204204883	0.316665276911	-0.607817191587
-1.42180214386	-1.98657247435	-2.28267977708
0.753341378665	0.640373183753	-0.149662796714
-0.864210107207	3.02488408992	-1.60926067282
-0.62880845363	0.696332372307	0.346007450673
2.49043227926	1.11034770848	0.805431596112
-0.828360652581	-0.0198735472234	-0.559842541592
0.12751515413	1.66709136679	3.18676825851
-0.710239853831	-0.548493384922	-0.44126449747
2.88043434572	2.0655823771	-0.621839790967
0.378006900517	-0.214101218529	0.900706084906
-3.03265488338	1.63868693951	3.07342700714
0.616085006723	-0.31950653999	-0.719968635008
-1.16694909844	-1.97151282901	-1.19924166635
0.665558616445	-0.70007217129	-0.258709650111
-0.348457973297	-2.17014919891	2.86782263588
0.533864729477	0.535747253973	-0.654189063254
-2.16976937221	-0.948725803831	-1.92252429249
0.398419630198	0.835083282302	0.379338516226
1.23089679601	0.0044560842865	2.10493342061
0.173709731587	0.784305605964	-0.595558263821
3.14851048908	-0.0175927187887	1.53187321858
0.624735418487	-0.5813149149	0.52132391716
-0.3263140047	1.16521345789	0.814007706623
-0.805838538976	0.589987622636	0.0503870443479
2.82320482535	-2.6711925521	-1.85654402336
-0.692267799753	-0.720504660403	0.0404762617221
-1.10349364081	1.0908234151	-0.780760686388
0.742159059628	-0.217201926019	-0.634053036856
-2.73505536548	1.80685376351	-2.99201215959
-0.0628185084638	0.267841353536	-0.961412941628
1.72391510242	-1.52726861153	1.11118754427
-0.253294886035	0.759942736353	-0.598605661661
-1.39449760398	-0.69545851533	-1.86900356773
0.598523813974	-0.760695286712	-0.251220868718
2.8817481317	-2.40931478845	-1.06774269079
0.120791431121	-0.45417505554	0.882685928908
2.43531787912	-2.90711058147	-2.38800582717
-0.54953923184	0.579190411875	-0.602117180838
0.688789027116	2.25492157751	0.161615660674
-0.290234743327	-0.506125115438	-0.81215833511
-2.42411209682	2.0662978051	-2.50369590897
-0.689841113	0.159571272905	-0.706155965548
2.9723670085	-2.29881277843	-0.741084839387
0.633734155039	0.585076814403	0.506029783694
1.77444054079	-2.32128937267	1.48764097362
-0.638143518143	-0.617281906701	0.460147691411
1.30116338084	2.04559499544	-0.228568650133
0.157054805617	-0.660492943495	-0.73422262266
2.41065726938	-2.43724635028	-1.44157371508
-0.4510301424	0.604622986829	-0.65650807645
2.2850833325	3.12092551454	2.72669444883
-0.687064343473	0.695553997628	-0.210112408754
1.69687090104	-1.2224380256	-1.96478837925
-0.476598223167	0.199139430648	-0.856269595884
2.38671704456	-2.45792110705	2.02274745895
-0.730812119715	0.0170435200831	0.682365857954
0.983551145788	-0.162556761613	-3.05359320843
-0.805772656557	0.307333855259	-0.506237421925
-1.99266987619	-0.891304461118	-2.48844465149
0.75627688186	0.165922322633	-0.632862592366
0.397191131743	-2.58573855751	2.24723471032
-0.180161904079	-0.76702195146	0.615807611431
1.75942676273	2.3525068432	-1.92247049076
0.345905787424	-0.680508699983	-0.645954406653
-3.27379312115	-0.607237010431	-1.82255411277
-0.740200942431	0.630935517501	-0.232428349347
3.27045317024	-2.72198194719	1.6771075534
0.624445589319	0.513106872269	0.588887972037
1.3803718699	1.38652612665	-2.50284730558
-0.67907045788	-0.628836094556	0.378719526058
-2.22065666669	1.78849612601	-2.0851179121
-0.0425127869965	0.633443435332	0.772620267128
0.745158093085	2.74380794001	-1.64658419117
0.100460192638	0.809872384495	0.577939850267
-3.23926310086	2.33790610439	2.92350511076
0.659545261833	0.334059612833	-0.673352970342
-0.0185468011923	-3.12003765606	-0.725469429812
-0.352448337594	0.108571934103	-0.929511863535
-1.38785256013	-1.7786461621	1.52323560283
0.544979575994	0.836380064717	-0.0588697638325
1.99561758709	-0.500700491391	-2.43835617461
-0.62625949554	0.456348976159	0.632095448651
-0.761790892966	2.49651487697	0.128281994256
-0.340920995026	-0.468303812956	-0.815146866473
2.51479960549	-1.47922493139	2.14262385793
0.633378206088	0.584564121796	0.507066894563
-2.01505437722	1.57042905453	2.82514529866
0.676057747697	-0.652707167649	-0.341934606437
-2.77748281864	0.140571775631	-0.602522486343
-0.0954801800389	0.561343491753	0.822056579249
-1.00376313387	2.24928705717	-2.11150857563
-0.292190546011	0.0171704421845	-0.956205971921
-2.07686191119	1.09773611558	-0.453389446636
-0.862286455249	0.492265094413	0.118899730519
-1.66764378088	-1.53308050409	-3.2965084501
-0.81440170766	-0.573635400983	-0.0877056742699
0.605452114279	-2.15495520484	-1.35929633598
-0.187280213492	0.337344743901	0.922564168715
-2.23839127612	3.08131993967	-0.294982082083
-0.486230643186	0.369254904521	-0.791978899412
0.432272378998	2.65231784372	0.118280387006
0.145479329148	0.933275131832	-0.32837980007
-1.11363144488	-0.654907196182	-1.69871452202
-0.671577234091	0.679280937205	-0.295907801521
2.49190604541	0.870045792361	-1.76238583384
0.468206733879	-0.56499463172	-0.679384663116
0.439238035454	2.73091291738	-2.58835159497
0.691905496639	0.700315207044	0.175571622148
0.941747600284	3.24604252173	2.01761017647
0.464937416614	0.750085282138	-0.470324641234
-0.110622188827	0.224337096596	-2.81249907726
-0.822329501547	-0.0903281583902	0.561796239474
2.67960009976	-1.43421947039	-3.28315651464
0.38131040115	0.695980500888	0.608451740369
-2.81855580957	-2.54226589762	-0.00853828129488
0.465866709638	-0.114224242832	-0.877451440936
-1.19563506543	3.21105982946	3.16866879089
0.306628219856	-0.647742832085	-0.697429823187
0.236190214355	-1.70556095995	-2.89887611557
-0.319917006433	-0.581612613725	0.747917025177
0.857231071371	-2.93018809655	0.511144683785
-0.325133594143	0.708283207327	-0.626596396557
2.13851403333	1.49897015519	-0.637070216717
0.906079576314	0.236998161223	-0.350502029898
0.745090054964	0.542102087421	2.66652396824
0.133569285727	0.980638642897	0.143202995665
-1.61682524485	-0.171316910409	-0.649217607436
0.0533068682256	0.52379833489	-0.850172736664
2.1333546343	2.94416162992	-1.73296954923
0.83821355776	0.00837699112169	-0.545277780225
3.16416667701	1.95017993996	-1.72678845363
0.0569345551755	0.379630381307	0.923384659833
-0.857678903715	-2.34360733537	-3.08162001384
0.111886079656	0.688984835015	-0.716087566083
0.651876910212	-0.407530147414	-1.70569188024
-0.154440985213	0.230402258037	-0.960761563333
-2.19129264328	0.321620881395	1.28701762157
0.74947191021	-0.434573793259	0.499437157227
1.61284972635	-2.98170067732	-1.5439316893
0.0920307632462	0.98235810326	-0.162797099409
1.6476250833	-2.87958042114	-3.06018960528
-0.85662152113	-0.479397728993	0.190728568847
-2.92286580079	3.01883105194	-2.76246053936
0.568217275262	-0.23106965276	-0.789769550988
1.94128831215	-2.55600055866	2.66344835738
0.502890436796	0.658632080945	0.559736536711
1.13214454047	-2.78460518474	-1.22283684489
-0.152194244332	0.848433761059	0.50694877955
-0.837480873171	-0.671384637643	-0.706968646649
0.507760623755	0.191361235485	-0.839976205923
2.66978526364	2.0670889505	0.922615049193
0.951410333898	-0.128493195721	-0.279835443081
0.764138669295	0.341491324494	2.78903675944
-0.50691940477	-0.702011310051	-0.500212792348
-3.0466515874	2.99739996478	-1.41217615279
-0.789770667922	0.313712674332	-0.527111610623
1.68835286469	1.76023846333	-2.43858859731
0.846981849422	-0.491581883556	0.202408000112
2.57624126109	2.32283750144	-2.62056371396
0.689952658812	0.714616393146	-0.115276794045
-0.533710157176	-0.608343762089	0.711249710395
-0.837654543522	0.49758331296	-0.22526809002
-2.76533034321	3.11693031864	3.21455536731
0.612305942916	0.354330500709	0.706775302721
0.435514310327	0.18476759484	-0.40949333841
0.838270461095	-0.542449541567	0.0552370248039
-2.68039653239	0.693703932943	-2.09056151073
-0.199929932588	-0.804583300739	0.5591723654
0.359888294192	-1.64756683934	-2.33733408106
0.0484333479452	0.860326051309	0.507437972806
-0.390988079414	2.83742274987	-2.55201593018
-0.436991026604	-0.833029699653	0.339264442822
-1.75654801487	-3.08793102936	2.60702259201
0.718238477078	-0.226143073526	-0.658021884393
-0.394031705997	-3.3089333008	0.973763723694
-0.770549153796	-0.130433396192	-0.623891922324
-2.12545497085	0.680899057845	2.70760384005
0.663270742178	-0.62044819896	0.418468583025
1.74912930576	0.334702949163	-0.519419362974
0.550606367603	0.695967434862	-0.460935958205
1.2833596557	-2.13069550571	-0.385192354689
-0.556254819349	-0.256040819898	-0.790584387967
-0.875926598799	0.273070624364	1.0390852668
0.384022976223	0.815955271613	-0.432138112714
0.0242217368141	1.65826359726	1.08590558966
0.470524045407	-0.501042648212	0.726335588669
3.02774206753	1.54805058735	-1.87834205658
-0.524308518823	-0.6759519418	-0.517870205232
0.995746217708	2.95493271288	-0.900948366669
0.617030196114	-0.756667247709	0.216167558455
0.336185945732	3.13342373569	2.01473852703
-0.387644623735	-0.910550816355	0.143627492231
-0.96603180352	0.198035192704	2.32895189824
-0.903372524771	-0.0465217417269	-0.42632594225
-1.8718424816	0.658988470456	-2.42137036672
-0.392169430547	-0.81900513075	-0.418848103195
2.12700114012	2.21483092452	2.32183831383
-0.79649693854	-0.0743032747624	-0.600059705576
-1.94055243797	-1.38809807285	-1.0783648766
-0.136876500964	0.854946437808	-0.500331302203
3.27615152843	2.08440043526	1.49426206656
-0.0656650157889	-0.884560342305	0.461780366108
-2.34105736359	0.646445236165	2.91120787637
0.720251922599	-0.0595432034055	-0.691152497587
-2.53660933727	-1.10955969116	-2.82087470572
-0.413808428376	-0.634167685029	0.653141586389
0.927033895064	2.49188929758	-0.923505034438
-0.466277877645	-0.777356139991	-0.422258655847
0.598109960077	-1.38894877252	0.594765124538
0.24344559931	-0.752558354355	-0.61187430365
-2.03659797521	-2.88986278234	1.31543898486
0.29173627524	0.91780899076	-0.269289068082
-0.0869289647591	-2.6153937963	1.80069603118
0.15629973088	-0.59085352401	0.791493845391
2.98839256401	-2.50836247038	-2.08036777295
-0.36184784039	-0.829042580115	0.426326800427
-0.872877494656	1.78373480127	-2.89423734203
0.811271276556	0.584661761443	0.00308877673933
-0.963287566351	-1.64098284727	0.452867256248
0.884602958224	-0.440429386187	0.15329566884
2.48247959981	3.17991969852	-2.07114001848
0.24302222259	-0.0903503569791	0.965803816684
-2.639717756	-1.87541669882	0.119147481993
-0.797049441146	0.0206073083381	0.603562363979
-1.19855664511	2.51748133837	-0.509580708961
0.138132415345	0.848253202478	-0.511259171376
-2.31711559304	-1.32174796202	-1.64573712176
-0.202228282186	0.655257170469	0.72783360903
2.9953057138	2.46199736979	0.218591777879
0.0947429777735	0.0415330607473	0.994634994874
0.485228407058	0.0442317334055	0.790571651075
0.406334701733	0.697294323895	0.590485170034
2.57346934282	-1.74648564704	2.60111052579
0.575556458151	-0.533185526126	0.62003867477
3.19237764654	2.64729536508	1.51067843829
-0.492101086708	0.520358391472	-0.697899466174
-0.273300973026	-1.22637809033	2.31900553078
-0.470853547249	0.200821759599	0.859050381477
0.414567263983	0.929044663123	1.35308766982
-0.683150742157	0.311073209434	0.660710618851
0.00255117515356	1.19659630266	1.35052522608
0.428889969387	-0.78526651716	-0.446553346407
-2.25509088942	2.68482237414	-0.555090245526
0.482895518252	0.359472012399	0.798493450664
-2.89300975136	0.621590321746	3.31379412698
-0.372254050008	0.807721327932	-0.457179591252
-2.60265121828	0.860012663963	3.10915082718
0.601358941165	-0.552985418854	-0.57669276952
-1.53404263038	-2.2617716017	-1.69096144231
-0.477832286101	0.379905498876	0.792053103196
-2.56516053497	-2.15943249821	-1.02700201944
-0.818791342422	0.151165635853	0.55383182295
2.67831345489	-2.19726221098	-0.196239756008
-0.297340777147	-0.240460074328	-0.923995354371
2.20889903297	-1.19181375575	-1.18526843482
-0.818712455078	0.393388126327	-0.418277058857
-2.37174340791	0.601929855157	-1.48519794013
0.662475391728	0.54191410176	-0.517160963016
2.93648050953	-1.5735646913	-0.427709180841
0.544500740412	-0.67916818464	0.49218850115
1.40251144452	0.967852929418	-0.818384445107
-0.738900072266	0.365042452836	0.566366216183
2.58125985584	1.18895103374	-0.368964285148
-0.736011435487	0.51217648703	-0.44267642016
-1.91986152655	2.26508446116	1.00322456841
-0.907479103927	0.418963614106	0.0308409790953
0.598886563252	-2.88947273142	3.28749165057
-0.637010082165	0.694504177579	0.33448782122
2.76997284395	-0.474944719268	2.35499044717
0.521940534265	-0.702771812528	0.483414788982
-0.529627528892	-3.30898430552	0.481131957428
-0.733424991617	-0.0981586199971	0.672646019085
-0.610526627543	0.908883668627	-1.18700275386
0.278272187304	0.681498458908	-0.676848905058
0.150290119105	-0.817527981625	0.544318151781
-0.675863029087	-0.574483620262	-0.461711745534
-0.0586662406275	2.67657863427	-0.142016023987
0.218539044629	0.668892082676	0.710509723865
1.89952712661	-3.17620228176	-2.39779314102
0.0420701192314	-0.584518606873	-0.810288901126
1.72301911105	2.12724480225	2.34549401183
-0.116098917262	-0.3876127432	-0.914482040676
-2.29902653775	0.806272733698	-0.513130367588
0.0714699081692	-0.26871038485	0.960565865155
3.033437483	1.67238635275	2.56063708636
-0.180347567561	0.517554995642	-0.83642786979
2.879907304	-2.50949730752	1.81642189657
-0.452079550141	0.739816489149	0.498292727949
0.533108655103	-1.22948926737	-3.08563058409
-0.475274010613	-0.876135492422	0.0806301045148
0.884435431361	-2.59926167503	2.35399653733
-0.394794484784	0.69369659398	0.602430369656
-1.74728024	2.4489017764	2.47929699022
-0.602379533182	-0.185950744068	-0.776248168296
0.0295371413732	-0.159768715003	3.0296591245
0.321483558207	-0.893234796777	0.314292729203
-0.299245304384	-2.43437954235	-2.12521867059
-0.807550350232	0.0462733600761	-0.587980618718
2.52675222192	-0.551533120872	-0.618116447744
0.638641630602	0.655522049257	0.403023213475
-0.0431953728172	-2.16605170833	-1.50066865631
0.321951443603	0.934854166732	0.149649440045
-0.857976966693	2.57469015259	1.53864948476
0.630364795176	-0.70603048838	0.322740103614
-1.77782275469	-1.53878667734	2.25318878024
-0.0237057409019	-0.749558745624	0.661513208264
-3.23358067269	2.7730305598	-2.86312819342
-0.124184749697	0.707478037422	-0.695739156947
-0.355844241505	-2.46544529518	0.167576162847
-0.286659254094	0.632144930976	-0.719874473977
1.50263139293	-1.25762632513	1.31948133978
0.307027692195	0.477591311931	0.82318924616
2.60681375284	-2.20229716548	-2.24623786482
0.676080078384	-0.2811134442	0.681095411159
-3.25709956843	-1.36124531419	2.04968350439
-0.515612555729	0.572710011876	-0.637296582975
-0.601653172657	-3.09176194922	0.633818229173
-0.824107200964	-0.1797509422	0.537156327429
1.94470047841	-1.06023037046	-3.15024391865
-0.902163328048	0.358233355306	-0.24035430654
-0.227406890284	-2.54442697883	2.07755259271
0.980350181265	-0.184942352828	0.0686283339689
0.776478117913	0.539738429599	-2.28989423782
-0.256555168732	0.774027671536	0.578844201054
1.56625019255	2.57623588739	-1.66395209231
0.773624920338	0.565557233013	0.285743764268
-3.17781374399	-1.39997980682	1.71474573169
0.495236503801	-0.749578830521	-0.439172383169
-2.07993812094	1.76938645967	-2.60272407683
-0.566760593772	0.610353204482	-0.553399851036
-0.359284231659	-1.01088463141	2.18261029005
0.0674501550556	-0.996365546328	0.0520209061287
-0.308117750672	-2.05633606077	-0.565974335111
-0.674356575914	-0.032394535179	0.737694925164
-1.59592437089	1.78680075194	-2.63986316096
0.640577289473	0.0572170228225	-0.765759066881
3.1863290786	-0.526617741135	-0.401412492141
-0.770169756413	0.0592141419214	0.635084428799
-1.73031980288	1.64511607362	-3.30986748393
-0.442102239619	0.827259441743	0.346680581762
1.33603329918	-2.86583249708	-0.254818326967
-0.0238627649356	-0.0576662285389	-0.998050687358
-0.912360276972	-1.00689749638	-0.949325895993
0.648986701719	-0.584596041994	-0.486891906564
2.73421516742	-2.7319510896	-1.53065454255
0.238875766762	-0.703699511089	0.66913777815
1.58245854751	3.08116197941	-0.0965184414173
0.903375057398	0.409773026473	0.126489416343
1.26378549788	-2.11332241407	-2.33338117275
-0.782293868015	-0.147803160155	0.605120260704
-1.87965246703	-3.26391033569	0.135274326533
-0.168523063302	-0.673691024383	0.719541785306
1.41163712698	-1.30871081726	0.564672623755
-0.122968790054	0.622448900789	0.772939869963
0.857007546546	1.13367614213	-0.4179816999
-0.863977626745	0.370865738567	0.340589583577
-2.16998742735	-1.82211522704	-2.26714784433
0.187750866614	-0.9379310392	-0.29160757499
-1.8923465002	-0.156524697188	-0.211493966875
-0.475562250047	0.517013984291	-0.711714188686
2.0991406917	-1.50231277159	2.0969548524
0.957565073304	-0.228535561538	0.17561499794
-3.18267673582	-1.57708403398	-2.00552037771
-0.0866063801018	-0.987763656232	0.129700787792
3.25089821823	3.0242604502	1.83317355923
0.666340950175	-0.530271751638	0.524215230163
-2.91438502053	-1.27347565048	-1.88488410984
0.0697116922621	-0.810178638662	0.58202306949
2.69455789367	0.525700230061	2.51558435915
-0.52222581187	-0.363348309196	-0.771529784015
-1.57096112205	2.87521869352	1.43255063459
-0.944493227077	0.276908870657	0.176788069048
-1.85560681061	-3.2755810216	-3.14234014237
0.730259621103	0.579422536744	-0.361925972678
2.91592041799	2.87684132398	-0.13291518799
-0.840038547048	-0.469040194832	0.272647272322
0.847334969615	-2.79076973831	-1.60486813063
-0.294564115525	-0.892850377581	-0.340661393614
-3.28545545599	2.9667396403	-0.479173922472
-0.539469420863	0.636968392621	-0.550675958033
-1.91365007025	-1.23551625089	-0.413171685488
0.533284065468	-0.596439577524	0.599889936472
1.654863629	-0.0587679570556	3.20383702378
0.0220534691835	-0.695420510529	-0.718264545994
-3.0025522285	2.2242235424	1.25466055592
0.313705871201	0.922732928065	-0.223947694427
0.649009577204	2.22083162553	1.99385637897
0.128878454478	-0.953775361536	-0.271482787114
-2.85625487889	0.614643476682	-1.93568267968
0.413849651061	-0.750528117414	0.515204824597
2.10530984771	-1.35454399326	1.29059293447
-0.236036161978	-0.849627117916	0.471614981463
2.15808852	-2.54151236402	-1.92667783246
-0.154878974321	-0.693000124294	0.704104630749
-3.31410286095	3.29500332343	2.66149010769
-0.34676007087	-0.706184388469	0.617301435875
-1.2028195779	-1.90793071744	-1.46395749957
0.916319216689	0.398985676419	-0.0341982914517
0.370547625532	-2.21357978749	1.95566841738
0.850421815218	-0.524132948411	-0.0454685450689
3.27753280648	2.00188202805	0.1350858126
0.651170614533	-0.51606178258	-0.556468388437
-1.79500794479	-3.16599828305	-0.904938250355
-0.823418355318	0.229334631558	-0.519025855708
0.716272285419	-3.15049639468	1.3970326621
0.924101300455	0.361577333906	0.123687582653
0.283863910005	-0.848939702745	-1.17209561482
0.201791055619	-0.180821122971	-0.962592380688
-3.24110340642	0.774484416856	-3.01970235999
-0.479088092758	0.277481170093	-0.832753744886
2.0727094512	3.19760501595	2.62418935319
-0.638195404241	-0.193778863177	0.745088168066
2.3590460703	1.62752879332	-0.419473434538
-0.145864243317	0.0646786331399	0.987188075767
3.08350523365	0.010112981401	-2.45193515755
-0.252188798956	-0.365470256035	-0.896009096848
1.53391810655	0.132802776608	0.269304488545
-0.0642563552963	-0.976800442995	0.204284153493
2.49516921154	-1.51681335272	-3.23184524657
0.515160740241	-0.582327086189	0.628891545821
-2.12406008014	3.2996653102	2.74915958451
0.193784244511	-0.509034751926	0.838648488886
-1.30703240818	2.01642082025	2.45460376846
-0.797497598661	0.536559405162	-0.275865157028
0.637913911579	-0.0672252041318	1.88054202437
-0.556714206614	0.491353759159	-0.669806520956
-0.670351420225	-1.23808587989	-0.410290393838
0.961870504316	0.033303850442	-0.271470047102
1.3596896305	-0.146040784404	2.01695180347
0.327147326712	0.466704288813	-0.821682258193
2.81840961499	2.66611924439	-0.714192364976
-0.637324598035	0.694237260193	0.334442795257
-0.788079906736	1.86000681057	-0.0593310292792
-0.205613997326	-0.970715268245	-0.124236677752
2.03153035605	2.68512740716	-2.35217538721
0.798911439758	-0.557822040831	-0.22488904417
0.230409405687	2.48513994044	0.671105878226
-0.0828942487806	0.99183283738	-0.0969338238897
-3.11131625428	-0.0267623495502	3.09264157413
0.822434237165	0.513192545324	0.245428883719
-1.80081684953	0.0478218674174	-2.51268023482
0.67481024045	0.408660866915	-0.614513982946
1.80010606556	-1.7076518931	-1.80639550109
-0.601536438693	-0.225670872408	0.766307099191
-3.01035113109	-0.0292444930208	-3.0271114463
-0.905687832395	-0.391018149191	0.163811956998
-2.53625258474	2.02656692899	-2.77188144319
0.982702549389	-0.185183053621	0.00171349839776
-1.21748811757	-2.15282991494	-0.282235870383
0.71440940877	-0.339263262385	-0.611980094004
-2.69779752339	-2.36361926513	-1.03014720333
-0.439077229088	-0.641762565606	-0.628770225347
-2.75428572985	1.52553878587	-0.306529934607
-0.95365034389	-0.00414384877019	0.300888434665
-1.01789258286	1.38518966404	-1.8916053377
-0.396002153855	0.842933599781	-0.364204942996
-1.49593676348	2.74955974954	0.478531817267
0.637629555255	-0.730594228555	0.244255242456
-2.82382258644	-2.4760822117	-2.86483081415
0.166126369659	0.777407421432	-0.606662781459
-2.74332223338	-1.08635444166	1.69429835674
-0.257938764357	0.813077220211	-0.521893693981
-2.70191820906	2.29515061002	2.18259084174
0.703961199344	0.361377451303	0.611428628302
1.88429540372	0.613977589904	-0.989078988686
-0.70684354386	0.594049759371	-0.384027457214
1.9666543817	-1.67170384888	3.3063351668
-0.369011134593	-0.793013886235	-0.48472647832
-0.249776841899	0.555600732862	0.636547264739
0.987020131181	-0.0902062367121	-0.132868715289
-1.38577609393	2.25062592775	-0.882142141789
0.55914608053	-0.428037172082	0.710028055744
-0.0686295849967	-1.28092775262	-2.18094618651
-0.691120251216	0.183189277187	-0.699138389078
-0.931404158156	-3.14396545507	-2.83790256796
-0.912077512705	0.188458055433	0.364140319327
2.22016278038	2.89168897706	-1.90672969737
0.645205940866	-0.646465877127	-0.40717461068
0.348919297134	1.18416562551	-2.59038731789
0.235097951179	0.823701531967	0.515989088631
-1.7491802804	-0.72974466954	1.6955320123
0.713273339971	0.0724494054337	-0.697131426733
-2.19873370096	0.489384973969	1.83981362117
-0.837781498551	-0.515470937009	0.180032979714
1.01493739312	-1.97646427613	-0.472444378526
0.141678883581	0.942833793761	0.301648025501
-3.21828342886	-0.0379949590785	-0.115519275764
0.545084306909	0.817632030336	0.185367098834
2.18309514565	-2.96555786908	-0.789331518895
0.597830923047	0.787810358469	-0.148165537618
-0.1219409376	-1.24418846367	-2.90818535661
-0.325856780475	0.552255309308	-0.767353524759
-1.83173508171	1.73715237088	2.22629804228
0.59585343932	0.623200621166	-0.506536933134
-1.78631426293	1.32700210974	-2.4997517535
-0.676559833426	-0.558771191543	0.479626466425
0.57940527208	-3.05822301076	-3.21302886575
-0.864188304894	0.394512233771	0.312311817084
2.59650840876	0.228153038997	-0.353381742891
-0.133307455632	0.675185966259	-0.72550191815
2.89500924826	1.04146172153	-1.62253466769
0.595479404591	-0.118295749286	-0.794613361585
-0.855414671285	2.54895407504	-1.59929368473
0.747775873018	-0.643786846988	0.162387620767
-0.181853834363	2.8630545514	1.45423339272
-0.846003407615	-0.421586277458	-0.326409627558
1.72877633318	-2.41213306405	-1.17634355914
0.469823133327	-0.560542263929	-0.681952046511
-2.53544718129	-0.318836665807	-3.01603243281
0.436290347299	-0.828435165215	-0.351206363681
1.91542179211	0.33355365594	2.05518000284
-0.408299316592	-0.488203376525	-0.77132945699
-1.8109492813	-0.61889746344	1.8568415811
0.878774888182	-0.0198000919645	-0.476825599417
1.79956450801	2.12311593005	2.53056111004
0.870765757312	-0.122492372782	-0.476195983291
-3.08804886423	2.09169377973	1.46545449994
0.898528768862	0.0969099420572	0.428082369011
1.74392302102	-2.83892489325	1.69778461165
-0.392132502734	-0.786875760915	-0.47650670214
-0.90558768474	0.790739665186	1.20119776566
-0.672589201353	-0.582774504596	-0.456067586018
0.943205084138	-1.18994185731	0.311795954188
0.339524703369	0.653879369068	0.676139590994
3.05846947291	0.106190657453	1.39641917684
-0.153963140999	0.364680562568	-0.91831554408
-2.53819990277	-1.4625931531	-3.15284466712
0.9202303127	0.389841266363	0.0346404189962
-0.0509226068309	0.155774303999	2.07657740487
-0.716319282809	0.411356359598	0.563624547455
1.55288672287	-1.59105248792	-0.147896737897
-0.85056123972	0.408872460697	0.330709673837
1.6887639238	2.84602915565	2.45161864665
-0.574365337629	-0.495955280918	-0.65125480287
1.71112969557	-1.69116102486	-0.941675645862
-0.699430380095	0.0375815301918	-0.713711967105
-1.41265077199	1.27441938338	-0.758884819695
-0.607965887773	0.292738775149	0.738025398498
-1.4587124903	-3.01687250903	-0.116321381349
0.249869231218	-0.893409035172	-0.373343893969
2.52760509042	3.26812266881	3.14541826352
-0.151718146643	0.66241354492	-0.733614271594
-0.323348637569	-1.59437696141	1.97899132859
-0.569391233142	0.641497872772	0.51407596992
-1.44042048437	-0.354560843506	-0.0956450527733
0.0244315924614	-0.483712700857	0.874885775584
2.32722907727	-0.37689013767	0.574464382382
0.151283100127	0.620456959314	0.769510614127
2.93432752002	3.27071862803	-0.74580689931
-0.708369649	0.255769503477	0.657871113112
-1.66425570132	3.01161155715	-2.53310964049
-0.63081626995	-0.647568588783	0.42746433347
-2.35542186491	3.17062300534	-0.570432460819
0.986717502143	-0.158244351365	-0.0367055340031
1.08074195607	1.93673724673	2.39139887318
0.466752722389	0.872360800473	-0.145356561392
1.8028975506	-0.745519761297	-3.13584089591
-0.342334870004	-0.771415663512	-0.536399767774
-2.74031622824	-0.944053306497	-2.46426430947
0.619918431961	0.572143883711	-0.536984649731
-0.0613410470035	-1.14877797715	1.21229829305
-0.642617720308	-0.368436879451	0.671786224484
-0.724882160827	0.366864487054	-3.13315658439
0.376817684259	0.0426953123697	0.925302946678
0.810809360932	1.2601027567	1.62981874405
0.922191006289	0.306117405734	0.236338489938
-0.643148744289	1.75279118931	-1.55899446376
0.439496768179	0.644185339166	0.625993482047
1.99606532143	-0.46948961987	1.70262741755
-0.616658602504	-0.342521515377	-0.708809691991
0.65002400541	-0.716976200139	-3.03070703012
0.619622852667	0.387579771793	0.682531640988
0.356955980122	2.82944342755	-1.5597814014
-0.967011264849	-0.0357177473627	-0.252217081457
2.202434459	-1.79268284826	2.4505528983
-0.651200505639	-0.128050283754	-0.748024749781
-3.27146568347	1.40302168606	2.20990872368
-0.520847563514	-0.668555218948	-0.530802915213
-1.3212309963	-3.24154615029	2.98537092983
-0.445321264797	0.620477742691	0.64552021033
0.224235449607	-0.949665626484	2.90420382915
-0.533044080711	0.0444337634361	-0.844919906669
-2.86548904174	2.1938995524	0.860287749061
-0.291518844915	0.934464475721	-0.204433134972
-3.00417240902	-1.37460615458	1.46355641599
0.70923347474	-0.427465640513	-0.560589871911
1.21227039152	-0.836036163512	-2.33414068371
-0.580347342403	0.345089923292	-0.737638059626
2.76326427707	-0.708508024172	-1.9705355928
0.136352799548	-0.924326477132	-0.356410546602
-0.0812370806175	3.20631012519	-1.62871177975
0.838632113033	-0.542408119898	0.0498959964188
1.45493037312	2.10930349304	-2.40766899793
-0.788057886916	0.549380196811	0.277751986889
-2.48161964418	2.48250824878	2.08326582268
-0.065077362572	-0.995593964224	-0.0675099643062
-2.24270412699	-3.28027927106	0.469729967112
-0.530228489467	-0.0829047567015	0.843791769499
-0.440895307978	1.40282811394	2.14573116842
0.370427496566	-0.8729516966	0.317393769932
-2.16891340828	0.599198979046	-2.30730180143
0.443795755062	0.270033070275	0.854474966717
0.825270781132	-2.06935408084	1.47128931478
-0.402809432077	0.906329630416	-0.127715161435
0.380563104222	-0.391015717651	1.46004132972
-0.56887345576	-0.410904648962	0.712418669599
2.49749646934	-2.24201248567	1.47059243161
-0.725325673276	-0.160858917555	-0.669348247425
-1.39203655233	1.46402670451	0.359180843421
-0.174314685741	0.321959257579	0.930567905526
-3.11324997375	1.41360798621	1.22169202101
-0.332404266752	0.700255197021	-0.631783240115
-3.2852856606	-1.56873232167	3.19564807045
0.960762706745	0.104676565399	0.256861515186
3.22732931284	2.80894285826	-1.30591367641
-0.885691695287	0.423474887238	0.190313532833
2.88191331968	0.113334399059	-0.885132613342
0.210743746541	-0.656503891448	0.724285657602
-0.0678767090749	2.38937135975	1.76939649953
0.596062483806	0.689559589287	0.411360046943
-0.168725422259	-0.271359177944	-2.34359350139
0.710073258862	-0.579034833647	0.400642769151
-2.38470828986	0.300302268993	-3.19716485862
-0.167628047855	-0.716274842802	0.677385552799
0.224805237913	-2.99019478077	-0.0422241304449
-0.615092375257	0.065997002182	-0.785688084168
0.0535575510974	-2.09045429602	0.300345482542
0.771309064574	-0.255299052316	0.583013482514
0.263120967125	-1.83634781676	0.937331079756
0.115090948712	0.609565322319	0.784336784392
2.9635634438	0.233484914626	-0.597078870158
0.100927160262	-0.55917232656	0.822885178826
0.0194742358192	2.42232418277	-1.78738219394
-0.0892408688632	0.882414458386	-0.461931586878
-3.16825566868	-3.30403626255	-0.162798921834
0.504218632007	-0.580598660017	0.639272060334
-0.19120450098	0.467309659272	-0.334404381781
0.983087397892	0.168928038235	0.0707282546327
1.23541376952	2.5689968679	-0.283619685403
0.399134996398	-0.914754306786	-0.0625764561742
-0.687061577884	-0.562783951749	1.24670710634
-0.468484079126	0.578862228957	0.66741380529
2.8803022295	-2.68210127507	-3.22998774733
-0.307287894494	-0.881663147702	0.358112054925
-0.546039994929	-2.44120264544	-2.49911153714
-0.446893036039	-0.461519209688	-0.766346288194
-0.468394728544	3.22319996235	-2.98300092039
-0.584267419788	-0.0688151520356	0.808638396952
1.24370064564	1.66833271262	0.0582555818275
0.685977878342	-0.681888497807	0.253894519406
1.90260025077	-0.0792214427675	2.09914393625
-0.636759939503	0.75064767793	0.176252214349
3.29549112393	0.0830836314735	2.4395711354
-0.867166896101	0.271357861549	0.417596079103
3.30046727378	-1.41677189858	3.02204421162
-0.864781454761	-0.232601590198	0.445027567391
-0.936358076492	1.5117203386	-0.653403774699
-0.745807603403	0.371025787696	-0.553272883458
0.528278867345	-1.5632037166	-0.525924869513
0.639631922917	-0.724520025094	-0.256791231202
1.97605222367	2.0104209757	2.37507622165
-0.841848020941	0.276231200909	0.463668236222
-1.88375499054	-2.69740065653	-3.03122048542
0.733822778869	-0.550884273398	-0.397530686282
-2.44920097121	0.686532272898	-1.01031818656
0.780282463017	0.0392928113412	0.624191759707
1.0435241437	3.30635758379	-1.0134106209
0.551691738078	0.809833546508	-0.199514042328
-2.1975523303	-2.10669458786	2.29695515433
0.229161127217	0.912141955385	-0.33982676616
-1.11916182135	0.739847425707	-2.16410441053
-0.493172038917	0.733125370746	0.468303887235
0.170960284415	0.0906082205807	1.897694515
0.813846772925	-0.0814424449349	-0.575343860976
-2.86757501725	-3.00121149616	-0.381687133382
0.834764223171	-0.339670870892	-0.433350194625
-1.56063090184	2.47134764978	1.90052582814
-0.484747579162	0.838456415817	0.24901932309
0.919419054221	2.83942135793	3.03049154929
-0.594260997152	-0.803274160131	0.0400560972779
-0.165470827426	-2.06266086872	-2.83170610308
-0.218333562891	-0.907534263304	-0.358764569383
2.00182842425	0.378407195714	-1.06721527131
0.19434644823	-0.819829582918	-0.538617594432
2.84098953851	-0.928745539377	-1.12202280642
-0.253699218175	0.652629462413	-0.713940817917
2.65203046601	-3.23234907421	2.07492912015
0.284367619733	-0.284066997764	-0.915664238479
1.74763535297	2.58797796164	0.908822529351
0.937767211074	0.259257093353	0.231037696884
-0.740370093549	1.32992137449	-1.21953918271
0.591686410964	-0.258377006707	0.763641613249
-2.08876745145	2.71999258401	2.54490554639
0.0776883009428	0.387630722477	-0.918535220277
-2.74360327618	-1.58578333198	-3.09805160376
0.111622392539	0.518373632518	-0.847837967181
2.55589167396	-1.36866765173	-1.96633650612
-0.409623520824	-0.901262405244	0.141190113261
-2.09055348927	1.91811457192	1.85026347134
-0.68324004308	0.451645381441	-0.573759089649
-2.45470113644	0.113900628534	-0.822376860496
-0.535292547545	-0.225391482411	0.81403966009
-2.79801679535	-0.25996026964	2.93268850739
0.191385572677	0.185979394625	0.963734002381
1.80286535579	2.71473497989	-1.90370394359
-0.900387733503	-0.308159806706	0.307147298358
-1.75730858439	0.822294707373	-2.6909735404
-0.580136967358	0.761312395978	-0.289559207822
-2.50896848276	0.708317207851	-3.20317075347
0.826791186683	-0.553682537866	-0.0992571452601
0.47317478611	1.04090323963	-0.839140504365
0.832902417887	0.44311232273	0.331549440843
0.713580604487	-0.896908425772	-0.452831559476
-0.186068809262	0.728051488276	-0.659787411701
1.43551200337	-1.44701748622	-1.23953193767
0.0968126359516	0.745718891729	-0.65918938708
-1.2239390125	2.37409636148	2.92688839467
-0.270707300608	0.604401046813	-0.749277606771
-3.04255489021	-2.85897270271	-0.641855788662
-0.698266034109	0.497890605368	-0.514324304982
1.89945991015	2.7106672892	0.0171602143688
0.51205771779	0.795336397612	0.324402386374
-1.7040259819	3.30196532075	0.776923670928
-0.110458546391	-0.286270281544	0.951760597752
-1.13106873269	3.0124262056	-2.47430449724
0.652005007283	-0.670411612761	-0.354171907345
2.92290900493	-2.25231632975	1.91044309747
0.141709797584	-0.971348083403	0.190791074576
1.33896384089	0.772987566546	2.10569991342
0.76055156532	-0.118108799174	-0.638444694588
0.112867494191	-0.355294013284	0.225602528365
0.391755096482	-0.913860296571	0.106711305545
-2.86465068144	1.30225158888	3.25423336564
-0.610481864956	0.730331088053	0.306477396203
1.33374000172	-0.224428911618	-1.3157392578
0.414782492496	-0.872339664891	-0.258803000323
-0.621047966476	-2.41691052602	-1.4815391317
-0.54774258436	-0.276528174292	-0.789626639685
2.19527706657	-1.33556556914	0.0696893468086
-0.905961424423	-0.334186198565	0.259910527195
0.931456185858	0.132004797894	-2.20307646816
-0.0685266747646	-0.715142660638	-0.695611292161
-1.1689290674	-2.1388397852	-3.25263291813
-0.459976788004	0.6337258741	-0.621942819714
1.61887338187	1.50164651056	3.02351964235
-0.952989339545	-0.263548314602	0.14951121892
-2.85600716676	-0.21623120287	2.74347154519
-0.629519447502	-0.566516059311	-0.531756353756
-2.10919700302	-0.305336577135	-2.22185395607
-0.745679666332	0.622831603683	-0.236733243701
0.974851445028	-3.0785654505	-0.410543375592
-0.54185349564	0.75224505736	-0.374862858843
-1.19243716123	0.090283237811	1.28850864806
-0.671846265065	0.515370022477	0.531992796991
1.77171824082	1.94064487931	1.29083812161
-0.84701556517	-0.53120851188	0.0195486384611
2.89292234947	2.11024517947	0.0565869387542
0.7920544019	-0.147456971961	0.592373417576
2.50765229368	-0.106016203053	2.74878984776
-0.742941414895	-0.536408862406	-0.400379303119
-2.80394095208	0.85909814524	2.86219828545
-0.795810065902	0.568668887976	0.20809140986
2.35997631181	-0.179394479886	1.60091406226
0.281327854351	-0.0290754210145	0.959171130852
0.116374343665	2.21518212662	1.58752394467
-0.536533930815	-0.637424521366	-0.553011139712
-1.02063414583	0.785411924951	-1.37737941537
0.172454947056	-0.217139590556	0.96078597484
2.44625572926	2.25800128489	-2.39077282335
0.332768907353	-0.0569336443322	-0.941288167589
2.32231054009	1.56063775756	1.4753654717
0.543628645159	0.0374580387481	0.838489589378
1.84735684093	-2.94073251081	2.92570097303
-0.620395554456	-0.293455673028	-0.727319134891
-2.37038013632	-1.91115096977	2.70068136537
0.907499206852	0.321395650103	0.270462614161
-1.7929366141	1.6618522203	-0.416857984557
0.13792489862	-0.168450059206	-0.976012960925
2.51196989686	-0.93178514709	2.49689483402
0.621985281014	-0.768746809319	0.148871264398
2.26260701966	-1.22954481954	1.27981035595
-0.930025150973	0.294511450596	0.219809517596
-0.80968447389	3.14157741005	2.90333168609
-0.396780549194	-0.552031142765	0.733366765813
0.439326746432	2.38002643353	2.0419718419
0.079117163132	0.714753918173	0.694886545383
-1.34195018354	-1.93758142202	2.97114469457
-0.90668783694	-0.0471156874232	-0.419162591775
-2.09565528492	-0.0956103460058	1.8750547362
0.0775666116151	-0.914533864675	0.397002809971
2.79905842918	-3.1076702745	-0.228319419115
0.36207213921	-0.763764240415	-0.534385582768
-2.4522735925	1.16501507154	-2.26434289389
0.306016811682	-0.623808525093	0.719177749231
-1.94504190427	-1.29287120923	-0.900478624369
0.375459484692	0.331964082893	0.865349653622
-0.224630814598	-3.27188579157	-1.25106746101
-0.299474660859	-0.563544569851	-0.769891190555
-1.38550182351	-0.622703839121	3.16532562173
0.801516578503	-0.584574574209	0.125871925278
-1.46612591854	0.0464379139319	-1.02773982056
0.267293493507	-0.681122044057	0.681635496015
-2.55213710439	2.95040039222	2.96320038724
0.664434427814	0.663326062033	-0.344275219211
-2.45595398664	-1.31245004006	-2.89687144959
-0.560891647564	0.231377386826	-0.794899405308
-2.21929464678	1.02289389075	2.67553692875
-0.431514495327	-0.762189700474	0.482557873021
-1.09099789364	0.595280300886	0.126515215756
0.552730395118	-0.828920233779	0.0859090003744
2.36986723319	-2.10945032772	0.867043429729
-0.731697435378	-0.0704611703008	0.677977939568
-2.26908301389	2.47662521042	-2.45033176063
0.618908478554	-0.593459839233	0.514546124649
2.90041939725	2.73817872584	2.08726545412
0.510712853419	-0.169461301767	0.842885074347
-2.54978631907	2.33285977739	-3.00511086196
-0.129692453302	-0.126846114843	-0.983407306616
-1.15285780658	1.11917909942	-2.04611210043
0.181759611547	-0.495209032351	0.849547796118
0.386454472857	0.997349493928	-2.37146498727
0.719104249542	-0.299269451055	0.627157774372
-2.16056875679	-1.20943990782	2.21039209451
-0.0100908046986	0.428261040527	-0.903598725557
3.01590491086	0.673419726638	-3.16543372747
0.976595135725	0.0374302913814	0.211803952197
1.87802259497	1.13339115866	-1.43639463719
0.695701220367	-0.529785019581	-0.485105808053
-0.133097990201	-0.776554266211	1.63487777261
0.138712292623	-0.549120550599	0.824151394336
0.210912777122	0.882612248897	0.405734112307
0.0172246793074	-0.913449931775	-0.406586439226
0.569676768566	0.349357785566	0.289827766387
-0.849142980062	0.210751347116	-0.484293370903
2.35890141353	2.96301512445	-2.40651025141
-0.190598628263	-0.00289790209334	-0.981663773941
-1.91233881553	2.85228646932	-1.72946902006
-0.45212225312	-0.680706705753	0.576388626689
-0.94709342412	1.72127407988	1.25984740285
0.568249826854	0.800011085847	-0.192547128781
1.48223581838	1.00182201038	2.87937814928
-0.578917602874	-0.14674865578	-0.80207184286
1.71546320804	3.02933016928	1.87202109813
0.315736081135	0.605079227844	-0.730882928451
-1.51422683167	-0.149839778966	0.63344603642
0.273783984297	0.938746321776	0.209278936576
-2.78538615211	0.676332073819	-2.37681703052
-0.473293856132	-0.226856139804	-0.851192820447
0.0638612422929	2.56786297203	-2.81710520411
0.76810393959	-0.231060860372	-0.597182733165
-2.26717372778	-1.40621911475	-3.15027940947
-0.554285843513	-0.559528193822	0.616194290788
1.34159732927	-0.164661160586	-0.104554893088
-0.601058152523	-0.531354507204	-0.596985330607
0.866640700603	0.0747513286354	1.55449718081
0.56626994155	0.656468336231	0.49838506882
-0.0543184581113	-1.56823378989	3.22477269781
-0.184032838987	0.982800864751	-0.0153092919516
0.957532452995	-0.0673158595345	-0.356464753093
-0.780922170603	0.621661105581	0.0608114567162
0.719835537198	1.47974859828	-2.47013494335
-0.0228910137168	0.879667878828	0.475037287431
-2.27607362966	-0.933314416676	-2.98757516515
-0.620454909533	0.15956550603	-0.767837583426
-0.810419217694	-2.4911740119	0.454861442079
-0.34605516097	-0.819093677279	0.457527456451
3.29566505389	1.09511121891	1.82932853155
-0.858640406693	0.474975764525	-0.192703593914
-1.58821645908	-1.87474158307	1.31085616085
0.430528303762	-0.662226061311	-0.613271573921
-1.45561881545	0.669565291209	1.8134292933
0.0970477828374	-0.760876179684	-0.64159891446
-0.165486661911	1.11362786967	1.54331071614
-0.624522816301	0.428547691707	0.652930415781
-2.8950204284	2.12720346207	2.01100407378
0.498957042911	-0.441501367418	-0.745733472427
0.390799346377	1.45170259125	-0.160831312711
0.693603369212	-0.713778003405	0.0971356169174
-1.42418675437	1.96350151644	1.76721483785
0.172094470009	-0.104482084565	0.979523857493
-2.29377739836	2.97831505968	-0.538208526405
0.134258533957	0.518465784912	0.844492673701
2.35688908992	-1.47381834228	3.1382437009
-0.169679207299	0.828527374858	-0.533620985083
0.406749134799	-0.613585213813	1.90702881304
0.409098049239	0.424574839503	-0.807697339211
2.89784778081	3.14851202259	-2.63963469217
-0.814268239163	0.0812638438514	-0.574772496187
-1.1143226286	1.92838249918	-1.94509003812
0.504676971517	-0.350709332429	-0.788862547322
-1.34588253425	-2.53983144642	-0.566463464825
-0.0314208168598	0.971779238135	-0.233790172158
0.506307517283	2.97057087725	1.82784272729
0.826318049285	-0.00173739556056	0.563201085655
-0.35133288634	-1.67066530822	1.00055773741
-0.760709181953	0.648635399959	0.0243651064343
2.79214871379	-2.61783348079	0.108895704871
0.847089846635	-0.509803751451	0.150129699706
-2.66829833352	-1.94766194192	-1.51348928773
-0.424613356715	-0.460470266752	-0.779532315389
-0.00776587509227	1.52817469594	-0.842677689314
0.646495622498	-0.371487883079	-0.666363386462
2.00915516336	-0.632062518645	1.30081102432
0.836902703767	-0.290623158173	-0.463823290016
0.905935948803	-2.17324570747	-0.363082068059
0.377548212655	-0.713829402869	-0.589834663885
-0.125860378908	3.31249255849	0.645710340957
-0.736961858487	0.209694099639	-0.64258509453
1.11186485698	-3.0045836685	1.31868610932
-0.607260433764	-0.638919234477	0.472246733604
-1.9899906132	0.491937149503	3.2206058331
-0.54329844444	-0.13740283628	-0.828219331368
2.83874346805	-1.8445777283	-1.71535316072
0.668222669288	0.440808749398	0.599304689373
-3.14268839157	-1.20050002089	1.29924813418
0.261671764611	0.914993283923	-0.307107762815
0.147852107056	1.42034028326	-0.368742700577
0.830403219309	0.241160487507	-0.502266973457
-0.493749523572	1.57003369178	-2.91630380423
0.652160710852	0.508548322153	0.562196594846
-0.918268810922	-1.34790800145	-0.141730236237
-0.69642228016	0.6777148396	-0.236005516636
2.88956470514	1.26383641573	2.68951895192
-0.121221589054	-0.414580858669	0.901902454799
3.00640622422	0.429149022012	-1.84778750115
-0.707714013705	0.602128266344	-0.369570596335
-0.141537176192	0.768540621335	0.323123736393
0.652731692601	-0.587649911303	0.478130650784
2.56625139519	0.265612014331	-1.6829141578
0.510488061799	-0.645214832016	-0.568418647923
2.24348725581	0.770996877188	-2.10635191703
-0.618359082863	-0.309479580718	-0.722394929217
-2.18729819687	2.03124270037	-1.17847793677
-0.677844358841	-0.146073808345	-0.720548032891
-1.17327576784	-0.997065003883	-0.915401006751
0.972110777969	-0.0643500883062	-0.22552095577
-3.24170654635	3.05569172308	0.418522265317
0.754324114654	-0.548485308378	0.360775548707
-1.42722776726	-1.06894141832	0.478092910455
0.369558333675	0.603841151265	-0.706259514662
1.24829288547	0.168571769972	0.466990575744
0.48961855054	-0.136309981196	-0.861216154048
1.59369321927	2.36996791182	-1.80102192179
-0.333488116279	-0.553695214328	0.763025088664
-0.255043669224	-1.681648925	3.18878153802
0.655197810749	0.606583072785	0.450303014203
0.0224948335148	-3.14807100733	-2.90383394166
-0.296619773143	0.683527353632	0.666938578145
-1.04967760168	2.7351700483	0.744708422407
0.502109587125	-0.617746065691	0.605207204882
-1.42877415701	1.38297198627	-2.13027647351
-0.0927591473316	-0.82016083643	-0.564563497733
-1.10416663958	-3.11775829678	0.411046809756
0.514871748624	-0.598836426771	0.613434606491
-3.07597650634	1.89190334247	-0.920332945806
-0.115708189351	0.986106787572	-0.119184807845
-1.37677765532	-0.32982649145	2.28736403832
0.571378202688	-0.18064733909	-0.800558235466
2.97423462001	1.36298414957	-2.50582650636
-0.491640765106	0.0989518824086	0.86515772149
3.18159326303	0.487430815148	-2.52191289363
-0.27974231982	0.596955269642	-0.751923294325
-1.13560965731	-1.95953401365	-0.943301163388
0.808992824441	0.417484328265	0.413808464941
-1.3559862774	-0.0277362963932	-2.73890944637
-0.627360800335	0.680164202775	-0.379203221858
-1.85370438889	0.395685794615	-0.993978219974
-0.686015305139	-0.00492281573644	0.727570455008
3.24874931952	-3.28100503656	-0.0236909583456
-0.834413735543	-0.508383188799	-0.212838556852
1.88650927444	3.10026213349	0.826819229004
0.937198908135	0.293692648184	-0.18815641098
-2.01733351395	-0.0487961368416	-1.8518919262
-0.708762791859	0.700344464225	0.084693189246
-1.18132990024	2.28132132227	-0.880846168936
0.286216627419	-0.14522376057	0.947095613734
-0.591698373564	-0.0869911023471	-0.67872640253
-0.993300620724	0.00161193104733	-0.11554773277
1.15642405574	2.70110923386	-3.2270324618
-0.852556679592	-0.452916077777	-0.260795196608
2.84006874581	1.5346554277	0.175161886069
-0.787724236717	0.476929786905	-0.389908329292
-1.10837543877	1.41375412793	-1.53148771518
-0.250357554985	-0.925758104021	-0.283360243334
1.2026415476	-3.25362265314	-1.33210405327
-0.429692125464	-0.229292575104	0.873378264165
-1.65506797908	-1.05219938264	2.00038201152
0.507822036033	0.0123928551358	-0.861372855888
2.44708557973	3.29837144709	-1.33045552596
-0.460177447625	0.745020650521	-0.482888130931
-2.53889953784	1.27678837693	-2.55559041296
0.891991345427	0.0690237516791	0.446751789461
-2.71387841361	-1.46450303567	-0.495218918666
0.975478859207	-0.111043464078	0.190027219958
-1.13453147807	-1.42777883949	1.82641633924
0.650002054579	0.403158946453	0.644174039323
-2.38763913903	-0.073051421644	0.376311722017
0.903541609105	-0.428410444488	0.00877790797514
1.43481662365	-1.92913704628	-1.83446126614
0.567139244176	-0.616226205381	0.546459826078
2.70899479382	-0.61623252157	1.1656663236
0.561502770736	-0.500880802888	0.6586600487
-2.49949913073	-2.28115954536	-2.99352657426
-0.441610476234	0.691603296892	0.571546207238
0.788573368475	0.546634552266	1.97389730119
0.822870813284	-0.567778864429	-0.0226005697481
-2.11720759977	-2.50752076671	-2.80560425329
-0.49726530521	-0.299644732813	-0.814211428519
-0.0222054289194	-2.41752607387	2.36548102191
0.114314812553	-0.791856099849	0.599913361047
0.969966593884	-2.56385937848	0.440847396371
-0.371573614784	-0.772789963671	0.514517949974
-2.02089014887	-1.78738616968	-0.767794951703
-0.435658184089	-0.554419259727	-0.709098886673
-2.10967090238	2.36738587362	2.37916523879
0.927561485156	-0.189239120888	0.322208389682
-2.01870048221	0.141865692946	3.20043518337
0.544040383765	-0.549596038765	0.634006510224
-1.41707822065	-0.98472127897	2.49625858257
-0.68830414681	-0.154123251608	-0.708860652596
-0.848438905355	-1.35771734692	-2.37989420019
-0.295744404554	-0.526492235864	0.797082914602
1.57677171161	1.68563896477	-0.297170836923
-0.342588345518	0.443197030541	-0.82837770228
-1.77727503633	3.2363288476	3.0781514908
0.231166756403	0.916950684564	0.325212811575
-2.19789693398	2.727842413	0.880820799673
0.2010209589	-0.923436825221	-0.326886836548
1.76034884206	0.12444174168	-1.70755238234
0.776120066853	-0.44450857547	-0.447269234535
2.28146307181	1.94701320959	2.92285194146
0.636612311491	0.61830363272	0.460896281851
0.486396659543	-0.0674700049279	-0.894581246158
-0.630355766481	-0.772480635447	0.0769758112906
1.25928818993	-0.668392003539	2.9747332003
-0.757594877218	0.479879814904	0.442453800143
0.786337828052	-1.91177805756	1.8490697746
0.00310916854919	-0.743165307413	-0.669100634381
-2.82620275688	1.190409575	2.08453528377
-0.434104774941	0.531095409554	-0.727661123274
2.17003054149	-3.22256089754	0.555378122482
0.150179164922	-0.268628284318	-0.951464693663
1.28215107838	0.797927150904	-0.414480955911
0.270956685885	0.459432243469	-0.845874983692
-1.17692038401	1.04853733268	1.15347842424
0.551697993043	-0.64912380982	0.523705646329
-0.31071806902	-0.89620744546	-3.23151087781
-0.449761223174	-0.00351879914401	-0.89314190372
2.45763410706	2.52308527566	1.69037755956
0.289081562234	0.670682880632	0.683093203014
2.93405444008	-0.926832559859	2.28045225555
0.703181593966	0.658510584602	-0.268140738931
-1.55539624901	-2.29571904746	-0.826368485629
-0.324714874561	-0.269742820354	-0.906531334873
2.4568433916	-0.775648191947	2.11223323198
0.602363789603	0.676483307763	0.423707681419
2.32196398323	-1.62479227286	0.0790616664532
-0.270286648101	0.683685205632	0.677878799977
-0.417476944996	-2.36959663693	2.85519334276
-0.104034308472	-0.628876130401	-0.770513903361
-0.243689760604	2.33721730924	3.00089264192
0.437787081919	-0.559818731258	0.703523602331
-0.905825434224	-1.53906556277	1.828002398
-0.65338646475	0.730444128928	-0.198840393776
-1.30098844179	-2.31256106004	-1.56368410555
0.579129551655	-0.495807592584	0.647135065915
-1.94990934466	-2.96684261537	2.5941758284
0.28682392746	-0.179896932098	-0.94094055522
2.05632813862	-0.284628921284	1.79756689034
0.522638619016	0.823001032008	0.222526796649
3.28812745927	2.19597769374	-0.366247447027
0.689892964899	-0.715569578232	-0.109580453056
2.98143070779	-1.56327502067	-3.11722874116
-0.0423323858071	0.841475975242	0.538633597358
2.61273207538	1.9865973605	-0.347889560578
-0.636091252792	0.254472358788	0.728444738285
-0.935525878279	-2.16467371383	-0.544667864426
-0.573454619114	0.363506326958	-0.734175013248
-1.77407704169	0.273767319	0.707742322167
0.581511322071	0.41746178846	0.69826229848
