200
-0.816746811587	1.73607447286	0.641701635462
-0.689392533298	-0.657118234966	-0.30485006201
1.3958169965	-1.05095315961	1.03881608323
0.0551244842509	0.723590824479	-0.688024425414
0.133448264071	1.24527276533	-0.947544470923
0.13154992787	-0.717126009192	-0.684415738727
-1.56843658879	-1.74166434338	-0.914120747772
-0.113686980124	-0.990806431842	0.0733340655598
-1.91081701447	0.443353512651	0.477587698505
0.501457564363	0.360518967681	0.786489914166
1.47563703034	0.347157719259	0.0973346162629
0.342320492183	0.693194188084	-0.634270051507
-0.915862235284	-1.38003284632	-1.82370210433
0.747381417811	-0.203913273249	-0.632329339272
0.586607233741	-0.151856040445	-1.44025348102
-0.339692810541	0.415657983402	0.843704471543
-1.96098669178	1.52359938969	-0.998167908194
0.475342598931	-0.730265701232	-0.490674453427
0.533300583204	0.070239046386	0.819176677726
0.48272969718	-0.45984299455	-0.745329765824
1.24268575095	1.62443330173	-1.72737984212
-0.229149165342	-0.70967421754	0.66622305948
0.684188348172	1.11892609144	-0.129548304237
-0.720702583826	-0.404102235794	0.56328426988
-1.37297080602	0.623394062618	-0.131914801376
0.231480522261	0.762181044421	0.604563332778
-1.91026596481	1.80991028048	-1.29822947951
0.476132555787	0.401935874462	0.782141510304
-1.23299249785	0.299040695184	-1.6934500501
0.992800035197	0.0137129294737	0.118995990175
-0.748425541799	1.26331641052	1.0250813083
0.189990184889	0.468485437407	-0.862800744427
0.7177975968	1.08260882056	0.864965636629
0.830187885337	0.491118354661	0.263800751996
1.81522504263	-0.360619255077	-0.841479842798
0.45637946751	-0.581509564493	-0.673471905902
-0.541717875234	-0.262050021692	-0.270905689975
0.0934108417429	0.993962278815	-0.057562165853
1.65910821464	0.0419706757836	0.0706941829897
0.686396921579	-0.621994062235	0.376805855305
0.555890630675	0.610483406414	-1.94018128772
-0.735139794088	0.622541502993	0.268349697595
-0.580401908492	-0.409610614497	1.35466360285
-0.894030541648	0.205185225648	-0.398256718431
1.48908525667	1.6968747087	0.678738333914
-0.531183826415	-0.700736907511	-0.476247340157
-0.71995236307	-0.166861085482	0.783720562747
0.748662553198	-0.440999311039	-0.494998978889
0.908781185982	-0.967616719265	1.52673462419
-0.401029248512	0.86576717006	0.299370588207
1.50580985752	0.343784702761	-0.764636180322
-0.632699766209	-0.774337135564	-0.00964397872324
0.670310787694	-0.751243657111	1.28925269285
-0.116777429953	0.981130279858	-0.154098688506
-0.122840495968	-1.74068437027	1.79086295226
0.362823193512	0.852879654945	0.375440573769
1.6519676222	-0.514345132192	0.237727254077
-0.476328921889	0.415990584108	0.774637071218
-0.739223198507	-1.56732595268	1.80400135547
0.0812116174474	-0.75083556626	-0.655477402837
-1.29521269237	1.65852975137	1.81624790403
0.493946527792	0.255430411725	-0.831127025459
-1.68474685393	1.22415516122	0.598652672833
-0.174791984692	-0.911669639031	0.371895457564
1.47628963753	-0.415737101566	1.3577437587
0.199060340215	0.913994210366	-0.353538632078
1.04484528673	-0.292174562016	-1.78883457698
-0.535547462895	0.153981430598	-0.830348501545
1.19484731879	1.2127151231	1.79518628517
0.0506568060874	0.568764711857	-0.820938847018
-1.32156871043	1.76902112298	0.102209278964
-0.30523242747	-0.427131779891	0.85111198313
1.98167315808	-1.3781391584	-0.509378915612
0.758407486474	0.385192344606	-0.525780317355
-1.82818829302	0.353044895505	-0.501864717042
-0.475430770175	-0.784404095857	-0.39834130739
-0.501209861289	0.25803548748	-1.4838705322
0.549642730899	0.832586499031	-0.0685024817227
-1.31743654016	-0.319078963442	-1.92340141985
-0.625300629549	0.737574322209	0.25491810823
0.170361867265	-0.155462912018	0.623849106418
0.388452169666	-0.693085819431	-0.607237152013
1.32692159611	1.82274091934	1.57566389282
0.127001541233	-0.0099518316069	0.991852594679
-1.40969949057	-0.388955072781	1.55576615509
0.498305774617	0.302248529684	0.812611334702
-0.243035134311	-1.81610702777	0.415174422767
0.136407806123	0.859967406724	0.491781424822
-1.31116775724	1.13897285253	-1.95211488951
0.151670205999	-0.131796559791	0.979604928244
1.35518838028	0.476663680008	-0.582074850892
0.70469250507	0.671332679131	0.229610337808
-0.129760337945	-0.295338319457	1.02366444392
0.7422605454	-0.365637957727	-0.561567597545
0.876749028694	0.44041011001	0.00292825540559
0.469301287378	-0.701097240041	-0.536860281333
0.0665669190076	-0.693972790147	-1.85860083174
0.687407094919	0.588819721666	0.425162111707
-1.53275339108	1.97165042535	-0.255792596049
0.668552406125	0.477289039194	0.570291901863
-0.418756975165	-1.79546597865	1.9360891528
0.693369670111	0.617068120458	0.37210943993
-1.10314900348	1.29537634965	-0.367417630283
0.782097642114	-0.304922297509	-0.543457147052
-0.376517123275	1.51188426968	-1.12323736164
-0.388829804408	0.918084711946	0.07701847113
-0.166393124027	1.41094417278	1.66130351682
0.844495766564	-0.32278439372	-0.427360662001
-0.0287319851861	-1.94597814953	1.91248774253
0.51674913767	-0.295228753303	-0.803623240045
1.56148797046	1.8265332928	0.54380661515
-0.623378786924	-0.748245831338	0.226995735419
0.917424624568	1.62217617659	0.966447559852
-0.559178556867	-0.125815638868	0.819444791646
-1.89623092812	-1.73270997329	0.698412262984
0.7247686994	0.324065573761	0.608022891241
1.31742639139	0.121585396295	1.09588276941
-0.998078849321	-0.0238668453194	0.0571750315404
0.5697175006	-0.703284488453	-1.14057406258
0.92353057495	-0.145970825858	0.354660112123
0.614884396046	-1.83048030155	-0.444709421885
0.298454543541	0.534577060063	-0.790665701984
-0.738562524321	1.33423096151	-1.64421181723
0.0209193220397	-0.550053602955	-0.834867304332
-0.908595800581	-1.53466620781	0.856801372639
0.765837698493	0.607829711235	-0.209846757676
0.127635200437	-1.48627030287	-0.249452447248
-0.00836062519139	-0.997780653922	-0.0660595686063
-0.349269835774	0.651788494631	-1.41124935898
-0.663295898222	0.369375907692	-0.650845596296
-0.259233176379	-0.640148708351	1.33131064758
-0.91840701713	-0.394248006555	0.0331218993021
1.9290938791	0.474919195832	1.69904207006
0.196193087156	0.30901662175	-0.930600343883
-0.984182864713	0.387964341175	-1.04277939001
-0.56349056753	0.497542587733	-0.659492042178
-1.34919869739	-1.11598287308	-1.27403639477
0.759294940352	-0.550023862743	0.347771396134
-0.617314538945	-0.504453199715	0.934052122356
0.20895559306	-0.667769651742	0.714437717609
-1.65860019862	1.24958937196	1.02884012962
0.585559202937	-0.363723839945	0.724448333638
-0.935762669735	-0.809283053355	-0.25011378881
0.0543045201282	-0.882421324759	-0.467315337545
-1.36366095596	0.187972990313	-1.13114391363
-0.758294737417	0.627839603201	0.17551787333
-0.765094110104	-0.282350766277	-1.77897140459
0.600002050747	0.539061458163	0.591109366719
1.41145503627	-0.67300400548	-0.692047696952
0.647522678229	0.272173463903	-0.711783665678
-1.75252456734	-0.589219685212	1.25574547389
0.618861513301	-0.0431008820808	0.78431673533
1.98259507724	-0.483412418279	-0.72534873047
-0.848315879995	-0.42458799934	0.316362448094
-0.284007168638	-0.966912697101	-0.880841332448
0.0647505550831	-0.904784028683	-0.420919501873
-0.348745413343	0.949677503176	-0.461859201445
0.504941817532	-0.608828389869	0.611851086945
-0.622882067062	-1.84130146484	-1.60182034018
-0.340606636933	0.859781225565	-0.38047780887
1.33648688036	-0.356572796982	1.22726996249
-0.224662835871	-0.668955474741	-0.708537354691
-0.468173010616	-0.694514919704	1.76920353499
0.634632830707	-0.7548337352	0.165732321506
1.81739196118	-1.27261956686	1.07573367208
0.670778985872	0.400085271949	0.624489653463
-1.59335139139	-0.392879432764	-1.93027088244
0.717216068436	-0.669178605282	-0.19442506374
-0.666722164402	-1.02221716896	-1.82199904863
-0.110943573869	-0.5877549399	0.801396065651
-1.37099467577	-0.943854208078	1.41251814192
-0.0912142653459	-0.287786201945	0.953340998682
-1.52616793935	1.29708244033	0.00288097158952
-0.887195656443	0.433785659029	-0.157206454093
0.57438359355	-1.30857315127	0.681584451208
-0.980960417716	0.171571898962	0.0909930896329
1.1838019296	-1.76620400755	-1.6748343762
0.32562990482	-0.134039892991	-0.935947900352
-0.496923241422	1.64481423316	0.204534584213
-0.627148583968	-0.757550426615	0.181113237401
-0.703626311712	-0.202017643299	0.201872929276
-0.274009234609	-0.0245881957371	-0.961412689733
-0.478396617852	0.802718623544	-1.47228831456
0.949562338734	0.246037650264	-0.19441409288
-1.48131456722	-1.85415067392	-0.29553386046
0.450296285907	0.295200263202	-0.842668416106
-1.00017789201	-0.560633155218	-1.49146905462
0.199214806558	0.878503118447	0.434218529922
0.717687567222	0.924128614757	-0.754665538986
0.0297573801884	-0.986825971203	0.159025158024
0.36547123558	1.75202782456	-0.606059004139
-0.364632144829	0.226347258259	0.903222186196
-0.459604873369	-1.25763140647	0.675907827002
0.616385132701	0.253682147515	-0.745462766486
0.720849341772	-1.24498488985	0.387388205588
-0.691195513489	0.702682818505	0.168776831081
-1.05800991332	-0.21076575666	0.260318739071
-0.649822016644	0.576769772898	-0.49504340795
-1.87505307067	-1.55798679023	0.0857499318656
-0.88090943705	0.459797726241	-0.112181168919
-1.33828913261	-0.278041073335	0.00891500054092
0.861219404158	-0.357451262352	-0.361288988131
-0.188864165126	-1.30890655127	1.87456453256
-0.824266547955	-0.0638975006931	0.562584897885
0.387796511308	-1.50004678261	-0.721785326724
0.436070875678	-0.871935502597	0.222644718547
-0.709130313328	0.978410585361	-1.41290241389
-0.378137576091	-0.76925544421	0.515032071916
-0.580672271583	-0.00358266084756	1.27130982023
0.729077608621	-0.67320361419	-0.123461469491
-1.05670625798	-0.330840523546	-0.269645708754
-0.583282335271	0.307553956632	-0.751792711537
-0.0320752070652	-1.42579115336	0.693485605897
0.838583058666	0.500298114448	0.215592788371
1.37163956734	-1.72294332716	0.27268186485
0.744946676617	0.1243328158	0.655435580291
0.714372916543	-0.12681111325	1.91470062315
0.0872155955891	-0.41092645834	-0.907487127028
-0.28116250336	-1.33872869371	1.33261555248
-0.441680455965	0.869846307969	0.219740245135
-1.27587561761	-1.14162774454	-0.354067468214
-0.801697763721	0.0772945898512	0.59271092619
1.42270377375	-1.15573566143	-1.16164873198
0.448533866775	-0.824940532331	-0.343933843164
-0.954271632185	1.86397719305	0.96261448262
0.00568483717389	-0.80013993496	-0.599786434582
-0.80436902554	-0.192116581391	1.44724141353
0.72001905679	0.534205186295	0.4429417307
1.69387666491	-1.19311639431	-0.625099458332
0.709005633599	0.680664598469	0.184409099333
-0.662973974097	-0.128960992482	-0.152946523181
0.901642396702	0.251893093514	0.351554914501
-0.50773083002	-0.0466946734652	-1.83642062406
0.506681316815	0.54336689621	-0.669347786501
-0.878860525398	0.478033584242	-1.21039297566
0.64405177606	-0.747390985418	0.163107402252
0.484601055012	-0.272348926575	1.80026735801
-0.799057547793	-0.244725327727	-0.549196275737
1.2870039021	-1.97730042018	-0.436450241549
-0.0977298260644	0.820355693448	0.563440695481
-0.189111408868	-0.141725732978	1.58753329874
-0.661895443795	0.575093183763	0.480793356311
0.651915291248	0.126322836498	1.08332070009
0.0102972289472	-0.819688568315	-0.57271687425
-1.88676085058	1.44352224679	1.86927296514
0.242224612601	0.857226317921	0.45441201229
0.347088667224	-1.2464340366	0.286243544684
0.744934809459	0.656783484653	-0.117079391622
-0.220313690926	1.13384715619	1.33507018732
-0.421479950582	-0.554533099891	0.717528879128
0.273223689902	-1.49202765564	-1.73529505206
-0.156434606572	0.725587797928	-0.670112349807
0.239645282287	-0.843022888391	1.14131566377
-0.948988965477	-0.0762352953408	-0.305954446196
-0.123943167901	-1.35111192268	-0.5434009297
-0.942673738408	-0.289792847988	-0.165488151152
1.76673962259	-1.48677560172	0.0821770465014
0.725158894793	0.471928782731	0.501425768516
0.69730414396	-1.6631524332	-1.31582443277
0.291308648896	-0.418808413204	-0.86008068465
1.22331288256	0.376837811406	0.00346656612862
-0.520796797375	-0.820565256297	0.235464128906
0.703656672622	0.385772601863	-1.01934547833
0.167563228	0.98218122025	0.0851035557981
-0.231240106566	0.421114244222	0.165921130459
0.135091681931	-0.9814514893	-0.136026510742
1.22511214088	-1.26809601477	1.20209358998
-0.770203815429	-0.633990850139	-0.0695822149562
0.975368038201	0.703211789383	-0.636961998464
0.712393855916	-0.488320728551	0.504021686162
-1.63282311231	0.179699778132	1.14704213821
-0.332930105678	0.659817499378	0.673645613247
1.13928707509	-0.609047171147	-1.86911590445
0.397048668334	0.251889858049	-0.882555298203
-1.47631261872	1.31898962224	-0.679544780192
0.874247996749	-0.238628535918	0.422784652071
-0.888939335113	1.10568569283	0.553496838687
0.651959738763	-0.447586844778	0.612057607921
-0.469499674411	-1.83959892723	1.34762129153
0.538613162682	-0.599620496499	0.591904655467
-0.904200311087	1.88629694806	1.67655512204
0.355891254896	0.810534714258	-0.465161145918
-1.07800078275	-1.35169112794	-1.52120524433
-0.33764175939	-0.921200560869	0.193358653726
-1.32548457795	-1.97487110156	0.530735558001
-0.838064941481	0.455788802184	-0.299839493171
1.32905537999	-1.96259608405	-1.04857210766
-0.369318434319	0.419944572743	0.829005699556
1.53642022976	-1.68850970169	0.455417052272
0.52643490655	-0.675035710621	0.516907224318
-1.2253132105	1.40187495468	-1.15872965595
-0.279634480334	-0.933407676159	0.224843651224
1.53570177559	0.637991833462	-0.222538648919
0.772771452608	-0.279104978832	0.570021659962
0.780110576471	0.356018572128	0.706419761046
0.430469422098	-0.726318988604	-0.535870136723
1.14124339149	0.494433987319	0.982610181194
0.700064919936	0.512807510398	-0.496928128761
-0.988211734719	0.358338609705	0.841744196228
0.834148668815	0.446483494222	0.323803161969
1.20744250623	-0.902945357237	0.973344684993
-0.202456673996	-0.635607674571	-0.74499273767
-1.96930110109	0.942828504887	-1.30266701292
0.258229605492	-0.907240825596	0.332011378148
-1.13685539538	0.578628862746	-0.580356332623
-0.079778498052	0.782310100566	0.617759093662
-1.95252236524	-1.97751412256	-0.834298396392
-0.978892420939	-0.148399721727	0.14052455593
0.346651481944	0.752904930168	-0.322487071979
0.507427596543	-0.721157311772	0.471645381557
-0.282641282927	-0.232459693985	0.373054146555
0.530903337721	-0.508436439134	-0.677963150442
1.94166763714	-0.581938895949	0.903819705518
-0.667550431798	0.486920874014	0.563280111006
-0.749572291968	1.17893481816	-0.36563558267
-0.713217870833	0.62754570094	0.312260567406
-1.38993758017	-0.0611940771327	0.620637732989
0.112325490088	0.786647361629	0.607098766856
1.87213986347	1.4227196824	1.07477294253
-0.774270196071	0.201616629925	-0.599880319742
1.49696423559	-0.0297264124351	0.316045209101
-0.631888127046	-0.243770147953	-0.735726518392
1.2481932859	-0.825799200181	-1.70496269364
0.300382012809	-0.518327571166	0.800691685576
-0.06208955735	1.20176625509	-0.292491524699
0.406152989867	-0.654185197405	0.63802936948
-0.759528519098	-1.22851645845	0.434912389696
-0.00211502860772	0.306601701282	0.951835554823
-0.894176579793	1.12354854047	-1.59582561086
-0.665660257979	-0.256445080502	0.700808348719
-0.558989201114	0.381525706547	1.5199347285
-0.555819054354	-0.287826646497	-0.779885248215
1.84679847923	-1.56847329906	-1.43975378897
-0.514390775644	0.655479747712	0.552945232616
-0.0629332463202	-1.46890955289	1.72168767241
0.967606521788	-0.244861459488	-0.061485645889
-1.88267044653	-0.650873146827	-1.80043873547
-0.461223052297	-0.626263203583	-0.628544108133
1.68458346293	0.696552005939	1.64620495259
0.439698114873	0.887092366133	-0.140473135245
0.114451649967	0.209615278353	0.989148445733
-0.752915645558	0.33440014833	-0.566828520341
0.663919799312	1.0344150087	-0.494712562201
-0.435952172877	0.420591980666	0.795643191867
1.24824821822	-1.78755159005	-1.91595714859
0.750123580022	-0.16416690276	0.640596474181
-0.563239282706	0.397996423889	-1.33830660701
0.537350235007	-0.232898152539	0.810563492566
1.56281716205	0.177704529025	0.937907535312
0.837156359301	0.497926622564	0.226358805051
0.0261080749504	0.630307714526	1.55846620402
0.727141542466	0.364323648626	0.581836279612
-1.701583914	-0.976010556546	-1.49246832078
0.876681764089	0.444779840143	0.183302968651
-0.442232157868	-1.8400403354	-1.42494450508
-0.160531378067	0.115051753187	0.980302387401
0.4643118029	1.30139694611	0.458631926985
0.984836044842	-0.0551144687401	0.164500334697
-0.367437930952	-1.09375950559	-0.261483436283
-0.56299280014	0.355955315364	0.745878623138
0.0503372470958	-0.536432284162	1.63698208202
-0.450121496932	-0.833366528193	0.320766063801
-0.233743773336	-0.966324496622	0.793350429443
0.48198415361	-0.874866654038	-0.0479542836607
-1.35235471837	-0.172136642091	-1.672878543
0.354476288407	-0.588846946643	0.726364808059
-1.26970233315	0.381745045992	-0.388912412137
-0.676571021388	-0.710734144438	-0.192636001171
-1.61661212421	-0.352475719447	1.82308250064
0.519012543817	0.455755321274	0.723127282358
-0.883281270723	0.350128082597	-1.84455318513
-0.95048615392	-0.2845264506	0.124983079316
1.76729031823	-0.33200460041	-0.643701534527
-0.859343449036	-0.498578608115	-0.113790193463
-0.497445629528	0.712025537842	-1.28981994789
0.640910133151	0.441847963507	-0.627697840023
-0.443124479262	-0.447102191681	-1.4007181792
0.112589907649	0.680901546718	-0.723668844412
0.781748773568	1.62146607593	0.262111333068
-0.159100626282	0.981219977403	-0.109061206033
-0.563295986828	-0.350413191974	1.14227305763
-0.595878533927	-0.796173752465	-0.105052980399
-0.0991040135253	-1.00697103328	1.62233787517
-0.739257440064	0.46595312558	0.486195559494
0.119747430167	0.912707430354	-1.81762717756
-0.564756643726	0.637064395995	-0.524594022766
1.27115647326	0.942889215001	-0.176597539327
0.669909780168	-0.0433728197339	0.74117453069
-1.21799125232	1.27196675875	-0.0907688856942
-0.38165055158	-0.137756879286	-0.913983533051
0.655677566266	-0.378954841977	1.78559292007
-0.714739955599	-0.689423992291	0.117649286965
0.513074333352	-1.81404217478	0.739156183491
0.407138719475	0.376205711691	0.83229040941
0.910338240263	-1.60385765119	1.77596288759
0.070117086958	-0.868462693022	-0.49077096995
-1.97197616691	1.46911809828	0.0704656123596
-0.127305611673	-0.175000796807	-0.976303232789
-1.54482287695	0.0254235827108	1.86287322356
0.165537243233	0.910718889549	0.378402596875
