704
-0.0261314060996	-2.07266475181	2.58214179109
0.618853094814	-0.231332883885	0.750670329687
1.91805901293	-0.693356755477	1.08406706914
-0.634263583195	-0.58090631838	0.510154443574
-0.920953382287	1.44815848383	-2.35666409384
0.730154927051	0.520217856919	-0.442997927587
-2.16782358138	1.03399630402	2.30181683126
-0.654957968325	0.741040561032	0.14794913529
1.43627821513	2.81933374173	-1.89888964457
0.793571067708	-0.407459036976	-0.451909386585
1.79780379674	-2.65102978824	-2.88525225983
-0.307150299382	0.245925219969	0.919336434486
-0.952922234792	2.22571117314	1.35455426774
0.411230500607	-0.860331238572	-0.301197004148
1.42390104201	-0.269363928321	-0.212382646865
-0.726608481931	0.570973094391	-0.382138508224
-0.916499419192	-2.2612018349	-0.143551412983
0.675589911456	-0.254413920949	-0.691991205411
-0.972633935628	2.56138684873	-1.33692218535
0.400871501155	0.413535916767	-0.817490113154
-0.249091565462	-0.481277177099	0.147423786276
-0.63748272671	-0.717840943125	0.279857380678
-1.52448109507	-1.72647846466	-1.38564439322
-0.658154450612	-0.439841312893	0.611042010513
2.21474590361	1.9695123217	2.22722611698
-0.339400724606	-0.813626102867	0.472037829915
-0.191204123136	2.0453353894	-0.221198193539
0.870388575334	0.14469523554	0.470624071569
1.36521118615	-0.480167389798	-2.68074667594
-0.195065922538	0.568545126667	-0.799190668619
2.36572261377	0.396698180774	-0.947971703699
-0.560868411199	-0.827667120096	-0.0198434782867
-1.98704566376	0.516832406044	-2.35049174938
0.777850679055	-0.580614673138	-0.240488923718
1.60865013671	0.537782609547	1.43918021649
0.449535890794	0.439096508841	0.777889284418
0.211795150729	1.52142975397	0.880799594297
-0.784854314762	0.476880344152	0.39571308035
-0.0159173232496	2.83388898173	1.12360685128
-0.279415054359	-0.73841142957	0.613739185712
2.83855581689	1.52989490915	0.877927028054
-0.195535644814	0.973702434978	0.116916122607
1.2426459284	-2.94784457383	-0.962737186427
-0.507218385084	0.675590060261	-0.535077172293
0.721539779315	2.12793006904	-2.51458811814
0.661055858035	0.340646333703	-0.668554581086
2.20525717586	-2.96612732143	0.47245192692
0.899811129363	-0.428726937888	0.0808278677388
-2.46917624661	-1.72953361696	1.8577501062
0.785453235786	0.085543440193	-0.612980859598
-1.75620596418	1.5649259679	-0.933831916131
0.6372603666	0.764069881833	0.100481047146
-0.23147765999	-0.266368697034	0.334557956031
0.45420548653	0.352368098921	0.818250633283
2.9631912078	-2.02144638324	2.54731736057
-0.572746409883	0.77798432186	0.258267196729
0.622482623533	-1.27601737482	1.29601597399
-0.717487693967	-0.378120451322	-0.5850096865
-2.93685177644	-1.2176587233	1.74182882256
-0.83184934727	0.0291311977347	0.554236444819
-1.34048091284	-1.06084658433	-2.0967047994
0.47238546893	0.287065226052	0.833333981508
2.56549815443	-0.0610061752443	-0.490265834146
0.563217533336	-0.730053199887	0.387050817695
0.584119816365	-2.87829876031	0.00675320128698
0.566595433139	-0.0960413762477	0.818379905175
-1.55996044105	2.01342461916	-1.85461015481
-0.875032836688	-0.0894436813625	-0.475728244466
0.750599851675	-0.198550481203	2.79351568221
0.64028745821	0.506164588432	0.57777969874
0.0174971352248	2.52347398698	0.228935937996
-0.641180757648	-0.519900444867	0.564438449655
-1.81206821738	0.21730175139	-0.316796005422
0.095718237484	0.0847252151685	0.991796177109
-1.07885185673	0.0657292365017	-2.77611570593
0.436562112444	0.278525151198	-0.855474875217
-0.312524999997	1.26275809151	0.116692503555
0.684018679721	0.282102231849	0.672708537614
2.44600296499	-1.27721420655	1.22832424591
-0.31997382994	0.739387860223	-0.592386985263
0.75256722343	0.9715860195	1.60660689317
-0.650189508797	0.634618179178	-0.417747973433
2.62245284772	-2.86987732763	2.23136307591
0.792361365583	0.48236445898	0.373480916574
-0.0035931276962	-0.506548576046	-1.50147718431
-0.661341205388	0.670492779535	-0.336254728809
1.13123901692	-1.07212762741	0.2237512651
0.49812416969	0.808979824524	0.312128106847
-2.62358477917	-2.7257111111	0.590292957955
0.514560889717	0.850986860024	-0.105111630374
-2.10728807973	1.46108275941	-1.99934860385
-0.532051159472	0.708221395189	0.464051741836
-2.76113941623	1.52291735131	1.87230302924
-0.162034884089	-0.427573082156	0.889340179995
2.52209038158	-0.723529530927	0.314148973285
-0.323380203718	0.678197925713	0.659903642513
-0.225378143427	2.97582864629	0.439673805958
0.937436256152	0.280459039131	0.206291039605
0.620879457225	-1.48341064768	1.20808315121
-0.303617509192	0.249120122458	-0.919649701081
-0.0623455111594	-0.835480716683	2.40793454606
-0.671379549231	0.653734166258	-0.349114795936
-2.00976788916	1.18450799774	-1.81889190254
0.00849770192744	-0.979009023638	0.203639683505
-1.47370511307	-0.830949002809	-1.46633544646
-0.825159061658	-0.32288041884	0.463530752048
0.628710073277	-2.56141956949	-1.39814821145
0.297865350844	-0.598094354717	0.744015709257
2.42605348055	0.0588402614966	-1.95546509956
0.466932908034	-0.60254837535	-0.647231886388
-2.43474269607	1.64822911345	1.09658670682
-0.430056798954	-0.428491756264	0.794635743273
0.726855310568	2.52142277312	0.595802084559
0.684583273192	-0.609830700077	0.399314737156
0.920100014335	0.584037706906	-1.55670150948
0.879308079336	-0.055400835444	-0.473020135984
-0.651686634653	2.16335338016	0.18703289615
-0.244947569244	0.899786242708	-0.361089193627
0.913224950633	-1.16023056946	-0.73080526736
0.73359894668	-0.479483029187	0.481589669897
1.37803599054	-2.96642047981	0.832580214099
0.707816217687	0.178139127478	0.683566129383
1.86550632181	1.27096839859	0.422907571456
-0.745773840322	0.319455828858	-0.584610427977
-0.823973287603	1.72054540276	2.71511052446
-0.46991199257	0.623506636024	-0.624837734194
-2.61816064942	2.99652328937	2.82173900593
0.672378661499	0.00367782982121	-0.740198222862
2.17044825445	2.0790629119	-1.8425317945
0.623016265394	-0.677804408902	-0.390425301855
-2.76881628897	0.149715610336	2.98755417579
-0.0662517036481	-0.56993512074	0.819014450368
0.948146177004	2.23155063197	-2.79404132967
0.567272755708	0.337452693822	0.751217212305
-2.21399463638	-3.02049997702	-1.44419759376
0.678705757396	0.72101981901	-0.139602705819
0.0298592627991	-0.962264054572	-0.577915837794
0.492851813355	0.612724354221	0.617791191113
-2.66691481284	-0.439895951329	1.66139566459
-0.0228428264007	0.578630954559	-0.815269540525
-0.396847564603	-2.93420074655	1.65380718077
0.53067802879	0.709392612099	0.463835047898
-0.950023869872	2.97041326721	0.354248796694
0.6470002906	-0.735289246307	-0.201842384618
2.69965073434	2.8596890779	-0.795077407036
0.614031224439	-0.0408736272974	0.788222685544
0.684310612323	2.37967090954	-0.170958370446
0.471290992345	-0.674821704473	-0.567891246373
-1.56697740462	2.74252564077	-1.85381371666
0.489268181521	-0.807927456778	-0.328435490066
-2.59879891821	2.83690995257	1.57057266851
-0.42764817013	-0.885054165166	-0.183837339261
1.70566959996	-2.88376389617	-0.573128939178
0.380873286874	-0.883369903766	0.273117470085
1.10363218228	-2.37538901499	-0.902929622914
0.789122406391	-0.382884068331	0.480297426549
1.72097727585	-0.346850216183	1.68675576858
0.491682406044	0.74304242701	-0.454022425933
-1.18283265039	-1.13509797247	-0.61810504128
-0.49086046363	0.289060334494	0.82188814827
0.313321525789	-1.3169126533	-1.96242130147
0.653862354296	0.61307913253	0.443393728971
-1.32841547418	2.55204775921	-1.51674508828
0.837489195977	-0.395877557791	-0.376686614918
2.42621903356	-2.81690941584	1.77882119257
-0.0827168738359	-0.869487484011	-0.48697991122
3.00367299806	-1.66050778711	2.05003976954
0.924533105353	-0.187996596803	0.33150537959
-1.62659526405	-2.35553519938	-2.12551949433
0.748331395617	-0.66314071289	-0.0156370470979
-0.109933294937	1.86826795168	0.0461141738631
-0.74295241343	-0.583351870351	0.328210765723
-1.86489336678	-2.72788599715	-2.2459058391
0.833328591575	-0.197992911006	-0.516102960323
-1.81627917398	0.790801996985	-2.34019167004
-0.430356040579	0.779395459323	0.455342065183
-1.96385524523	-0.684600723238	-0.606529612996
-0.731088574699	0.57840436939	0.361881032131
1.77528045201	3.01189915454	2.55860051511
-0.722154185541	0.125928472508	-0.680173031013
1.8940353781	-1.01828604992	-0.412668110327
0.804616156114	-0.0876354260214	0.587292834476
-2.28444436146	2.31850814791	1.91557166155
0.186539106618	0.933199028019	0.307152626242
0.318928970929	-2.50274761843	-2.54182065215
-0.664181815538	-0.448011134434	-0.598455127249
1.44187281262	0.118978684357	1.58274906386
0.636952026601	-0.415419093434	0.64939902419
-1.80523970544	0.615861570312	-1.8509305327
0.371634008932	0.670090012421	0.642547693684
1.73144412507	-1.3083713015	-2.28233117087
-0.914651758522	-0.262031854588	0.307817263669
-0.739714212884	1.26574104675	-2.18889887955
0.752963468005	0.65760741017	-0.024464462771
2.03318593637	1.67493233555	-1.47882135433
0.38686783159	0.887613537539	0.24995097291
1.8953866125	-1.78622662666	-0.159329210093
-0.520464259454	0.606011155992	-0.601554181637
-2.61226081069	-0.334833710644	2.90099925806
-0.737271724809	-0.666959553233	0.107681744728
-2.10078491959	2.33701080978	1.6288201731
-0.228875187392	0.515250217657	0.825913652751
0.610273045822	0.556952692536	0.9465589076
0.358750534693	0.50111628221	-0.787515412904
2.71978192166	0.265541093706	2.81721839936
0.337473666673	-0.547417853343	0.765797112911
-0.989554542137	-1.24947230691	0.660569141457
-0.487190138066	-0.587251244768	-0.646360383138
-2.78613831148	-2.3097557798	2.47136949736
0.477114897263	0.750996897818	0.456470189911
0.990668995513	-2.76183782717	1.7562309557
-0.560534509894	-0.806911298642	0.186266527701
1.39941607203	-1.46650771811	1.10353811688
0.531543548405	-0.363729654955	0.764958949393
-2.0869706521	0.797884196981	2.85002032048
0.65500843118	-0.479273386954	0.584175466482
-1.90920584869	1.34861975264	-0.952068054117
-0.733741736642	-0.578146515344	-0.35688887725
1.79783730985	2.28897952863	-2.03861540346
0.534719720191	0.692955170676	-0.483619635947
-1.28545096597	-1.52577512397	-0.823806647014
0.795432121642	0.413671664118	0.442903481773
-0.425613248705	-1.20083910335	-1.97410400426
0.62104837915	-0.678172998423	-0.392912579291
1.06898011387	1.61790005067	-2.56041598681
-0.347484299345	-0.424479923282	-0.836104931476
1.95029927252	0.918412735841	-2.37464438239
0.452596417987	-0.51073460224	-0.730962822926
-1.6768014055	2.02069786305	-0.524579813622
-0.312254312332	0.00903920138944	-0.949955544891
-0.505356426874	-2.63857977971	-1.75523412367
-0.578643666516	0.601367295829	-0.550934553925
2.3885672912	-0.324523149169	-1.02916552702
-0.352799823496	-0.523075652737	-0.775837706003
1.04314649038	1.39268778485	-2.61744813266
0.309613486054	-0.863697770898	0.397700452349
-0.862777579139	-0.664693775541	-1.27222476094
-0.203182942789	-0.749522518025	0.630025941317
2.50188434497	-0.0876390137107	0.741643761209
0.374690823056	-0.692277186277	0.616732587496
0.811554483861	1.73403403758	-0.0515999449788
0.0905188071703	0.679311246673	-0.728246232872
-2.34159660823	-1.31355881087	-2.54152648987
-0.749141378979	-0.101222663329	-0.654630557437
-0.653973711892	2.46905567528	0.224887941764
0.0487230948998	-0.835082840012	-0.547962325658
-3.0156060352	-0.0665916536377	-1.57339743312
0.147678848893	-0.817100206322	0.557259553905
-2.53459774951	-1.5039709975	-0.690936332251
0.410934955601	-0.718601707757	0.561020541402
0.911847717924	-2.99566254883	-1.59526946328
0.758442797161	-0.563583274198	0.327320052059
2.56307552168	-0.240881427372	2.65193314826
-0.0420792903877	0.858254195356	0.511496890972
1.09641338127	-1.01302542254	3.00049678844
-0.242287336931	-0.759528576244	0.603666454453
-2.03403853683	0.715445281643	-1.51060606503
0.594130751635	-0.759589411756	-0.264636685875
-1.10168540095	-2.19596576696	-2.7574850126
0.664387917771	-0.52453130106	-0.532405492954
2.34070421202	-1.82541225711	1.033791637
-0.67353183997	-0.538109262799	-0.50674774971
-2.6664547017	0.106064771362	-0.481234522179
0.135492370729	0.691708961444	0.709352190475
-2.17214210915	-0.107506877696	-1.03730832639
-0.910876438014	0.263225700227	-0.317830686704
-1.28835584682	1.44754163205	-2.05137146763
-0.23903949846	0.570666646474	0.785620580674
2.80883822644	2.92281204442	-1.37270844197
0.6116465525	0.623274376948	0.48725511373
1.04269706612	2.07755125812	1.64355988591
-0.0608781056764	0.560999968351	-0.825574279977
2.85701324445	-1.13189598873	0.432186425695
0.594852235028	0.135798066837	0.792281328523
0.895562882487	-0.236434385293	-0.0819717764858
-0.789290791821	-0.411077536132	0.456108874321
-1.23621097774	1.38615678625	0.209114809375
0.65480568465	0.173751117999	0.73555425656
-2.53917303948	-0.443196245911	0.040895541977
0.192395687568	0.640294310335	-0.743644468518
0.289921002034	-1.65697650735	-2.91580715938
-0.856784719579	-0.0633225592474	0.511771626594
0.908260820205	-3.02139595748	2.80220073926
0.428776776302	-0.885131987623	0.180808850974
0.246147931754	-0.24225753776	-0.231213728753
-0.915750806245	-0.211140858185	0.341789407189
-0.697977323506	1.67779429816	-2.73546829206
-0.993850624245	-0.0200671102111	0.108895581983
0.356331255875	-2.29907282699	-2.40022796376
0.163888157602	-0.377136645592	-0.911541892811
-1.57315249914	-1.28729188472	-0.244591980945
0.893683298737	-0.442055821038	0.0769208206283
-0.321632578296	-2.35960323081	-0.940577046736
-0.768136517058	0.0796539862948	0.635312154479
1.61712046824	1.91532128584	2.52045591298
-0.861126588524	0.0235723654175	-0.507843816665
2.79082620879	0.295081987978	-1.99492547446
0.0376545323748	-0.101740884257	-0.994098047811
-0.2335211642	2.15497865192	0.568190268671
0.926431036596	-0.229085317776	0.298739772396
-0.555886724957	-1.61128553581	-0.32378234083
0.443849611474	-0.624528707247	-0.642620740576
0.789759506535	0.137168232526	0.0919819381833
-0.25898795665	0.592091138862	0.763120777853
2.98857958179	-1.73014354462	0.532761135427
-0.663150091157	-0.464389522763	-0.587004538097
2.02316349106	-2.09031512364	-0.555171633104
0.677338925776	-0.269117085272	0.68468092864
-1.5492196778	2.38368196058	-0.0239759127284
-0.627676878163	-0.659915606679	0.412956569969
-0.0725870044199	-1.20149959742	-1.27306195943
-0.438129376452	-0.880245780988	0.182236150485
0.586973746696	-2.28004609872	-0.512420122876
-0.0521350471632	-0.729361555036	-0.682139031937
-2.11350645574	2.83183984389	-1.97138329336
0.604079118987	0.378368480509	-0.701374159034
1.92392968036	2.39430632594	-1.29716396522
0.796325932878	0.234053661675	0.557748950768
0.519656737031	1.81441400764	0.85447281444
0.522715946888	0.164646702861	0.836456515371
-1.77718678456	2.28696406685	1.7952461086
-0.62505706034	0.423015995501	-0.656019160444
-0.114516183853	0.152143991062	-0.456317598404
-0.651091320521	-0.240156310447	-0.720003499224
1.16059976966	-1.64129533929	2.00184172169
0.981954416706	0.120629424658	0.145650490622
-2.18645380614	2.32093705475	-0.732089156521
0.499815133386	-0.836650811205	-0.224054128615
-1.8561631401	0.501988532752	1.37364711256
0.185968206686	0.409016224378	-0.893376490791
0.631607297932	-1.9227264027	1.62910716405
0.701437559579	0.0390931106709	0.711657978744
-2.61192079184	-2.74777155087	0.833765371765
-0.378477601098	0.636769751647	0.67177301885
-1.47557524588	0.0145664798852	1.47573348008
-0.635391508405	0.617647589683	-0.46345343456
-1.92849782508	-2.01012152345	-2.28294314821
-0.820726928282	0.523666582102	-0.228430777223
1.8743912469	2.31035926351	-1.01641426358
0.187893807158	-0.945252335563	-0.266821924406
-0.484513270738	-0.790977855768	2.10744143188
-0.655056687715	-0.285271728357	0.699657614037
0.204008833941	-0.242199949535	0.729265620478
-0.435974655524	-0.826686137514	-0.355691059466
-2.89095464484	-0.52895371985	1.53581420244
-0.405806910845	0.703524296817	0.583416073569
-0.61943463161	1.68990210184	2.19701135482
-0.0213542782896	0.99885413506	0.0428300323614
-1.69294913833	1.23028278531	2.54808683195
-0.792248195113	-0.000770454982229	0.61019849536
-2.53441720131	0.177263803214	1.96559291644
-0.815074502205	0.376721652419	0.440152646765
0.248854586385	-0.227041985348	-2.89869987781
-0.366532708082	-0.880403445704	-0.300904547488
-2.58331223713	-2.06604935851	-0.232107285392
-0.401126685615	-0.884397087061	-0.238619308702
2.49603044311	0.147640337823	2.09878320746
-0.674593200744	0.622453183404	-0.396832518805
0.785525288485	-0.503185277452	-2.9615987823
0.710200073212	0.523205130852	0.471033169808
2.72040703153	-1.8558549694	1.81797691805
0.990917055812	0.0288199434184	-0.13134991192
2.4969422648	-0.253046228731	0.164774940764
-0.962382613485	-0.202442224091	0.181209412466
2.89075502551	2.94313805148	-2.95331540216
-0.708430963574	0.475556223587	0.521509202275
-0.935719536977	1.60325111133	-0.848743353845
0.976522435418	-0.174744479078	0.125969441365
-0.824949691337	2.45416417638	-2.39371437986
0.619044838443	-0.586994452933	0.521748023688
1.60104345415	-0.371226859753	1.06326437991
0.506337473444	-0.670177349824	0.542664429247
0.603970869933	1.576599938	-0.563354747921
-0.925379064303	0.343494581022	0.160265592559
0.256433758216	0.371906427557	-1.14485551849
-0.57955744293	0.297957238776	0.758508176755
-1.21858264968	-2.11792164031	2.06927936317
-0.609490091904	0.20493054223	0.765849398206
0.418490164785	-1.22598124698	2.237702297
-0.628891586092	-0.715031489578	0.305328252631
-0.957358260195	0.987081059226	0.173980822397
-0.889677908017	0.183348055764	-0.418158714407
1.31640897789	-0.530610586247	2.60806724435
0.556995473738	-0.0505232005006	0.828977350985
-1.72563299079	-1.45104866586	1.24278751534
0.502113042229	-0.0139564173176	0.864689372688
-0.803335794965	-2.2032460434	-2.44255056369
0.725452507068	0.49653517501	-0.476625093723
0.86183668227	-0.390406971601	-0.317479114402
0.532754572445	-0.503259430373	-0.680369393256
-2.64543828273	0.38684927013	-1.50535745416
-0.918164613448	0.230938604793	-0.321933383526
0.597425833182	-1.62526345694	1.91150279307
0.718377211954	-0.689729288286	0.0905963035925
0.141003404843	-1.7495394401	2.71446923018
-0.97515964639	-0.0705948683872	0.209952443685
1.92738830565	-0.901146343616	-2.47254879552
0.743653466674	0.453429899634	0.491305248925
-0.573519573963	0.578538386724	1.46996281296
0.411685836334	0.282722126718	-0.866361916999
2.67945065019	1.29720650395	0.134741731253
-0.502044116176	-0.850407637003	-0.157348518709
1.17543130664	0.649764125573	0.258611940916
0.726935885517	-0.646384670439	0.2318427833
2.97003718799	1.83707254436	1.54557825955
0.39020082693	-0.10424074743	0.914809915359
0.217429926403	2.58929891087	-0.848118061171
0.652900448072	-0.701168365474	-0.286502928722
0.357018231135	0.84254910524	-2.50528709921
0.093879254234	0.837704254405	-0.537994672628
-1.40821321161	-1.25856659894	0.0728205443382
-0.839447967473	-0.199180895265	-0.505622468713
-0.0906569723701	1.88096883065	0.804433452081
0.0451547405362	-0.937477003813	-0.345105660239
-1.30272808592	-0.595035806893	-0.457180742126
0.649769383906	-0.428345663335	0.627948835846
-0.398462192016	-2.7607230669	0.148473006168
0.668460389622	0.597550547907	-0.442825078561
-2.19350014985	2.23767232939	-2.10968397185
-0.0821916940348	-0.74824187039	-0.658314992102
1.75643659786	1.19628246247	1.09413500529
0.297457354023	-0.0862505846259	-0.950831193845
2.15724583138	0.255974292179	3.01788140383
0.0438485455324	0.386989328961	0.921041022064
-2.31851697942	-1.10229322834	1.85599529131
-0.709790793157	-0.693334961417	-0.124433360586
-1.27435007772	-1.73606565646	1.49094496217
0.319182386714	0.663723312083	-0.676456923247
1.62227900615	2.61628485208	1.26108652052
0.908638874784	0.159522652616	-0.385911801495
2.22098452332	0.214298759826	0.195105511638
-0.517114103339	0.0739791072801	-0.852713372602
1.28096466212	-2.67994288829	1.12035475144
0.567240701612	0.796000964111	0.211235535761
-2.91092829718	-0.28234580437	1.57074593272
-0.862329523696	-0.317274995759	0.394619271739
-1.35759470828	1.81616305597	-0.777042801066
-0.468340777742	-0.643527412193	-0.605416704147
-0.931652325742	-1.80187212805	1.33032047665
-0.161184441907	0.038813945846	0.986160764427
1.73981782998	-1.73635636016	2.04683159763
0.340194434479	0.569090689488	-0.74860105122
-1.60734370834	-0.500518993261	-2.52854711511
-0.505866374275	-0.709937062122	-0.489988345988
0.76921341043	-0.0173379950203	0.317896661622
-0.136476225932	-0.595989609134	-0.7913094373
-0.956893562023	2.82939243092	1.750740109
0.513329919286	-0.607564680534	-0.606100282901
0.758780025323	0.858799884702	1.43823159171
0.896326267688	-0.00570755198018	0.443358371639
-2.25138727708	0.836800982648	-1.24134368804
0.718325245356	-0.62360455136	0.308425364403
-2.13477313684	-1.29881532262	-2.46733317019
-0.615737278299	0.175044924924	0.768262245832
-1.2122492267	-1.34156683012	0.871613748986
0.551615453139	0.59296981319	0.586606505679
0.0904835982289	2.64324431715	1.28883324833
0.242628287545	-0.722262200766	-0.647664131651
-0.908383587319	2.92139846824	1.42907668451
0.498698975308	-0.861024367063	0.0996813490623
-2.05221949109	-1.76737988072	-0.811047463486
0.926946292011	-0.0972045193618	0.362383571845
-0.980701039475	0.283047429789	-1.16997796195
-0.730029649319	0.167230569772	-0.662639153423
1.57050062537	1.11384317134	-2.55750893311
0.787012430819	-0.614063151347	0.0594800798181
-0.177331467297	-2.55674904403	-2.81394061633
0.842696376118	-0.1278535758	-0.522987840043
0.393449264634	0.62539367081	-2.53122092675
0.480749725184	0.549636853229	-0.68321228861
0.348417077878	-2.78598634119	-1.81822654693
-0.105669408896	-0.424792470452	0.899102515329
1.74032221973	2.4739619315	0.620591832299
0.496441452096	-0.856355865267	0.142128521644
0.662357882675	2.31315356878	-2.92232524326
-0.748995368226	-0.555018376773	-0.361884705149
2.76500564355	-1.36184666301	1.17996330194
-0.69176660793	0.213165528954	0.689941604354
-2.68355473851	-0.847097196305	1.34033660402
0.519678515826	0.681405710303	0.515383835753
-1.33443061191	-0.620228583975	-1.71869531672
-0.356758166534	-0.566828549761	0.742582659228
-1.89057500525	2.67280824753	1.74941690688
0.42600137569	-0.625341275188	-0.653812754125
0.0770084522711	1.45030070028	-2.09011712335
0.284686624454	-0.692196400346	0.663187506823
-2.24238773257	-2.93371162335	-0.0171533516708
-0.655658782895	0.753953445678	0.0408137496869
0.620631863508	2.97186103873	-2.36945689779
0.648721344919	-0.582752873638	0.489448367976
0.823008849419	0.481129459704	-1.70146051505
-0.911452626882	0.171844892185	0.373795989785
-0.921714980198	-0.937321513427	0.716139648373
-0.799747221116	-0.0125539589644	0.600205615128
0.515293739036	-1.6458838018	1.43483506818
0.44668718413	-0.89342783532	0.0475106578479
2.74728541351	0.134460221517	2.97550827781
-0.901749051583	-0.0473664031554	-0.429656923394
-0.445158402485	-0.0876609558374	-2.96925387683
0.57572003244	0.601637198845	-0.553695877909
2.14316263876	0.249307751157	-2.39238582868
-0.0484011107388	0.955142678175	-0.292163989581
-1.0762873455	-0.298942763079	-1.2889301136
-0.597749316579	0.193330756765	-0.778022475908
-2.70554231012	0.51108626015	-2.52897228776
0.128103752781	-0.898920667036	-0.418964274013
-2.42529698	2.18841305481	0.5451972401
-0.439383140462	0.305395446307	0.844793511607
-2.2246377745	1.34552071775	-0.260136073695
-0.688544056207	-0.000757562659009	0.725194117986
-2.21760289878	1.95404296004	2.47114392476
-0.152106800177	-0.928701261367	0.33819741051
2.41081768043	-1.79130237872	2.69068260593
0.968483230171	-0.244940509217	-0.0452148186156
-0.564580749207	-1.35197552017	-1.42886960379
0.709316785759	0.463243120289	-0.531296065246
1.62704256942	2.38872356025	2.68728266346
0.993742020024	-0.0693502099381	-0.0875633828745
0.653680252845	-2.84621987425	-1.80665861065
0.38486409033	-0.734496225891	0.558923005544
2.41909727097	0.486640960767	2.98945485782
0.145949795224	-0.989271331207	-0.0063945700124
-0.0746465058724	-0.741687569384	1.01306655196
0.233379707519	-0.648709396238	-0.724368712294
-0.194634271113	-1.64211732202	2.63636804332
0.149110269546	-0.268857113689	-0.951568168832
-2.2491511906	2.89482598803	0.125317015791
-0.290821580517	0.332066447149	0.897304119562
-1.66172655473	1.14099500417	-1.26791944474
-0.965525468397	-0.0753988910321	-0.249149708223
-1.71812625394	-1.94813314423	-1.27662023593
-0.21518039881	-0.437856161732	0.872914301407
-1.94423667672	-2.24460786466	1.2531520194
-0.933727622704	0.150790955724	-0.324676476314
-0.240536144305	-1.0122713704	-0.92136649367
-0.914594937039	-0.0237495245979	-0.403673210932
-1.71639462686	-0.763160987024	-0.336107598366
-0.135916157353	-0.693899916323	-0.707127784985
1.13225108093	-0.503275280272	0.149874510074
-0.894678079824	-0.429180834603	0.123915070479
1.17227498349	1.2571184067	-0.48192671853
-0.834894227076	-0.549967532415	0.0220758439358
-2.69213765497	-2.47783822561	-1.90640865161
-0.539394581212	0.83829125378	-0.0795063494058
-2.00729731337	-1.57005201676	-1.33160063506
-0.201812579391	0.647191094123	0.735129492326
1.55197481184	-0.214670197917	1.68752531195
-0.199237635029	0.0676591816581	-0.977612704462
-2.51752915602	1.88440981591	-1.46390958105
-0.79299247632	0.407220061213	0.453138780337
-2.05561589368	-0.690755632019	1.2804695363
-0.30025210022	0.825111537874	-0.478580846232
2.86828286518	0.0744902806953	-1.38072990572
0.629767259683	-0.491783172576	-0.601284050846
-0.304037727681	1.96158398501	0.210984935512
-0.0975938076137	-0.523029629914	-0.846708600965
1.77272684589	0.650635409326	1.36391317696
0.88820021141	0.280075098473	-0.36422290382
0.777175849482	0.98214014463	0.576762089499
0.653722548666	0.73644726945	0.174046685363
-2.45309796156	0.719054982063	-1.15203689671
-0.129166930447	0.7186908032	-0.683227219506
2.99971205568	0.791797555512	0.866238837814
-0.818218064451	-0.570378571287	0.0720241933134
0.15948638411	0.83164355247	-2.54586828744
-0.80049309853	0.395367477155	-0.450439071589
-0.760668704839	2.49502241065	-0.84037990541
-0.669373785961	-0.717404899259	-0.193051664555
0.212121825433	-2.00374561903	0.117972163357
0.416988695125	0.88969652607	-0.185904598217
-1.24354329998	1.0596307099	-1.15469190459
-0.4425005196	-0.875205079735	-0.195472142668
1.39445909999	-2.76390311225	-0.151117393771
0.740677351475	-0.629249446893	-0.23546166269
2.02029391258	-1.6002763518	1.92322081647
0.54349475599	0.834591700448	-0.0898339788473
2.08097407695	-0.556742761552	0.884683145722
0.33793828787	0.40390966661	-0.850090992077
0.163352138832	1.50743370639	-2.43772464156
0.635193303017	0.202346907299	0.745375876259
0.398474890835	-1.87966445716	-0.42928076208
-0.619183574155	0.762176677263	0.188940239581
-0.968520985373	1.59336899875	1.20805902941
-0.642800304588	0.714456320755	-0.276333013148
-0.890918446095	-2.26086318358	0.470974099562
0.574607467572	0.557253175924	0.599412342326
-2.75888545802	-1.75866647407	-2.50460828819
0.698925292501	0.699152780049	-0.150628103795
-0.248415225525	-0.537337860018	-0.0602039303274
0.776988656457	-0.616839264291	-0.125689895241
-1.91929092674	2.03256451606	-2.4737948439
-0.191228308332	-0.855040439158	0.482014088483
2.96978985741	-0.959653927105	-0.124672818414
0.846973483441	-0.186602318069	-0.497810700206
-2.00192165822	1.83560063992	1.32317045966
-0.494867862971	0.373638978376	-0.784537897133
-2.66514735477	1.32575466945	1.83678035546
-0.0396061981801	-0.885399507314	0.463140433901
-2.84957224582	-0.570467491336	-0.645107538742
-0.903115818442	0.329831026466	0.274942380257
2.99166023302	2.32212063443	0.281515513417
0.752071470555	-0.617818635876	0.229540053892
0.0303956550766	1.66513809397	1.27278820717
0.789724206071	-0.468601443434	0.395914593765
-0.152928525823	-0.195914475525	2.74763062915
0.686748773658	0.0120374081853	0.72679517244
1.03350515349	0.341188683322	0.473167970006
0.758310970293	0.116859969997	0.641333158152
-0.333489373336	0.762150925214	1.85154907424
-0.752060046216	-0.229514628397	-0.617841988082
-1.17055621601	-1.0313239596	1.8499752146
-0.986531927767	0.087996277814	0.13788187186
-1.86921253132	-0.00979843895196	-2.57164086118
0.59173167841	0.586182912277	-0.5533924594
0.867690507927	1.46152893488	0.0571229549196
0.692115114696	0.714182191665	0.104501029263
-2.42115561408	-1.41255199605	-0.065243557055
-0.786591685951	0.0157746123635	-0.617271966962
1.94619004917	-0.472014279062	-0.343589234676
0.862104654893	0.214044259846	0.459304494686
1.23425182304	-2.91344939567	2.49517266035
-0.641750137631	0.72658179951	-0.245429520375
-0.102551864049	-2.91264345419	2.03103191441
0.2689890679	-0.632876041977	0.726025341735
-1.16115413248	-1.53254558961	-2.99308247759
0.397827439606	0.881682408514	0.253711369106
2.77688134581	-2.14337618952	1.43929754463
0.612343153943	-0.347187215683	0.710279451403
1.80196023397	-2.18756362302	2.30936350453
-0.278091427564	-0.91890305467	0.279789803305
-1.57746430064	0.766482963854	1.16496960661
-0.16589351597	0.520825506675	0.837388877975
2.31878736842	1.88718037849	1.40117610031
0.451434769518	0.0243818261073	0.891970949878
0.101931024126	0.0843200464637	-0.0780508331458
-0.959571703733	-0.157092866797	-0.233546519129
1.61565652643	-0.239086896868	-1.38173327401
0.400042557894	-0.141269996541	0.905543339632
-1.61926440232	-0.127577377076	0.713072111061
-0.398766878258	0.879435138591	0.259959254147
-2.41671787266	2.45048857975	-2.68887679977
-0.74346015408	0.160321693428	-0.649279565297
-2.75574134046	1.23688509574	2.66575759989
0.334754622545	-0.418391557901	-0.844326860264
-0.154167621572	0.987518667539	-0.329617353053
-0.133574232048	-0.0970141058447	0.986278960437
-2.67814952055	0.235223917919	-1.29037861708
-0.415442525654	0.904752811592	0.0939673230128
0.146180791401	2.25301725258	2.84151524262
0.483194062074	-0.818855016708	-0.309838603128
-1.53337295984	-2.81894916286	-0.197200634848
0.669393560892	0.49574698021	0.553305695118
0.68595052476	-0.584365504556	-1.32676828369
-0.138295893891	-0.582309723173	0.801117739182
1.36948471421	-1.19808811117	-1.06077718544
-0.862268786072	-0.10248381806	0.495973394046
0.130695627956	-0.248330178467	2.70520283405
-0.633311603576	0.563357142707	0.530608275979
2.3816052964	-0.522184390539	2.62519522984
-0.258892108841	-0.95545234997	0.141723967332
0.664627307931	2.30435002937	2.4897762771
-0.685194957926	-0.677755461136	-0.266749703902
1.40804254907	0.270215724125	1.74286761085
-0.397145594323	0.751214573632	-0.527211571641
2.68161003282	-1.6196161438	2.13856357233
-0.719482205578	0.182260937814	0.670168864096
-1.76204804962	-2.77474027869	1.56423042636
-0.231361462888	0.615394508401	0.753499484087
-0.764866517869	1.38225232266	1.53527547677
-0.858165745708	-0.513363012098	0.00315764203057
-1.43843478423	1.60758531461	-1.55543016555
0.618046108659	0.564881777435	0.546742704655
-2.93519121414	1.51554349989	1.18526482191
-0.546194171193	0.721352770629	0.425819336879
-2.94044791031	-0.73314380081	1.40576677126
-0.424529947958	0.579540047638	0.695634714826
0.884635751852	0.1787245916	2.70263453238
0.278061881627	0.150758946229	0.948658700544
0.124338648521	-2.56114883294	-2.76012603229
0.559932582127	-0.82421938163	0.0844861788601
-0.787543500466	2.47620512708	-1.62185000788
-0.551354944172	-0.254770466979	-0.794417858996
-0.925123884789	2.60417474157	2.12771278444
-0.580863904237	-0.697869820592	-0.419016513114
1.98982779752	-0.531499471601	-2.62550369021
-0.473559020902	0.530396436443	0.7031511032
-0.922364007741	0.0900095072494	1.65950048002
-0.0464938654651	0.646074520282	-0.761856964736
2.32348301041	-2.96944539926	-1.98340918058
-0.610002846177	0.76741062645	0.197427095576
-0.361427687696	2.63038946788	1.2118711656
0.54278653329	-0.260799778462	-0.798352212268
-3.0079642845	-0.909928581971	-0.665268466733
-0.191387438156	0.932843107772	0.305245122481
0.810210927455	-1.06619806485	1.90931361124
-0.0213376101704	0.944209115489	0.328654609916
-2.86278441794	-0.636033387341	2.48999565073
-0.175504401525	0.761583718167	-0.623849697658
-0.709875217306	0.477754759059	-0.913350204359
-0.923185455573	0.176084010727	0.341647531507
-0.586672948015	1.35339263609	0.0607787871661
-0.521363846545	0.494120524665	-0.695718798525
0.109815534094	-1.39158107464	0.558153478317
0.0225234368356	0.679338781786	0.73347904834
-2.41051407838	-2.62121095798	1.44975643711
-0.859454197338	0.272603907623	-0.432464556036
-1.85677432419	-0.4200540362	-0.749591875974
-0.51063798945	-0.859340244853	-0.0279854838341
2.84341110975	1.80846390575	0.160214066451
-0.809898175342	-0.551840289705	0.198839735054
0.624813618074	-2.04902735788	2.24954250267
0.55895781669	-0.687203204752	0.464023614205
-1.13508041748	1.23871882387	0.425161237892
-0.166595974865	-0.053009892479	-0.984599275065
-0.133232987702	1.4218844376	2.47824867
0.741090540793	-0.271709984218	0.613969457566
-2.51168627506	-1.0837937429	1.30873349097
-0.0763831179092	0.996906138373	-0.0185410510318
2.99485560069	0.840299460923	1.79836027495
-0.287296361145	-0.303906200732	0.908351155682
2.67000593471	-0.0350634873195	-0.665848685919
0.865026880052	0.474860040845	0.161976660035
-1.6731824513	-1.74829863871	2.73803953522
0.0982186950352	0.946655908865	-0.306913144321
2.59848647671	-0.554549902617	1.69044613514
0.649970074014	0.0319391151415	-0.759288348265
2.44452937181	-2.13311441712	-1.21817547691
0.540151196545	0.663331668568	-0.517907117489
-0.129470495156	0.220695791741	-1.39386214261
-0.849150225776	-0.0755131624675	-0.522725220703
-2.09923038535	-1.49916843883	2.33425828011
-0.106854018289	0.456529549573	0.883268356244
1.42675105475	0.646116220859	2.28190073712
-0.575458127298	0.669432955954	-0.469795126847
0.322771755731	-1.98685946023	-1.40178138987
-0.0695003639799	0.906165916808	-0.417172662842
1.87256481088	0.738946117375	-2.16444130464
0.366043651599	0.676268310254	0.639275541274
1.28216217898	-1.43429591051	-1.45544509158
-0.566932122377	0.184223066883	0.802900884447
-2.2460009658	-0.214093885302	2.6251810282
0.395110145148	0.407348351552	-0.823380406428
1.72257068266	0.638245645901	1.80138772021
-0.175445907083	0.922316839358	-0.344311460055
-1.5521002753	0.0708215985179	-2.18933542164
-0.616217339577	0.767379765082	-0.177213110538
1.59954203516	1.96216681637	1.41784963403
-0.71869400784	-0.220846103647	0.659322319962
-2.26456924129	1.99405478392	2.03016501014
0.430715991294	-0.622206558155	0.653714566025
1.83723588019	-2.09064844567	0.737003570575
0.52021652922	0.413402080271	0.747310834093
-0.226896376754	-2.92356685199	1.76250631988
0.456342666514	0.800376199032	-0.388779257087
2.1447703636	2.36247720466	-1.73272253041
-0.169751013822	-0.39612163655	0.902370346567
-2.20660516755	1.47697144034	-2.20080786532
-0.0445414800928	0.681873560637	0.730112665179
2.02442937042	-0.542077185099	-0.513871979284
-0.622358639716	0.689395875048	-0.37067917535
-1.13547880635	1.25392512837	1.18848839034
-0.843889556469	-0.536492394298	-0.00513101775165
0.76165916491	1.11500597336	-2.06496097461
-0.991289057391	-0.0803350415268	0.104366114228
0.700508833025	0.731983926335	-0.0487500160031
0.563141262163	0.821478393057	-0.0896948637864
-2.30812967898	-0.294689774889	1.45131378791
0.588989398559	-0.664300788337	-0.46021294093
0.467118551035	-1.86196423823	-1.77768454407
-0.133177253438	0.0524363454895	0.989704121866
1.03607822961	-0.613700336919	1.70956908156
0.59756904177	-0.759030711113	0.25842526948
1.33928921487	-2.57472698558	-1.82971439058
0.122407913085	0.615878024788	-0.778274091434
0.179091992602	-0.823188340962	-2.35188216313
0.283599366234	-0.681046755662	-0.675090154035
-1.66572456335	0.0912291514869	-0.264663896242
-0.145745834117	-0.49376345176	0.857295634856
1.81108187069	-0.0212245693361	-2.90789659804
0.86947762567	-0.0569519018345	0.490678244205
-1.64951906337	0.294542022876	-2.79694983699
-0.255106786938	-0.530831018168	-0.808170129001
2.82140120247	0.72752969765	-0.575470652983
0.643849055239	0.354816989091	-0.677910981118
-1.91374688203	-1.99992410151	-1.03932440255
-0.645873194828	0.441263530304	-0.623004264051
-0.0507811603695	-0.105280075026	-2.57914370431
-0.468519941036	0.637491677225	-0.611631773472
1.93698628316	-1.90829061871	2.45140609104
0.468310016707	0.270898708387	0.84101106892
0.211236817714	-0.476329540274	-1.79269213189
-0.58784475218	0.805215620024	-0.0778867935115
1.86966910139	-0.228078914671	1.55012125705
0.641645722804	-0.256126605198	0.722972979106
-2.72456761604	2.85209865561	1.3601966806
0.524332989698	-0.666444547734	0.530025075548
-2.48231500033	-2.73680902187	1.22425268151
-0.567614671292	0.63292771324	-0.526513147744
-2.45273268023	-2.3226626116	-1.2319188749
0.357017074534	0.219515899571	0.907938091682
2.59872246762	-0.643390549298	1.1217603842
0.711712677103	0.110654856698	0.693700632795
2.70791200982	-0.446144853261	1.14263116184
-0.0907319540206	0.717565439277	-0.690555973745
-1.39367958928	0.628093180175	2.33343971368
0.30741284952	0.783514466954	0.540002240759
-2.7268840034	2.25055324479	0.889644888519
-0.52883918092	-0.557067073949	0.640316637177
-2.79686948932	0.698573090875	2.89420230481
-0.58652300545	0.40924868585	0.698932240785
2.78153399014	0.546749567653	-2.5928519155
-0.163253048419	0.73929553695	0.653292087223
1.85203673757	1.02527819036	1.95898917011
-0.561854461709	-0.809856351784	-0.16867795746
-0.866062379211	0.525645775149	2.95241111173
-0.986155222683	0.115142558162	0.119331756354
-2.48790650727	-1.67332076222	-2.77142384122
-0.251725185687	0.783148741102	0.568605733528
1.2503554961	-2.26282345748	1.54441623273
-0.964339319681	-0.199952129862	-0.173403639758
-0.126467885632	-1.88287491262	-0.521264316769
0.707345183381	-0.346811944009	-0.615941772443
-2.37797602322	-0.475134612877	-1.55854938315
0.791135719844	-0.063559648142	0.608329223295
-2.69526661278	2.49423372079	-0.374008104497
-0.517118898768	0.242970518053	-0.82070297422
0.164690942413	-0.950873308163	1.23461659418
0.54176936325	0.274807243012	-0.794334272351
-2.79827823023	-1.2152865017	-0.0357993423814
0.63455331547	0.670743157496	0.383986596769
1.48988160751	2.12613074106	0.661169600769
-0.536096434256	0.00948757204398	0.844103429181
-1.85694309932	1.61933212124	-0.605607852163
0.219227409057	0.862322769217	0.45644143634
1.43626148652	2.50747957075	3.0217263615
-0.951980498598	0.213446554067	0.219485076589
-1.63493018391	0.158790220129	-2.00598012435
-0.612607993732	0.781704083215	-0.116833951836
-2.7404289256	-1.66423520265	2.76733428295
-0.388752853739	0.117612865435	0.913804373263
2.28327869119	1.2897272805	-2.1061111419
0.318756558492	0.317828009102	0.892961148678
-1.17130587732	-1.82294793692	0.803508654037
-0.310693853547	-0.612365845363	-0.726964511377
-2.56919614579	2.97550300697	-2.84459828664
0.739001745625	0.388197408422	0.550617101131
1.67044632707	-2.58428296427	-0.108862364283
0.665915157421	0.497409107395	0.556004660949
2.4978675406	0.762491391329	2.31947796036
0.607416740583	0.402571996097	0.684821649203
-1.46040363243	-2.38325294233	1.70570096471
0.478861440588	0.774625471752	-0.413094540307
2.22646597027	2.89710619919	1.73933651341
0.326671324805	-0.620728755695	-0.712728319491
-2.32443103533	-2.60713921815	-1.07685713085
-0.975986390277	-0.0257424814595	-0.216305086956
2.05330377643	2.93093260926	1.84850125356
-0.376767946701	-0.588404511003	0.715420188261
-1.87842691012	0.801171061254	1.91999557995
0.742549297358	0.0677079573639	-0.666360393108
-0.556565319543	-0.329687683605	2.49327179546
0.789464257354	0.127819117988	-0.600340286369
-1.23954015841	-0.964195969949	-1.04600150554
-0.400788541117	-0.909291947375	0.112056680963
1.67240791681	-0.27530101003	0.15499831354
0.82090469743	0.499444844702	0.276894067899
-0.252185964417	0.893175504874	-2.80633771617
-0.61958528346	-0.311814598198	-0.720337235516
2.67346555266	2.81080976432	1.46830718281
-0.727450366764	0.376157825251	0.573865188347
2.10337872391	0.698417814574	-2.2288439194
0.071605688023	-0.911676305288	-0.404621971499
2.74952771211	-2.32001725331	2.03686173872
0.657038488084	0.489146093753	0.573617053566
-2.37807753749	-0.858005925908	-0.622688626114
0.830986197293	-0.546110174959	-0.105951010923
-2.42483836913	-2.48056340171	-1.75612892588
-0.0275917268521	0.65751994665	0.752931747482
-1.88952055049	-0.386094442606	-2.74786959956
0.50803881144	0.34092648306	-0.790990328145
-1.43839952978	-0.2756482097	0.321630329253
-0.369940222208	-0.739381978692	0.562546461706
-0.94976192327	-1.93634562749	2.93173125332
-0.814951337256	0.0946550478216	0.571747094288
-1.51807493891	-2.64261401201	0.182437201811
0.471303525357	0.756758498756	-0.452978544245
0.0523690354178	1.41469661705	-0.838028840558
-0.320642846569	0.80630666922	-0.497049011785
1.16447741678	2.41131656811	-1.3871792111
0.1296605344	0.456009396007	-0.880479174412
1.98395713177	-2.89239135845	2.03371846549
-0.571118664134	-0.470718310412	-0.672493675598
-1.80658403132	1.17059013542	-2.86466047048
-0.52592450452	-0.5848019623	-0.617584067504
-1.67253084675	-0.859184805011	-1.71369634469
0.582000340133	0.660800208354	0.473939541212
0.999443683259	1.2484709279	-2.44548167774
0.071613025985	0.355537136435	-0.931914652275
-0.0186877290399	0.78124086099	0.268963212954
-0.275204909128	-0.639761905184	-0.717611986151
2.2386556626	2.41849005379	2.58183481796
-0.902422607563	-0.364959116619	0.228994062272
-1.4683427758	0.536402984433	-1.68665191606
0.421877504754	-0.652800243718	0.629182972421
-0.535459948213	-0.569205357121	-0.883216427184
-0.903848689112	-0.348387949153	-0.24836139812
0.180456246338	2.33974993452	-0.391323238052
-0.14000049945	-0.968270843064	0.207005880657
2.80988007036	-0.257531509758	0.739507650717
-0.1558138778	-0.669173814741	-0.726586843501
2.42375796942	2.29929889243	0.119238499098
0.991466595558	0.0320761061406	0.126353129393
0.288611959818	-1.07352615542	1.60406712687
-0.0208210570724	0.722141786656	0.691431647777
-1.04473018751	1.62027535963	0.0549280912379
-0.494692707139	-0.0366541427562	0.86829465006
0.58347028503	-2.47711365674	-2.45641766706
0.655260163509	-0.312574492391	0.687700010778
-2.65602824954	2.63817654524	-1.58314935372
0.0492366996076	0.927660018916	-0.370165688193
0.512120984002	-2.53697392569	-2.88649348405
0.496690971494	-0.00840814937324	-0.867886733313
0.652242014465	0.813757333975	1.74883099517
0.530541964425	-0.693386165358	-0.487586761177
-1.37764850415	1.38466916301	2.06499772756
0.894404138876	-0.20799651772	-0.395952882269
-2.91124619216	2.34134876466	-2.90695783219
0.897851184277	0.371106101535	0.236946222371
2.69531241368	1.85534789604	2.92559698447
0.209864877984	0.947260440528	0.242186685841
0.062443967464	-2.92532162762	0.426851015306
0.518556391339	-0.659241169369	0.54451845663
0.379437078006	-2.58110599316	-2.71569916337
-0.74984482033	0.628132480542	-0.207803590709
-2.2320212288	-0.409407757642	1.831403127
-0.694952878545	-0.566520747341	-0.442825856782
1.04695935887	1.69599071839	-2.92322038675
-0.3489114158	-0.662022066722	0.663315616504
-0.555857526838	-2.48009292261	1.09649410079
-0.707134776703	0.664895491474	-0.240570972884
-0.00176021375295	1.79834566484	1.53188344246
0.383993816315	-0.782416989817	-0.490277883529
1.42327681233	-2.92972564581	-2.72592536118
0.0955446430588	-0.915039880307	-0.391884215847
2.1449495818	2.6003936976	0.776994527123
-0.481637023917	-0.320627847353	-0.815612383853
-0.190583627628	-2.17516360194	-2.56602597395
-0.511116483881	0.155722127266	0.84528726418
0.102016608936	-1.43415307814	-2.01708661525
-0.510123573965	-0.850154861991	-0.130424882281
1.26923786909	-1.34260846537	-2.57722431517
0.634577402083	-0.655796080956	0.408953568231
2.47613577999	-1.86645644358	0.714811180435
-0.992392029844	-0.0698350139796	-0.101395906839
0.32831929544	-2.10073425972	-2.78795584548
-0.631896668357	0.77497404284	0.0110378187557
-3.00015935717	-1.53981061237	-1.2780067652
0.136073273761	-0.740015070626	0.658681834739
-2.62835017818	-2.03061729828	0.990327545742
-0.707018534367	-0.00997739567216	0.707124630908
-2.59867778575	-1.2866088199	-2.24832022417
0.14642104579	0.926175750866	-0.347504468831
0.920994293762	-2.48587544035	1.55745786831
0.854052863514	-0.501915524232	-0.136654721316
2.50135825414	-0.099979257092	-2.29664993922
-0.730746023808	-0.0900711122217	0.676681197782
-1.69353193454	-2.69085920259	-1.74812029113
-0.699958326289	-0.604612584444	0.380134139732
0.914711265468	-2.35546654237	2.38867669028
-0.726636796892	0.511293375198	-0.458887840198
-0.674053004633	0.109877566096	-2.0423024074
-0.539333596003	-0.296312951838	0.7882372148
-1.65718688101	2.59462615446	-0.539869979943
-0.426566621379	-0.847414179326	0.316117266536
2.73816235305	-1.0371569646	2.95016075733
-0.327290962234	-0.887016593091	-0.325702609173
-0.943011571254	2.65837118801	-0.555536655247
-0.727720013458	0.619012358545	-0.29537650885
1.02666626718	-0.302464855979	2.25883053731
-0.40647668956	-0.749688486619	0.522248862014
-2.2805380274	-2.39434768523	0.100810371693
-0.358351225154	-0.870265357764	0.337968351337
-1.2197180848	2.1636916225	0.484766119961
0.295337761399	0.0357683959974	-0.954723116165
0.688878218763	-2.59823118262	0.974386176932
-0.0134440797701	-0.517415450067	-0.855628721322
-1.7359242198	-0.997860392749	1.27647596012
-0.970061247048	0.216174836282	0.110677988485
0.287713421066	-2.58360044968	-0.578118973618
0.782304634975	-0.546695528858	0.298535520205
-2.93970196126	0.64319253543	-1.71496188053
0.376337580435	-0.858913506726	0.347329258078
-0.0717142827027	-2.31792737009	-1.91521390638
-0.684587229359	-0.645015209068	-0.339552213172
-2.98157046296	0.315880173845	2.0856594495
-0.146142270449	0.468311345523	-0.871393665597
-1.10430326976	-0.354351292591	-0.292351895431
0.205071803895	-0.841831519582	-0.49926470723
-1.09545178646	-2.0248294147	1.93516944793
-0.0658045660158	0.632304085533	0.771920528623
-2.3426849073	2.53662722654	0.268369263138
0.425605687686	0.888277801162	-0.172691477994
-0.730385739425	1.23135640369	-2.83167002363
0.155947815079	-0.944447254282	0.28930894015
-1.19707637798	1.33985305123	-0.0104831817675
-0.0292567896305	0.957090186615	-0.288309581781
-0.747161096599	-2.68786542239	-1.35767366145
-0.546121540682	-0.168377691683	-0.820609661012
-1.63724924042	-0.809588912972	-2.0263785796
0.454546786447	0.848846572098	-0.26990130783
0.96642523747	-0.468866637704	-2.85886238582
0.634252427635	0.356108764381	-0.686229120607
1.37046135463	-2.24300426287	-0.729858730443
0.730840543065	0.329207787029	0.597908298631
-1.53688429375	2.19825789958	1.19177211317
-0.746697277708	-0.640556800739	-0.179248878634
0.413637332838	-0.0649384214028	2.65692103419
0.363686102561	-0.100311382078	-0.926104770223
0.986725499896	-1.27907191572	-2.35405723554
-0.488904755595	-0.114241550795	0.864824264246
-2.19693470818	1.81559638832	2.22882820194
0.698609160444	-0.395249330589	-0.596425357955
0.249912815345	-0.462031430685	-0.392403462544
-0.834971613643	0.427367899922	-0.346668548512
1.19324966242	2.87014830173	-0.866217248172
0.568838563968	-0.724318079046	0.389597238836
0.191942027817	-1.5833397275	2.30139469616
-0.904012149461	-0.424326244102	-0.0520506694834
2.59993105725	0.0358987920392	-1.47422340357
-0.544345846733	-0.291489376462	-0.78658854718
-0.467235054331	-0.84984723766	-0.753671711804
0.33034849029	0.622671009471	-0.709331156039
-2.3282241303	-2.93195755549	1.27909345336
0.0369722408788	0.910807686183	0.41117199831
2.49438461249	2.82873265911	-1.41129899693
-0.511533067299	-0.813936334364	0.27539347244
0.605373845054	0.0503122587974	-0.946566481704
0.441818602569	-0.825699541315	0.350737209169
-0.480012788932	0.882292634096	-1.20828448851
-0.397796015107	-0.772167175243	-0.495495896898
0.428916259336	-0.353690678131	-2.31533244349
0.286306743815	-0.471734081737	-0.833963671016
1.3706990572	2.19524170276	-1.46136791605
0.6195956507	-0.784420524467	0.0280298131955
-0.798804474938	-2.19012161221	-1.66613237007
0.969312333895	-0.160761310555	0.18598225826
-0.544917511544	-1.78011799843	0.501331868324
-0.0946717889659	0.313306194162	0.94492141529
1.97468739135	-0.00461760220971	-1.98727778357
-0.367631509668	-0.479544044488	-0.796796449851
1.85212047572	-0.574260275016	2.26910707454
0.0891885471969	0.854335067557	-0.512012690654
1.12234390599	-1.14309256281	-1.74367489602
0.223600729549	-0.540670539559	-0.810973539272
2.96405042938	-1.84758560644	-0.20299848561
-0.547630059841	-0.562365242892	0.619553590213
-0.699902005485	0.79526873603	-0.830388217435
0.634650329865	-0.0666532629096	0.769919672009
-0.666844360732	0.448859225668	-2.35306234764
0.935319205184	-0.348854536851	0.0589787803566
0.466810893254	-0.390617940555	2.9113865729
-0.945373872026	-0.322135518818	0.0499694867565
-2.38525326705	-1.34819880824	-1.57972089566
0.684084446619	0.603661161688	-0.409416257326
-0.836162668204	1.70106458655	-0.455954151263
0.614901616668	0.579518970043	0.534839943515
-2.03796182662	-0.537581610709	0.780082823768
0.930274150972	0.227707758432	0.287644191292
-2.26354581731	-2.80435939028	1.52759991406
-0.100155661875	-0.776813020845	0.621715669772
0.0324791853378	-2.55427392543	-2.57978246046
-0.689615636639	0.643753996433	0.331679160905
1.61577536062	-1.39748326906	-1.98878671226
0.210076652436	-0.975271243573	-0.0686571304447
0.795227054125	-1.96997794156	1.08348873967
-0.781010899082	-0.00943735548293	0.624446084011
0.522672140303	1.80713208868	-0.651907396275
-0.166183354434	-0.414622483457	-0.894690610726
0.735067782953	-1.50499250922	-2.06968351267
0.46235545961	0.046944834696	-0.885451077962
1.88226690125	-0.194705027173	-0.974524761209
0.159589887572	0.50913414279	-0.84576207791
-2.48808347353	1.14452231645	-2.92578259531
0.100048103464	0.477367229628	-0.872989636291
-0.181432769706	1.96767446528	-2.95336389099
-0.263205823449	-0.498491275484	0.825971635571
0.56290790954	1.11526382361	2.33667265121
0.383702549937	-0.319233737235	0.866523037306
-0.785764386979	0.162396725948	-0.710686979949
-0.650427097858	0.503491002929	-0.568719087373
1.69006689642	-2.94916164084	2.70200595599
0.0644981820658	-0.308003131278	0.949196531617
-1.60512221768	1.89327600108	-2.15520584357
-0.224923541096	0.284847070908	-0.931810896511
-2.32867738691	0.37732569082	-2.58580124412
0.746825875209	-0.366255793606	-0.555074594778
-0.281615694797	0.375395323076	2.8748511519
-0.701069293963	-0.595546596522	0.392206701158
2.18324316114	-1.01878149954	-2.92690312438
-0.794263062924	0.346079160895	-0.499375010658
1.11717234377	0.833295661826	0.103009988214
-0.324060123642	-0.804520379005	-0.497726828724
-1.82978291665	2.06162387814	1.08653928984
-0.382719989372	0.542314255021	-0.747944288391
-1.65201707996	-1.9786034814	-0.390560781046
-0.323877445153	-0.781195048952	-0.533701879343
-1.15074784243	-2.64750999777	-0.80167251092
-0.0769403466909	-0.213562000755	-0.973894991713
-2.15359402821	2.26009520199	2.20689092997
0.0245988140926	0.969932501045	-0.242127738523
2.05428890288	0.884676521485	0.788196993807
0.358590199216	-0.932075703307	0.0514582581419
-0.168738157362	-2.56630404348	0.595256668667
-0.283589584581	0.770802478678	0.570473913848
2.29672067303	0.13753018278	-1.17003133896
-0.888271413178	-0.422522997675	-0.180133875123
0.657919082267	1.6726121224	1.59343465844
-0.882870282093	0.207131561692	-0.421469549491
1.43665069123	-0.418108771331	-1.6168649538
0.724792659347	0.637114018164	-0.262223814357
0.911975473066	1.6765382031	0.481475093274
0.669025922444	-0.568582057544	0.478663513271
-2.18482853563	1.33410801001	0.450238323834
-0.547185258986	-0.806127851705	0.225269125833
2.22573815489	-1.57628739389	0.502091208141
0.536347112549	-0.733116686975	0.418176635095
1.37807041725	0.415875610668	2.51782722997
0.332210560616	0.556394342225	0.761617672691
-0.961481508455	-0.830830501502	-1.34088181939
-0.170644219073	-0.115736379562	-0.978511952376
1.52180961563	2.71961754005	-0.130367388839
0.174527170333	0.547712823689	-0.81826091779
2.90706435323	-2.0062258078	1.71286319761
-0.118339874944	-0.795848105941	-0.593819388592
-1.46460464697	-0.689763600863	0.885797515732
-0.909874349828	0.324083632839	-0.259033716821
0.057283201402	0.967710019396	-0.904928028147
-0.162978997926	0.886131416049	-0.433830565688
2.77501745884	0.790670394936	1.67747008051
0.218498433966	0.794311374034	-0.566857897038
-0.0179870372169	-1.33392127812	1.59304966277
0.242818562962	-0.747755255165	-0.617981572423
-2.9413732293	-1.61227718881	2.53135429454
-0.359147833245	0.479439542632	-0.800718776373
1.10703864021	-0.864575166981	-1.96555752016
0.407609365534	-0.728873782348	-0.550088733328
1.81730950287	1.729622365	-2.24339173263
0.58119277767	0.12085536262	-0.804741533979
-0.141529621286	2.81650629389	0.955790773942
-0.844634121928	-0.457011475149	0.278807660686
-2.24195034887	1.71309973799	1.38305665888
-0.832882649092	0.226942752885	-0.504780625375
-1.69931962994	2.23888978623	-2.08723074081
-0.628027524642	0.777678803024	0.0282330943876
-0.165832198771	-0.625063394632	-1.52411699542
-0.16432613775	0.667564672148	-0.726191661307
1.64003093636	2.94009366314	0.385948166113
-0.783952019949	-0.620221435278	0.0272873897687
1.88837961111	1.00306835768	-2.80767737097
0.68851718264	-0.077547398449	-0.721062057109
2.66619507837	2.35883010115	-1.50143312267
-0.073450078191	0.934319979754	0.348785408879
1.33479244885	-0.719678976572	2.535715749
-0.251432862024	-0.153520947521	0.955621700552
2.96283124438	0.507045264286	1.2043430803
-0.65396558081	-0.191230964405	-0.731956103443
-1.81584733892	-0.489215454961	1.70789855237
0.807721251198	0.560784753802	0.181952851767
0.415191686257	-0.0671672831372	1.0930261594
0.584138871845	0.793646049784	0.170022722193
1.18072671076	-3.00533031706	0.909523100795
0.178392351518	0.979000649531	-0.0986605145823
-1.36174998873	-0.408978353162	-2.30710661562
0.519628224907	0.824454544798	-0.224190123424
2.44624270488	0.40524865354	0.306825667304
-0.320487561333	0.783208078112	0.53279717474
-1.27276086799	1.24476970267	-0.404586227763
0.461894407243	0.88083541609	0.103838944135
-1.33592264126	-1.08889252397	2.90732497963
0.863804715949	0.257919151537	-0.432803793855
-1.73533758814	2.44295917424	1.08909121255
-0.764413095948	0.09348918253	-0.637912526522
-0.2740216128	2.31896339287	0.937592170387
0.894988456946	0.339722878859	-0.289109023574
-2.08715258601	-2.38250984025	-1.10154659309
-0.716538509928	-0.533356924515	-0.449558622276
-1.5971532215	2.08760102085	-1.57960929342
-0.209443434222	-0.721961431231	0.659473380566
1.75831567767	-2.72453236149	0.152922358607
-0.743637560498	-0.549018465606	0.38155196637
0.352222940677	1.63608612743	2.60473872494
0.328059175138	-0.526729606097	-0.784176701814
2.29199484502	2.58468095501	0.615235592593
0.699362850981	0.401669370659	-0.591230343725
2.30223607179	0.851545923754	-2.51792640503
0.972584647287	0.2313009232	-0.0240621443003
1.14920794469	-2.45173135858	-0.663249295202
0.238959492117	0.967776537773	0.0794162078065
-0.663569945117	0.0361908637446	2.12764689559
0.178048255066	0.856557450421	0.484363657798
1.00354817128	-0.984742498316	-2.52302561799
-0.769329679604	-0.627799248724	0.118321373312
1.32916066838	2.45008999338	0.709187041852
0.221211305225	-0.410526765763	0.884609141391
2.24512036671	1.977838601	-0.267477344278
0.538023260346	0.598971441135	0.593097111805
0.805949450251	2.56002013391	1.28879998057
-0.953269736055	0.280273444961	0.112798964407
-1.09244360545	1.5536362755	0.9006855223
0.596954449635	-0.542792633625	0.590780451558
1.10221748234	-1.90057470651	-2.03200573696
0.717445789	-0.0755368515432	-0.692506840331
1.82021070479	-0.604580300608	-0.161989718006
0.522179345711	0.0339738907204	0.852158732668
1.87349398557	2.47874714746	-2.06951627385
-0.188622050654	-0.564740485559	0.803423864456
-0.882833121862	-1.84632247575	1.60797091326
0.482365801582	0.338967853047	-0.807727694254
0.185333318792	-1.44960389768	-1.33042827407
0.935074939397	0.0790712169366	0.345517872712
-1.42635056331	1.50376149527	2.82846553357
-0.171142288071	-0.471085224845	-0.865325966423
-2.38652523664	-1.02847452079	0.0102368156979
-0.288767930614	0.957075615065	0.024886729334
-0.181623102609	0.601980068734	1.12622579563
-0.450127304673	0.890921434273	0.0603689285976
-0.482100505345	1.76466283798	0.838610919512
0.72083801066	-0.0421729269418	0.691819345365
-0.373623586182	-1.65377481162	1.46896208167
0.623292904959	-0.186693054893	-0.759375834407
-1.25871753227	-0.753470706794	1.44645642337
0.703829516056	-0.322496868759	0.632945323049
-1.52216590273	0.944394790605	0.879225026599
-0.139286429239	0.926493959591	-0.349582942193
0.241071022965	-0.758256619857	2.20088889643
-0.380067118412	-0.790267864523	-0.480651316241
-0.370242288575	-1.15175432531	1.07236285378
0.783330851291	0.59765364889	0.170888540825
-1.54870772319	2.40866804492	-0.420014604373
-0.448456711743	0.632440262774	0.631589971196
-1.91470839192	0.581641551928	1.63989532724
-0.105908783932	0.657777961392	0.745728826715
-2.55824196499	-1.31020905174	2.51618467357
-0.401874732462	0.607244062895	0.685384087565
-2.46454315901	1.8177321322	1.44886670757
0.709455292235	0.525564238127	-0.469526804262
2.13543879934	-0.445369507531	-2.74193492737
0.187655624256	-0.75121570085	0.632819356122
2.11762562825	-2.24807244559	2.15439717594
-0.687314229945	0.369785895944	0.625186004702
0.464106656483	0.922481721387	0.341107712311
-0.460391016213	0.42778193442	0.777844925917
0.172026492881	0.199957558166	1.75526675915
0.560822994423	-0.398238912666	0.725867300107
0.382675734326	-2.46748183253	0.00623348291111
0.395756042933	-0.630128956267	0.668067850563
0.615481554805	0.975081987869	-0.5064931347
0.590564828338	0.238620094942	0.770904425866
0.452328366205	2.93036697173	0.597760116168
-0.58760987737	0.696564404133	0.411719155387
-3.00630846455	-0.895031699452	1.68194413294
0.854116220524	0.113525991033	0.507540472473
1.69374800606	1.07710252559	-0.739409925411
-0.338752033956	0.804210651549	0.488356721492
-0.419264180101	1.00525220797	1.18975020841
0.504996305349	0.811954631092	0.292759984682
-0.444898392813	-1.72011656943	2.87524458126
-0.397213961397	0.443487546333	0.803454955252
2.47850454105	-2.89106834591	0.0535851682771
0.983935109352	0.141146009816	-0.109313789149
-0.422348274377	-0.0912576612534	-2.76995173584
-0.831223189525	-0.367046709324	-0.417546072154
-2.1987413477	-2.49381902375	-0.572619367066
0.730523039443	-0.356691454497	0.582329198248
-2.24701267924	-1.5038762231	0.143286270326
-0.521158185114	0.727683653592	0.44594915224
2.64872376177	0.916833466974	0.0575597912691
-0.686755441278	-0.707832910857	0.165346709019
-2.53361802804	-0.0770012849261	-2.05184766305
0.28286536859	0.863673766662	0.417198763221
1.96517703747	0.383460241766	2.01267445116
-0.315287933143	-0.500021215783	-0.806580623981
1.78326346728	1.33328040789	-2.03283791772
-0.0697105656071	-0.767612562637	0.637111756856
2.25227195157	-1.65045917886	-2.45039473238
-0.0909019292428	-0.335431296109	0.937668750066
2.38064290883	1.48872413282	-0.17102860727
0.540235743999	0.404858637018	-0.737722729037
2.71637852681	1.29491465951	-2.94699214324
0.761454644943	-0.0691198379638	-0.644522514498
2.99212162484	0.706368587554	2.36784594805
0.571851863478	-0.733716958836	0.366939873213
-1.47792377925	2.67630010111	-1.57132139417
-0.373428505937	-0.619462607035	0.690519535885
2.17346646285	0.772375850231	1.17535485794
-0.0114092917086	-0.664743305709	0.74698471576
-2.98095580316	1.11893143502	0.356131357156
-0.602720268923	0.654099468217	-0.457036282047
3.00914847093	-2.64078953736	1.25230893633
-0.631877730193	-0.77261178529	-0.0616568189039
1.9698175577	-2.63668124741	2.33138323339
0.478737525201	-0.862035805237	-0.166447146127
1.48438290892	-2.67365117417	3.00403086279
0.309437397257	-0.591020333516	-0.744945274869
0.859788295313	-0.186184628882	-1.68391108945
0.916306284561	0.227004439248	0.329926927419
-1.70907254587	-2.01669749261	2.86285529368
0.815403807853	0.354425285804	0.457710986237
1.1021279821	1.38219593295	1.27819863921
0.495725264007	0.313797100681	-0.809807287093
0.0422906816919	-0.680042572492	0.679820020764
0.23642438414	-0.818025484084	-0.524345132498
-0.956914949329	1.34254536255	1.46447518531
0.540360284614	-0.469691763999	-0.69814068041
-1.62264728738	-2.93714477208	1.80636710451
-0.707154354768	-0.498326326736	0.501601027327
2.55864408212	-1.67748006904	-2.28995549572
-0.45844868711	0.888598634326	-0.0147400258301
1.85406093155	-0.302994083723	-0.598181861291
-0.801870722246	0.538153038572	0.259604799419
0.00397620316855	2.76598363903	1.66068412206
0.760430022417	0.496648917586	0.418432830532
-0.934154098795	1.38891545455	-1.771252074
-0.391185486541	-0.8782528953	0.275037755619
0.625303084861	0.292236079295	2.8430383856
-0.0936208593925	0.788755769625	0.607535571444
-0.0637784088354	-2.65514937291	-2.43301657731
-0.280788999515	-0.958419947705	-0.0508796775903
-2.47457552877	-1.05075672848	1.6266932266
0.0459334814241	0.614719187087	-0.787407414438
-0.429332849734	-1.392417105	2.25713683984
0.573650936047	0.554952750962	-0.602455017219
1.50261501468	-2.33267016865	2.89292273306
0.269999138696	0.953098677463	0.136760287076
-2.95039939984	-2.39486534183	2.06737575451
-0.604976964533	-0.230988823675	-0.76200199194
-1.46871060842	-2.10845618298	0.588648530068
0.670908576494	0.157879950294	0.724538200016
-2.7723347172	2.71674790023	2.53248123811
0.617698862008	-0.392558238963	0.681429486371
1.29138142801	0.545052500058	-0.301248361842
-0.312049643241	-0.439874742679	-0.842101674922
-0.923524535218	0.828813528122	-1.52313712153
-0.872801855253	0.473690002017	-0.117621016214
2.17951184181	2.6458764551	2.3545561991
-0.576916216151	0.554757846474	0.599509308783
-2.18256953345	-0.310350804414	2.79453006138
0.105718383341	-0.262442721172	0.959138906274
-1.67999642443	-2.09901475657	2.2273410731
-0.818245798313	-0.103527616252	0.565469580276
0.7445490201	-2.21903873822	2.48327900204
-0.289872415012	-0.808651232013	-0.511915196081
-0.543658597056	1.02068069946	-0.569054511718
0.383624064995	-0.685692364431	-0.618594017202
-2.98189662259	-0.761761307777	0.520606380581
0.258671651658	-0.33911472294	-0.90448337813
0.0846401105736	2.15993288453	2.17466118546
-0.383773835001	-0.830452742332	0.403814173008
2.75100660466	-1.53985323566	-2.98579351407
0.190249810175	-0.962973832638	-0.191014154931
-1.36835545203	2.27534638864	-0.378298929256
-0.0266594703239	0.0903271520885	-0.995555261268
1.98468721359	2.64158785829	-2.14262090254
-0.0550236383379	0.925729145793	-0.374162996371
2.80756725842	-1.85100174081	1.62535797611
0.35743768191	-0.127156412384	-0.925240266277
1.97236764424	1.84909262931	-2.57501269431
-0.502376252666	0.0250687720937	-0.864285634165
-0.350985363095	-1.61375153944	-1.58218158095
-0.180150747181	0.259738226654	-0.948726389379
1.55330563314	-0.971071475239	1.36407811291
0.0736772024662	0.756286545351	-0.65007871151
-2.2078044451	0.540356421319	-0.877485097357
0.872844779878	-0.107133904639	-0.476092760621
-0.112288225293	1.82536611684	-1.81072929544
0.833569960608	0.34735755521	-0.429539113017
-1.31223533972	0.0483857407354	2.4341998149
-0.115131184011	0.706497338894	-0.698288135803
-0.00694155521689	-2.79902616449	2.72201121672
-0.280265569776	-0.681863064447	-0.6756581767
-0.840996211874	0.0603491340596	0.847299188017
-0.375435083792	0.545374211959	-0.749410079188
-2.75038089588	-0.465850956764	0.255417259079
0.697896560657	0.71498584398	0.0416609353046
-1.13823014349	-1.81848532265	-1.74037752926
-0.676514002388	0.735068850769	0.0447502983502
0.424368327296	2.99336551992	-2.42069759721
-0.720147594269	-0.692534855252	0.0422245986296
-0.48357141827	1.4988450347	1.18120304997
-0.101849345668	-0.526839599209	-0.843840475145
1.71869566664	-0.658802734379	0.914132215181
-0.682856133047	0.50257033352	-0.530217466163
-0.86632804313	1.66976740162	-0.0259606722183
-0.171548579477	0.734619801794	0.656433417561
1.27948922919	-0.864104784442	0.756939140683
-0.68831870563	0.708749485507	-0.154568839917
-1.20187759853	-0.157910385744	-0.528521024401
-0.1324282826	-0.55602561068	0.820547542946
2.03932546671	-0.750250988584	0.847351466102
-0.595194219945	0.653653284003	-0.467419752316
0.0734397731147	2.50422532551	-0.243128251307
0.76855597603	0.601948252468	0.216748732541
-2.26110368048	2.01333036779	-2.73391048392
0.761113439465	-0.269264486485	0.590087255059
1.18239502805	-2.96499195593	2.95045484716
0.556736171862	0.625605363799	0.546500470014
-1.35709592296	0.819745442251	0.707644049207
0.81247236966	0.519701288964	-0.264195417802
