576
-0.260615398945	0.731944385042	-0.881121769457
0.928659671094	-0.154664884137	-0.337149801866
-0.864106171865	-0.399281902335	-2.06529493292
0.775305887989	0.00134046953062	0.63158450202
2.56266938894	-1.77599295596	-1.9620179496
0.00542658820703	-0.557582109106	0.830104055975
-2.32567610412	-2.50240044174	0.162817185222
-0.221400311735	-0.851344643857	0.475598779791
-1.74254755254	-2.77912607385	-2.17729626835
0.571411514184	-0.674437284546	0.467571631595
1.11699089821	0.571013927825	-0.951512389045
-0.593828573596	0.568939199508	0.568925137821
-0.276057934715	-0.951790524564	-1.0837748656
-0.644989060149	0.623459846038	0.441912811158
2.36467144629	2.26451704361	-1.91756671457
-0.835533611156	-0.23458237747	0.496844737126
-2.19674912163	-0.752598165751	-1.37333596129
-0.434543779311	0.826579920985	0.357683292993
0.417125699343	-0.458736605196	-2.45145526148
-0.726314635417	-0.428529678826	0.537428474072
1.47550776803	1.76784771619	2.7052636954
0.220997707654	0.973133940294	-0.0645782274361
0.566506076179	-2.82626461682	-1.81262481358
0.684568269629	0.592776254368	-0.424243557964
1.43479332233	0.0192285543415	-0.544883488049
-0.892427870161	0.256560200216	0.371146009308
1.77125180383	0.592720399948	1.72488830797
0.587588005765	-0.503986600499	0.633038578602
-1.26008578136	-1.00028787494	0.799958769802
-0.356467904382	-0.914870399494	-0.189585825615
0.424351304663	-1.53844249333	1.56681942426
0.401529901214	0.862198622158	-0.308848303184
2.13626252605	1.17741692947	0.227565853863
-0.16514292515	-0.526853439272	-0.833758518877
-2.8002640159	0.769500427919	0.982077117653
-0.4092105272	-0.912329708772	0.0141861524419
1.98478217984	0.566781192467	2.33541548329
0.660168589196	0.588235286395	-0.467072458704
-2.48144950582	-1.47507963568	-1.67428524158
0.43523124335	0.602201957535	-0.66927316333
-1.08328167086	0.150564310834	1.42562732857
-0.430140012166	-0.536407185044	0.726117691402
-0.172741821943	-2.64092826029	1.3618766443
-0.993237394684	0.00185965561099	-0.116086258802
1.81668027614	-0.79141707985	1.14219333523
-0.233019780275	0.539182120387	0.809311079286
1.5183308413	-1.36387105136	-0.97558117715
-0.386995502263	0.701620464484	0.598300263284
-1.72426505363	-0.772404905124	1.30445375793
0.477863258988	0.744762942705	0.465805608471
-2.10471027217	2.18298375446	-1.66566414106
-0.653244627115	-0.725346909968	-0.217125119105
-0.524814796363	-0.119946777566	-0.789896063835
-0.169513786803	-0.485748498571	0.857504211196
1.22953999035	-1.52239825006	2.28730254746
-0.0561702297188	0.835051319891	-0.54729717562
0.32994006235	-1.35483755327	0.801098416495
0.60657015648	-0.599071604904	-0.522671844914
1.97393582875	1.87602239612	2.23781208694
-0.180008797885	-0.893720718646	0.410925917589
-0.459641928701	-0.309524110434	0.861212181507
-0.878632865309	0.467699018771	0.0962388478681
-1.7865914333	-1.80702704422	0.801533189658
0.607844154932	-0.677466108966	-0.414204242516
-2.07716960176	2.26693301343	1.78123402879
0.030795415983	0.917875320573	0.395672261143
-0.43115370105	-2.12435758753	-2.78558245358
0.484344044193	0.530570238002	0.69563357409
0.0400814911304	0.571376707863	1.77271779387
0.840329309745	-0.367013851016	0.39893293214
0.390564639333	0.764446428288	1.40764437478
0.964461560887	0.169285372974	0.202870303563
-1.78809198765	1.76755041283	-0.939160297266
0.692233176646	0.38724127687	-0.608980642254
-2.78536826409	-0.644754004516	2.24638996096
0.71781550542	-0.659377523117	-0.223522218555
0.19093257556	0.808262123316	0.68770577136
-0.588812314161	0.323136218836	0.740866413579
-0.500668052054	-1.34343327446	1.96586452508
-0.784249516135	0.612726519443	-0.0975648953894
-1.08761139906	2.02447289867	1.98364174341
-0.0790257055424	0.519589553194	0.850753568359
2.10419983972	-1.15261473658	-1.64284704743
-0.376006221679	0.365512769325	0.851480908018
-0.764870642264	1.28997427611	0.38050571774
-0.411021716421	0.521161033011	0.74796545796
0.581621470423	0.982511566454	-2.66275254571
0.640769783237	-0.689346705326	-0.337957400788
1.55518512116	1.58268767899	2.45472900374
0.441670256987	0.59939273775	-0.667574512714
-0.227546949118	-1.50602663817	0.0313287150956
0.222146449793	0.832798811979	-0.507047427377
0.590778139178	-1.65663262964	0.263087002551
0.528504117922	0.565756360724	0.632932174597
0.208555560572	-2.27496790387	-2.29489470738
0.511154583772	0.820817427529	0.254911243679
0.0661693401992	0.59304263158	-0.0856356403424
0.613926434457	-0.781527934804	0.110943319739
-2.58731368567	0.665398227191	0.938919567086
0.334496082259	-0.052675945323	-0.940923809741
-0.563119076295	-0.580854629161	-0.960397276874
-0.821364621063	-0.29011289514	0.491115737214
2.14741785482	-0.0894047999284	-2.80331947153
0.510484936661	0.771335194312	-0.380062031066
-1.93168247078	-1.64583013842	0.218519700106
-0.753741174546	-0.050631994421	-0.65521801176
-1.70701183426	-1.87588778199	-1.79619647692
0.713338173623	-0.441669614782	-0.544129213911
2.05613933806	-0.326220610785	-0.662786634741
0.784497986214	-0.619332657775	-0.0314637670939
-1.70103706494	1.37465344498	1.88014137524
0.531197606791	0.48290401418	0.696155740928
2.24485475667	-0.128870596023	1.74466903171
-0.2566292561	-0.965914601743	-0.0339176510565
1.5613495545	-2.5240867581	-0.604872305032
-0.74037016575	0.670718506335	0.0445948755674
2.04407311635	-0.223241497682	2.56145932439
-0.00138716318881	0.63166072144	0.775243709273
2.51363759832	2.5406331849	-1.94590764958
0.810037203889	0.354317740712	0.467224428868
2.3573460938	2.32270865417	-1.00816377252
0.119458905467	0.654766604838	-0.74633120201
-0.109006653488	-2.39607951472	2.630315853
-0.648771748333	0.240797261201	-0.721880805648
1.18486204398	1.56315697406	0.114137006827
0.706850407198	-0.0701373148322	0.703877303876
2.0231442702	-1.915750366	1.52003627127
0.580672809301	0.478768853313	-0.658482705647
-2.22116983134	-0.0739746845944	2.5120077872
0.788107928765	-0.418503428652	-0.451376531097
2.74976991573	-1.47799196131	0.662985375812
0.896230595055	0.116337399461	-0.428061128782
-0.383363474689	-2.36965413101	-2.12758060111
0.877554480112	0.161604458211	-0.451422344952
0.354167640143	-2.34016353427	-1.10608911254
0.334606577629	0.807602454577	-0.485609630845
-2.37713920731	1.2421989787	-0.767023891444
0.211326879579	0.36126350454	0.908201315929
-2.17379384962	0.834616957458	1.00538961629
0.873229787194	0.458548090076	0.164934495618
-0.352644768693	-2.26123881647	-0.588172516202
0.284044961973	0.386744921438	0.877352167217
1.95205214418	-0.607469553508	0.867241666944
0.996979740085	0.0698999026368	-0.0338437803813
-0.430578276161	0.384511631057	1.4928510989
-0.66601578848	-0.446299463889	0.597695372266
-0.829457480943	-2.54217193189	-0.910401616492
0.288810033897	-0.541164391503	0.789765703034
1.05878765417	-1.85651435839	0.661717647516
-0.397326564081	0.917092679924	0.032750845879
-0.454269100415	0.221772328779	-0.175696066884
0.0336211435251	0.821345228428	-0.569439754888
-0.829381823262	-2.13068529621	0.760219197808
-0.950589187385	0.210616185848	0.228081167757
2.58805656262	1.01634393265	-0.61789601265
-0.398142982493	0.868909351411	0.294072617771
2.46758262639	-0.96572913504	-2.60988955041
-0.642829831494	0.203853547303	-0.738385765703
2.06840244178	-1.95883338683	-1.36431260804
-0.549201931426	-0.793905880413	-0.2609419314
0.82578797448	-0.088206878622	1.05957530338
-0.555360154331	-0.618479493346	0.555930045323
-1.57307132088	-0.392037111435	-2.13561916342
-0.538817146352	-0.134543805166	-0.831609311689
0.533433848946	1.70179580435	-1.17771583237
-0.501277565301	-0.795850942354	0.339620494198
0.470581625881	-2.05270559346	2.52913733672
0.591338229832	-0.423924595152	0.686008043368
2.35201587817	-0.397656746721	1.25093992524
0.368941906424	0.147508957802	0.917672587066
-1.51646008604	-2.51294577305	-0.763061174281
0.636335826351	0.688377830328	0.348156112707
0.790327093921	1.8578650599	1.56790028111
0.698483603472	-0.202623205114	0.686341381843
-0.859762820878	-0.198228562274	0.746907013538
0.717537904141	-0.648470443989	-0.254215340593
-2.31240932314	-2.68641588946	-1.62868020335
-0.868237182947	-0.274982207828	-0.412975761428
-1.11075011855	-0.282161245923	0.422312942967
0.0638200670785	-0.510971704531	0.857225125744
-1.88345420846	-1.48512557682	-2.49189465228
0.904756471374	0.182842735979	-0.384687225427
-0.206759225635	1.74700801649	2.5717330586
-0.437747830956	-0.701822722771	-0.561980161835
1.80711720105	1.2394177383	1.24193606963
0.723734694158	0.231184121867	-0.65020150282
1.1382181276	0.0392234604024	2.1486348242
-0.169784594251	0.707683287583	0.685826185
-2.59911185278	-2.56348991084	1.11835536219
0.783272079699	-0.194623287672	-0.590429187168
-0.0739847501533	-1.87695391949	1.41786431197
0.90688118315	-0.031873963201	0.420179211906
-1.13003717486	1.40867657801	-0.322584786461
-0.657447991384	0.350250681426	-0.667148108582
0.27453482825	-1.50075617632	-2.34961471126
-0.0380091322097	0.997643152642	-0.0571265774928
0.125133423386	0.338213393332	1.59351496704
0.572304069745	-0.727990619968	0.377488687237
-0.559392199739	1.79556666892	0.311034736424
0.448301880315	0.65846281608	0.604526379859
-1.47258799337	2.19535814265	-1.27471399262
-0.608326240748	-0.0186727407351	0.793467399186
-0.568289143454	-1.82472492926	-0.00248404378337
-0.345240716787	0.32694811705	-0.879723693116
1.71388823717	-2.39921868927	-0.696764098758
0.0175883697381	0.994638510699	-0.101906242615
-2.82041371098	1.3090802712	2.41002527426
-0.452693098616	0.278056874638	-0.847203241809
-0.751998195308	-0.821907946812	1.80009159408
0.813562129094	-0.0787516146349	-0.576120512823
-0.840222448075	-1.54422342305	2.77959720098
0.681300975004	0.00640765112275	0.731975357144
-1.51356893404	1.89094444245	2.77803791945
-0.579678701303	0.626085208019	-0.521526524307
-2.49254545037	1.2542439256	-2.27424676988
-0.402125775565	0.700572558784	-0.589485326794
-1.87569595679	0.584583007239	0.772873716908
-0.729606490724	-0.66574248865	-0.156401110929
0.269730422774	1.71325669302	-1.24124506478
0.537444934952	-0.25626905388	-0.803417148135
-1.1905461939	2.44988753219	0.634632053657
0.666480553276	0.229466641348	-0.709329777053
-1.34756338401	-2.48415249537	-0.406475791879
-0.610209538141	0.6978041635	-0.375118206654
-0.211502051198	2.2039731496	1.30060780225
-0.841881554041	-0.537397639891	0.0493885169369
2.47559057711	0.575665504729	-2.44702667345
0.702171607076	0.424101628274	0.571920311854
0.0882480226217	1.42359627724	1.48123791927
-0.985931436919	-0.0519823770162	0.158861682523
-2.06682186995	0.725931672338	1.79693479063
0.234827955809	0.904707546219	0.355471640198
2.75494483669	-1.89715357534	-2.53817262061
0.995001558006	-0.0926159947509	-0.0373386807863
2.55091237967	0.913358480479	2.648690073
0.241118570063	0.835964607856	-0.492975668348
-1.80615580395	-1.81163201123	1.69714544222
0.963118220288	0.174145597105	-0.205125826648
-1.23611713741	1.45534186185	2.78904945815
0.175878520512	-0.892984799041	-0.414300488418
1.93565674012	1.40123566894	0.865623280236
-0.513709658598	-0.373672639354	0.772315444143
-1.8208505179	1.67261417943	1.60567203954
0.552656833263	0.172317224839	0.815400023713
-2.8216677487	2.41219727491	-1.835415121
-0.320002552863	-0.824275012641	-0.46708571986
-1.97801460033	-2.06081149239	-1.25986382389
-0.277590089055	0.833667113505	-0.477433645986
1.13858918888	0.00228474890387	0.911222123011
0.649335534181	-0.611370095176	0.452316228731
-2.75962768964	2.2759993177	1.81371134603
-0.0626395540947	-0.0814523824333	-0.994706889319
-1.26817937532	0.621679124593	-2.11417467804
0.218753367896	0.85794253023	-0.464845758136
-0.278056347288	0.0146601795062	-2.41143346329
0.309448727701	-0.906123135149	0.288413503277
0.0829244633732	-0.907498458354	2.57430546818
0.592995381442	0.801371489563	-0.0784870263445
-1.04016891252	-0.719223949592	2.02848184478
-0.579076742863	0.597926711813	0.554214555182
-1.47865216332	-1.90027360094	-1.37596755796
0.261355924318	-0.732945423975	0.628079681488
0.447428917489	-0.205867741502	1.57978115488
-0.583917195791	-0.676209782517	-0.449200443553
-0.845432431459	-0.656062842537	-1.81958581289
0.638005814813	0.622957092838	0.452629032152
-0.860806130575	2.59923590755	-1.87254139739
-0.244720740634	0.840354119132	0.483649370476
2.08810921109	1.27902979572	2.10760075615
-0.444214645388	-0.375336411873	-0.813508406069
-2.66673404674	2.15276935277	-2.75268530674
0.819578241552	0.559918313079	0.121585314299
1.07425199636	-1.06709578093	0.65488113354
0.311847649296	-0.807499538018	0.500695056626
1.09829723947	1.49807038523	-1.30450087144
0.909264005487	0.170786388744	-0.37956682909
0.829683020139	0.956947264385	-0.403755050431
0.51128792333	-0.7187275848	0.471185014941
1.98409076279	-0.587087155465	0.430445017046
0.29880478483	0.93357618355	0.19786664719
-0.908126045761	-1.37434621224	-2.41191905754
0.60454302342	-0.434645313496	0.667541148013
0.256068477773	0.259889023689	-1.57981687447
0.57118881738	0.818530355897	-0.0612486030479
2.49297623041	-0.801504195673	1.42198301054
0.703018250832	0.425796700471	0.569616106571
2.30879589126	1.9242159598	2.4052904464
-0.190029524087	-0.921151108554	0.339660735418
0.668108928077	-2.01505056014	2.60743250715
0.047223299571	0.702702793291	-0.709914603511
2.14550528185	-0.422597699452	1.24555170074
0.842608734361	0.240686474803	0.481747383622
-0.464565425407	-2.57199785721	2.50348962232
0.910843375238	0.35503337769	0.210512817925
2.40468256889	-1.43247907738	-0.507160495495
-0.722475936254	0.666847632133	-0.182599991932
-1.66894625013	-1.00845839543	1.97031082865
0.476908367544	-0.147130846336	0.866551165842
2.51894948535	0.380322165835	-0.965559446526
-0.907378179011	-0.272803019312	0.319755145243
-1.18131264358	-0.427788685103	-0.0130049735305
0.0790425577504	0.677918550878	0.730875305671
-0.133569244126	0.593483076515	-1.98684012187
0.458918423807	0.202239528449	0.865154930301
1.29240709768	0.51595337936	2.80852557713
-0.623513548117	0.301017514315	-0.7215395425
2.72117876386	1.17259502265	0.469673067025
0.77600912551	-0.59566818144	0.207338502805
-2.10802614957	2.69453071474	1.8821944282
0.481443753744	-0.712002599012	-0.511140108954
1.77396993933	-2.46993681867	2.14758987688
-0.336499058619	-0.904276763302	0.262777318087
0.0276674136778	1.57005815453	-2.1435863119
-0.378295852745	0.727950699132	-0.5718216745
1.76221053626	-0.0828060588178	1.70512778706
0.587316964787	0.298167728398	0.752432580778
-1.17571621924	-2.27858368123	0.195567428648
0.633541828274	0.0389075138417	0.772729549839
-2.73398410512	-2.64343023735	-2.61433910668
0.18213302047	-0.430161721094	0.884188021045
-2.07854200995	2.2794693731	0.209703405853
0.122770938411	0.747832529922	0.652436819832
1.1411062683	-2.29440079028	-0.795194421205
0.0678134522452	-0.637304224023	0.767622733989
1.60521079359	1.16900908194	-0.514165192577
0.644407444719	-0.754029656301	-0.127194035273
1.00419324869	-0.672901673419	-0.425872496587
0.394924098279	0.822681156975	-0.408938467936
-0.390273302853	2.41456783915	1.30919622608
-0.497730830856	-0.679011876074	-0.539635888508
0.682853723881	-1.6057773277	1.92814541813
0.158317538452	-0.657949733808	-0.736232099817
-2.57736352049	-1.92617124797	2.47433499274
-0.217269933873	-0.194213282417	-0.956595513667
1.37625574226	2.56920928568	1.05548495978
0.619273492493	0.616926436662	-0.48569755326
-0.415086912437	2.19045193343	1.26150070007
0.950180129958	-0.309001634539	-0.0409354428869
-0.604347278058	-2.30916397613	-0.261037579691
0.768394561845	0.609380946403	0.195511277139
-1.86102038534	-0.207687376625	0.301016125976
-0.984469287176	-0.0103796706934	-0.175249779012
-0.811859227181	0.544553810075	-0.396338823791
0.649977891302	0.642647348881	-0.405626830713
1.78173703246	-0.96782397629	2.61174779432
-0.150256533165	0.987508576532	-0.0474319039937
2.26888066774	-2.54674042638	-1.318156751
0.35905438809	0.931984836443	0.0498418602657
2.50058375475	-1.99226462	2.31521696595
-0.246076309479	0.46752957418	-0.849036246093
-0.552580133518	-1.66881361486	0.478041914088
-0.624259538001	-0.576586843386	0.527112550836
0.918433218214	-2.12353806165	1.5760348353
-0.246431640961	-0.736452517185	-0.630007250962
-1.85172628092	-2.37069506337	0.488279334202
-0.706169943255	0.0468342839332	-0.706491727547
1.37547287345	-1.55003433043	1.02581699217
0.742892026558	0.333277444965	-0.580549379083
-0.0528346244942	-2.04632952401	-0.215995782828
0.666039227349	0.0608184512755	-0.743433160154
-0.205831924606	-1.5715414179	0.755448093756
0.497326415837	0.427789589137	0.754759897939
1.01225905484	-0.0259674139144	1.09749198598
-0.745419293373	-0.666306631161	-0.019635435797
-2.73644491445	-1.61089630283	1.01165782003
-0.179716784601	0.583385136361	-0.792062914171
0.64138481259	0.190808873764	-2.16450908997
-0.304755684484	0.58626935653	0.750607896553
0.675497090286	-2.29493397755	-1.88350153825
0.486922334276	-0.0242554598238	-0.873108419987
-0.436782720984	-2.26912512092	1.79036869784
-0.547933772254	0.495971064933	0.673632900007
-2.80573645433	-0.0305382587428	-0.0795300599327
-0.605388609073	-0.77748905147	-0.170339093718
1.55214195342	1.48976669019	1.92542196961
0.458271918411	0.72363553228	-0.51607990197
1.89568508152	0.874694811498	0.960039728013
-0.459336821138	0.75932135208	0.460912973371
0.179538273186	0.198499754272	-1.76240847153
-0.378044182047	0.597301501489	0.70732843343
-0.346013146912	2.025526513	1.42240112004
-0.661340515828	0.484664757631	0.572476021187
0.0949198887953	-0.430037316271	1.56031398398
-0.706898472282	0.299861035066	0.640607453542
-0.879315782191	-0.391952979204	-0.738914500507
0.0786157265795	-0.983922411071	0.160362890117
-0.359867972759	-1.44439314366	-2.35769808334
0.658881394361	-0.624467206454	-0.419423433094
-0.472162560122	-1.497857292	-1.95866177513
-0.759440422336	-0.157083075881	-0.631328086017
-1.61001606252	0.387994729758	2.67370525587
-0.972871157894	0.206174656844	0.104946276796
-2.09208859677	2.53174653407	0.390991592095
0.398349862051	-0.776861186748	-0.48765160097
2.65399096291	2.78148476126	2.63476012379
-0.346552819794	-0.658840195388	-0.667705578855
-1.8585702872	0.00756503975802	-0.67857180483
-0.00293953113648	0.990189603511	-0.139699349518
0.181236198286	-1.88398624528	-2.1240742111
0.887642519794	-0.447186907188	-0.110066466706
-1.97827669784	-2.0370841334	2.46831278863
0.569377966647	-0.764377800401	-0.302548028172
-2.60509719055	0.355411750429	0.649939142247
-0.757677439977	-0.0945415641131	-0.64574514292
-2.23961954915	1.11264411937	1.12140463216
-0.693460658647	-0.69873072022	0.175748955983
2.47574953129	2.66201162842	-1.10879026483
0.821856530858	0.216705513959	0.526868639137
2.36295605824	0.835270430445	2.50253982239
-0.382686649974	0.813641292861	0.437651430344
0.804923723701	0.167900348336	1.43640998771
-0.200449313894	-0.36686544939	-0.908421606196
-1.14255289427	-2.54182763759	2.25112699148
-0.316098167665	0.664571247941	-0.677072377822
0.311454196487	-1.94782046676	2.08549161614
0.0365110013226	0.46910409024	-0.882387839503
0.337677493048	-2.22345682893	-2.43872154123
0.286806438322	0.724692595504	-0.626548249506
-1.83225854855	-1.18617112728	-2.08981437766
-0.296481383485	0.780415282078	-0.550500478424
1.27471946637	-0.820250010311	-1.0608296705
0.106581774336	0.679299600065	-0.726080146217
-2.01380316026	-0.601548679215	-2.11341606003
0.0286284006763	0.281480560499	0.95913977539
2.72122503593	-0.430589323215	0.966210357083
0.968295134749	-0.249302510078	-0.0158993864905
1.69548401679	-2.08205025436	-0.914669012621
0.257714049653	-0.583983740435	0.769770394026
1.49583296554	2.4249818902	-0.0129228848654
-0.780362342082	0.138384865485	-0.60982312523
0.738647301536	0.220216623335	2.40976043141
0.0230419138154	-0.669224836234	-0.742702624727
-0.0668257528515	-1.68661820321	2.75344681144
0.909338460293	0.207823508948	0.360434395917
-0.426191559858	-1.00958720794	-2.13121854598
-0.660737319833	-0.750085170584	-0.02825652224
-2.34926743226	2.61330570255	-1.84866346799
0.591093757047	0.74688869241	-0.3045742135
1.78252826408	1.68032101495	-0.0671366529895
0.162962556942	-0.497401503245	0.852076844894
1.69967723658	1.57564716522	-2.05510576516
-0.63027267993	0.301526040929	0.715428819363
0.297790530939	0.848058753202	-0.358564204093
-0.308914507084	0.720543985664	-0.620796417545
0.00154292259418	1.18023508605	-0.870164364976
-0.850559114764	0.51895343785	0.0850677473285
-0.428984007175	-2.73186697599	-2.65482355636
-0.650700529928	0.188715355581	-0.735510254803
-1.11115142954	-0.731892633527	-1.42567619788
-0.304911724625	-0.929554047884	-0.207263388586
1.70539810823	1.82651949708	2.18567712732
-0.302284281725	0.776804795669	-0.552447755401
-1.2197409145	1.84748027279	-0.718684055094
0.685854827392	-0.379551224383	0.620921914424
0.742092426434	2.05528414767	-0.418691715406
0.637624710343	0.762211560638	-0.111661388089
1.95549735842	-1.57624599728	0.345879744221
0.19137443533	0.726407436693	0.660081859635
2.66564036331	0.985848946899	1.5569249688
0.983157552864	0.0751694705946	0.166585644449
-2.14893258152	1.92496197976	1.87985096385
-0.249285093905	-0.949044970508	0.192796747665
1.85046937437	2.48699921756	1.2082972841
-0.50511084483	-0.709975555019	0.490711468902
-2.78096937116	-0.880002826261	1.8231177942
-0.469457575179	-0.807742693973	0.35659686684
-2.38460975486	1.70650734852	1.87249944425
0.800151177547	-0.0899302673012	0.593018246003
-1.53206801468	-1.85855238026	0.803566254779
0.168250398773	0.559727234271	-0.811416801976
-1.48179696029	2.37963711517	0.445689172728
0.512128006865	-0.640790322406	-0.571937642838
-1.27383096075	0.465643420851	-0.55444007247
-0.1731155271	0.484780704193	0.857332306121
-1.33832177616	0.674744421338	0.637638000665
-0.534655199218	-0.0415585904673	0.844047807596
-1.84072177128	1.17491419143	1.35689407222
0.305836114454	0.842021773405	0.444368770512
-1.02773116912	-1.07085728524	0.0451225691295
-0.383202807555	0.870355841604	0.309251220317
2.6815344478	0.581009923228	2.06392913789
0.689865611245	0.255574554236	0.677323471946
-0.966564448504	1.81510285281	0.495238394927
0.445358376938	0.0329329810415	-0.894746519888
-0.774580998823	1.94392858219	1.29930195036
0.410804779067	0.74636855849	0.523615706787
1.62523769594	1.94156580754	-1.77418086381
0.574794591925	0.560046815761	-0.596622779694
-2.23109840388	-1.64079685326	-2.76068552708
-0.585632823283	-0.810572378582	-0.0025720368673
0.412605624761	-1.19470101871	1.13048330929
-0.185764681371	0.128425835449	-0.974165431507
-0.806834256708	0.819635025423	-1.2200828501
0.484898024926	0.208282103673	-0.849407128951
-0.832636013899	-2.1529637171	-2.5328538147
-0.222782522465	0.835233131869	-0.502746022473
0.573124731822	-0.435253167366	0.841250462242
0.393943896553	0.663788165723	-0.635762123294
-2.33117161964	-0.269444392478	-2.52598525093
-0.259146425345	0.740275924115	0.620350454507
1.44440958418	-0.709862129652	-1.44379958812
0.565152836316	0.284919842278	0.774224098746
-1.70056785421	-2.65251692393	-0.845750073386
-0.703124937705	-0.527756320601	-0.476538128634
0.919151672001	-1.70036324996	2.65513594621
-0.51057593677	0.573875888545	-0.640295773325
0.120837525933	0.608778881298	-1.4056069585
0.977716385673	0.00786874095574	0.209782630604
1.81630401742	-0.390072892891	-0.473383966982
0.615738794949	0.757086845129	0.218369515562
-0.615718279662	-0.889628425598	-1.75202834324
0.701358536325	-0.137787833205	0.699364509069
-0.907322336811	-2.75817130351	-0.316068155474
-0.123595187806	-0.373771186353	-0.919249329509
0.129815331132	0.946382199439	-0.301483284321
-0.59763045134	0.730421474416	0.330639249549
-0.119526212758	-1.2729447166	-0.0284333870099
-0.972254121887	-0.0305399630046	-0.231925059306
-2.13239286246	0.312528302522	2.24745192844
-0.487091400341	-0.514167745595	-0.705955733105
-1.8754850879	0.777802173892	0.699324964007
0.597077659874	0.50453300382	0.623654324234
0.327782332963	2.53735167162	-1.20534569792
-0.651145957151	-0.0891126743804	-0.75370277547
0.0990024798893	-2.47261339535	-2.37831359743
0.495746659726	-0.637687415297	-0.589567646452
-2.37141085036	-1.84202112344	-0.672482020299
-0.0975591438696	-0.605052962486	0.790185501027
0.0159010876773	-0.758019721483	2.69941487048
-0.0216208187441	0.756610860389	0.653507877641
-2.32431736115	-1.38613780291	1.57049321387
0.622944086051	-0.41181084895	0.665095850492
-1.30891924975	0.788948847397	-2.37580416111
0.937649894238	0.283179976488	-0.201548447653
-1.44186507361	-1.96089360226	1.54002332155
-0.785704813215	0.617639691068	0.0344841776614
-2.05925996535	0.625362858963	-1.07001425241
0.795958726085	0.388726435431	0.464048989618
-2.64304607425	-2.57005715235	-0.906565706947
-0.542581969392	-0.609745792541	0.577767145976
0.18226938164	-0.807980241757	2.12239961664
-0.914148912866	0.3827160263	0.133642090375
-0.629420383436	-1.05549223401	-0.241678962875
-0.663049566622	-0.736078522439	0.136211897449
-0.193114056797	1.32214347667	-1.45831780289
0.593172560497	0.776619093644	0.212153474781
0.553949850401	0.532221812263	0.480145750794
-0.581986335089	-0.553300888697	0.595944655431
0.607856269356	-1.69123078433	-1.23420594608
0.694348653074	-0.171648848157	0.698868099787
1.35114726644	1.51205603365	-1.39857393641
-0.684796395389	-0.560307631932	-0.465949841142
-0.412963662086	1.29984611127	-0.622487881872
-0.365029582087	0.779413913775	-0.509183027227
1.15235521787	-1.09653983286	-2.70110478338
-0.99828883294	0.0259285775974	0.0524129267551
2.70567823669	0.803523085918	-1.50080682912
-0.681848836067	-0.46546059109	0.564294783687
2.38991744191	-0.564868104776	1.3870793133
0.95730828933	-0.00097546088426	0.289067271851
1.50343131448	-0.143899903359	-0.688245923209
0.863866801888	-0.363236501113	0.34898910134
2.59450959028	1.26602443527	1.59458502399
0.76729803758	-0.639140919828	-0.0524652849695
2.81617849145	1.54987133287	0.151529044052
-0.0913914938296	0.793554399715	-0.601597049152
2.13350376405	2.272844398	1.39800353177
0.861282881061	0.395698822293	-0.318769886951
-0.951455947586	0.92145221344	-0.255808576854
0.300168464941	-0.713662435771	-0.632917704307
-1.12471346054	-1.08440237509	-1.75610363665
-0.83614825239	-0.497478491169	-0.231022186922
-1.00705582462	-0.943056391263	1.05779305388
-0.211690113243	0.514610629077	0.830880976071
0.780499734058	1.62149077602	1.60166653799
0.390371825077	0.695775398796	0.60291494642
-0.481763897763	-2.64961875391	-2.4092489294
-0.810886433817	0.569030709382	-0.136628120208
-0.792928190895	-1.19440820931	1.16690859741
-0.606160225129	0.147602446095	-0.781526262757
0.669356620129	1.8126085155	0.507051119099
0.52511018572	0.62774095491	-0.574630826168
-2.34792411658	2.68160466771	1.22267391631
-0.524732982507	0.333845196761	0.783072590294
-1.23813689517	-1.00710051468	-1.94723536678
-0.518829815518	-0.709027121775	-0.47759414058
2.69164828627	0.232329235311	-1.76004017522
0.506145148031	-0.859726580995	-0.0684638229645
0.0214353478509	2.06630161785	2.43022598928
0.976261257955	-0.000945121436321	-0.216594235753
-1.53532196643	-2.80394494285	-2.20268128915
0.662266767623	0.650131315951	-0.372467448942
1.30904925019	0.266545010848	-0.469039429483
0.169706793936	-0.468886092002	0.866801844033
0.787093667692	-1.7331236608	-0.631871469464
0.454583520912	-0.565812154912	-0.687902920382
-1.94289400587	1.99508352015	2.35032060337
-0.255184403815	0.610354216167	-0.749899093783
-2.20564166607	-0.966361903278	1.5471347624
0.179372834178	0.95730123095	0.226715106644
1.53054287044	0.734118698936	-1.99633145113
0.490138311638	-0.860952547809	-0.136107111815
2.43798654002	0.356538852742	-0.071587748902
-0.726520346016	-0.53596919999	0.430006050524
-1.66130375577	0.693545855671	-2.70216466452
-0.867504862084	-0.414717936291	0.274671344663
-2.79357902356	1.9039116575	1.69060229373
-0.679711939683	-0.520152584334	0.517139215359
-1.3272312301	-1.96485927999	-1.51226274733
-0.473120448248	0.789178176468	0.391605473961
-1.88397966509	-2.27681352103	0.00889308450693
0.63797700583	-0.430411353428	-0.638538492867
0.653475832133	-1.93734862538	2.28317374089
0.899005609326	0.20825315464	-0.385252563888
-1.94024257969	1.94296895877	-2.00119209288
-0.436635547949	-0.89933220891	0.02347288402
-2.03701776992	-2.18168196276	-1.04460706364
0.985482896505	-0.167909123695	0.0250995393673
0.586928360248	-2.32213278534	-2.15543753837
0.0213388006537	0.313713790031	-0.94927778523
-0.431864085659	1.45627582929	1.29562772868
0.627009228919	0.743385223418	-0.232890181103
-0.720269570828	2.30122326866	0.0135355749245
-0.623612483726	0.780756185754	0.0390800274848
2.36092899029	0.738555082625	2.12638766722
0.709756694047	-0.702915849774	-0.0464192136105
0.728502991284	1.05289549294	-2.53430448312
-0.885973545905	0.105947794939	0.451470863627
2.37503583068	-2.79896036413	0.524395231179
0.0291498081407	0.0784128883021	0.996494710289
0.84211097874	1.52511413951	-2.31324022113
0.386368212929	0.804531479177	0.451052882765
0.349804234076	-0.481931573504	-2.25678239601
0.92209938755	0.0922300674949	-0.375800923535
-0.172207748012	-0.253619382503	-1.13068600834
-0.374685944948	0.660410262316	0.650744748796
-0.574684651227	2.38353753766	-1.03512749747
-0.923492267215	0.359655587025	-0.133453704015
2.18126475462	0.456457687183	0.866195228188
0.433880497442	0.737722351102	0.517217020819
-2.58530131728	2.08289444597	-0.131335462924
0.35105564098	-0.836501047375	0.420744500472
-1.77459076078	-1.03164869033	1.24189823643
-0.7229997895	-0.658865387646	-0.207768393517
2.40324565886	2.7677145255	0.228716222181
-0.610525207217	-0.66060217076	0.436879552441
-0.667511880117	-2.02379756668	-0.298537433237
-0.474230169728	-0.611645810462	-0.633241777415
0.757452166333	0.748144572381	-2.76231723195
-0.0741050202357	0.931658854816	-0.355696815025
-0.894864129517	-0.812642929707	2.16869439279
0.0255363755448	0.637198378678	-0.770276651428
1.42439046532	2.00796243408	2.46265983904
0.254873617696	0.928567442006	-0.269818354916
2.28976875978	2.58665949773	0.247794150337
-0.961273151061	-0.232191573553	-0.148462123856
0.374395475139	2.5447326147	-2.71931845254
-0.252980510914	0.859716821981	0.443720460539
-1.44886291846	1.5014605629	0.270718544842
-0.828418724499	-0.395641342833	0.39647237576
2.14458425043	-1.01163919706	2.75708858625
-0.100395243706	-0.785043295428	-0.611251028093
2.27865931403	-0.848682253429	-2.17171119684
-0.727295478694	-0.61297995225	0.308701902828
-0.48951885485	-1.09432593603	0.985652029173
-0.500464810736	-0.179174030336	0.847013364752
0.285858745486	1.8401677845	-1.84163035551
0.432238410614	-0.808645280822	-0.399077393739
-0.215104479952	-2.61664677747	-0.255110513325
0.0452018367336	-0.783026034424	-0.620344278099
1.31248322419	1.63536053049	2.5558697011
0.722134739503	0.0335512966388	-0.690938295724
1.75004134056	0.135745403986	-2.45629130318
0.213247467196	0.618967969422	-0.755912806191
2.66474507612	0.672784433999	-1.6521087024
0.558535050328	-0.438356887377	-0.704188779266
-1.80437297231	0.97236553179	2.21731993036
0.902815599415	0.428097614019	0.0406992177243
-0.128659535807	0.727439531315	0.173959173374
-0.49353446285	-0.299553325892	0.816511811872
-1.91553378709	2.17210560654	-1.94899078249
0.41947698898	0.866574180652	0.270348377363
0.575627676576	-2.45415947689	1.19233786994
-0.349936643564	0.70505810596	-0.616796086815
-0.0501089991235	0.402835741855	-1.39951908722
-0.367354490057	0.392203094343	0.843342997494
-1.11358312287	1.24616053656	2.59473033467
0.467531202474	0.15726633949	0.869874630724
1.19997718922	-2.80531047718	1.96970804923
-0.544759973948	-0.339124090722	0.76696246445
0.177908719257	-0.249869454453	1.7194136407
-0.671141043903	0.711910383841	-0.206768722412
0.226068122447	1.31612676448	-1.48114030493
0.968398684432	0.156140620519	-0.194484175745
0.793378771376	1.05394083516	0.918425537511
-0.415832287602	-0.909416154632	-0.00676507820979
-2.56306890406	1.3989598721	0.721865664345
0.136412102418	0.461443427662	-0.876619473535
-2.37875895164	1.64449646825	0.220779701617
0.332774051649	0.650817331734	0.682420860806
1.75474783355	0.782215150815	-1.64714535841
0.340167938078	0.806223075481	-0.484035253329
1.89088873498	-0.764150822728	-2.44377356184
-0.392971929441	0.377155485115	-0.838645814822
0.516139864225	-0.168798771435	-1.15336025604
-0.0491756153198	0.632377841627	-0.773097680941
-1.28689744689	-1.50027163668	-1.01023380537
-0.652356763555	0.498209840342	-0.571154627077
-0.613263144049	-1.85590349344	-2.61647238412
0.80769543828	-0.508238231218	0.298867829166
2.26643789677	-1.28552325963	-1.81208861732
-0.777399933675	-0.0417552385087	-0.627619186434
2.2395129717	1.40375978086	-0.531505242634
0.742004061772	-0.539945700946	0.397352000553
-2.05929209145	0.850795959372	-2.77186253214
-0.624302901643	-0.556236652848	-0.548494916137
-0.577362960853	0.941215793339	2.351326207
0.15581161513	-0.638874614986	-0.753367086431
-1.4726959561	-0.890851831227	-1.40645033009
0.0121478746928	-0.446566185357	0.894668134694
-2.46423270099	2.31585732746	1.18521863716
-0.377269342649	-0.533488051984	0.757006170046
-2.65216085455	-0.0818752909325	2.24666179247
-0.673560886392	-0.300072553569	-0.675479233521
1.43774588955	-1.95022135404	2.41892543572
-0.713091656132	0.314271152012	-0.62668487533
2.52006069071	-2.40651424615	0.431291759136
-0.16050705805	0.724143730291	-0.67071107207
0.0409155161585	-1.16170425613	2.32783255985
0.0664883967349	0.973303803963	0.219679307837
-2.58510502113	-2.67291464574	-2.14510349295
0.550173443018	-0.803835372123	0.226181071537
-1.60518464307	-0.600070824441	1.53738994481
-0.298259540217	-0.729838385487	0.615123709297
2.5974323196	-0.40457971756	1.74980167081
-0.752939128575	-0.5781390855	0.314384901796
-0.110338762029	-0.515602557284	-0.802102060262
-0.580044610359	-0.739441899543	-0.341722002794
1.96140280874	2.28867644733	0.839339649187
0.725814747465	-0.646767689692	0.23427442868
-1.32751885802	0.647656682298	0.00325924389534
0.818935865893	-0.313530612689	-0.480668911477
-0.344082918438	2.04724102333	-0.834321962381
-0.624348202114	0.264151146266	0.735128216329
-0.735944036888	0.269923625199	-1.51345790445
-0.840289339946	0.27599155392	0.46662885395
0.857963330396	2.05070224087	2.26856321735
0.0483830584772	-0.526454135349	-0.848825731836
-0.52166280567	-0.30906834502	1.15692301508
0.0560604133329	0.931875762384	0.358419856506
-0.734631600645	-1.77145945992	-1.95914487519
-0.23517212586	-0.775807201585	0.585505983904
-1.66861102837	1.93381203993	1.54666272588
0.12302131887	0.116180723531	0.985579928054
0.715360229631	1.43385044378	-0.978653423886
-0.748435524099	0.646118635276	0.149582670837
0.0232810989013	2.0754641946	1.28624681744
0.0333416581679	0.854042714648	0.519133292505
-0.216319945821	-0.803498177943	-2.05085511291
0.204195409149	-0.903527463394	-0.376752382575
-1.37725660238	1.53637386619	-0.266127525037
0.864674855602	-0.50098059248	0.0368217333608
-0.965939936903	1.90516439947	0.6821208347
0.68259243898	0.267729241978	0.6799916288
2.2839814731	2.66881433076	-0.194836596982
0.700921448643	0.548019766582	-0.456490370399
2.26539617633	-2.74706953972	-0.731417931386
0.329254880322	0.772346414792	-0.543205522194
0.57342180238	-2.25157264604	1.16529199821
0.705867583453	0.172298939595	-0.687069159579
2.67402369161	-1.82993607782	0.515869685983
-0.452141427763	-0.505953593814	0.734560474166
-1.17016838259	0.163809283303	0.398709569218
-0.065809109045	0.550028042491	0.832549286013
0.648615765874	-0.159487245105	1.52945726024
-0.721699647434	-0.364261603497	-0.588611164617
2.77807305389	-0.483055007364	2.14968043389
0.379265342122	-0.0566635828756	0.9235513189
2.18747027882	-0.474861403026	2.60419297898
-0.493136921344	-0.807741079709	-0.323063964188
1.77238771982	-0.683512710554	-0.486424834063
-0.325241360325	0.780416920227	0.534010756593
-2.2845928119	-0.289458725399	-0.852157344587
-0.718099108496	-0.558893940194	0.414694145114
-2.24058825529	1.34317034587	2.35911426574
-0.624071017259	-0.543724299638	-0.561158846853
1.99293520094	2.51403742207	2.48482059961
0.304509642291	-0.704447955126	0.641113840336
-0.119701935064	0.884394147079	1.8121760368
-0.798161432928	-0.125324984502	-0.589263926646
-2.76315275712	-2.29584679554	-2.37135802857
-0.494501737444	-0.862051936075	-0.111060754431
0.178735390362	-0.528160351403	1.01178583891
0.816737483703	-0.129989770024	0.562176611399
-0.111285016485	0.499190206126	0.612007598934
-0.556848153458	-0.668227003348	-0.493348564391
-0.304909030152	-2.02689838858	-2.27821443826
0.863833431489	0.140582697952	0.483764723475
-0.722673875544	-0.167531046027	0.192212939458
0.74438811754	0.663710911777	-0.0733086356051
-1.05981497484	0.610415982604	0.589614808121
0.410104106583	-0.565772177198	0.715343599449
-1.38664061562	-1.05630344781	-0.481036969354
-0.126983567216	-0.747006779187	0.652576467171
1.50051071498	-2.25456663073	2.29758991435
-0.709652149437	-0.359044368819	0.606202085133
2.18004783627	-1.29227806668	1.50020580553
0.000707223957387	-0.485915149296	0.874005702223
0.670974952092	-2.41363100367	1.37968436055
0.391606638347	0.590311818123	-0.705815980399
-0.390338083801	-2.47953188939	-1.90647765135
0.13774870509	0.335540154626	0.931900262302
1.66840011088	-2.30627391441	2.06450914316
0.11224739209	-0.0143180110541	0.993577132149
-0.402579429766	-2.35142287162	0.906968386396
0.452306113807	-0.813623123122	-0.365289738336
-2.45856346177	-1.82762041716	-1.18506566578
0.382752811599	-0.889592029286	0.249251492763
-1.33537154924	2.02069737377	1.74814476012
0.836784035449	0.417222833754	-0.354566756777
-2.57349097359	0.865380280187	1.37169829061
0.504143114317	0.85098774825	0.14717191517
-0.223532578858	1.75445020854	-1.81004495965
-0.912702087449	0.362947628008	-0.18773363814
1.43281387343	0.412881622872	1.19097348791
-0.761807551989	0.492783756578	-0.420491882186
1.17052840256	-0.122824121325	1.30694153702
-0.404143148849	0.690110591771	0.600346305364
-2.40871667992	2.40880554047	2.28215625546
0.100312412926	0.659601651358	0.744891321831
-0.465283765049	0.0812232472197	-2.36623479902
-0.556959569263	0.273908178357	-0.784072922651
-2.01958899491	2.35722548525	1.36789345165
0.450679101903	0.623350624775	-0.639001052973
-0.338539040162	-2.11641141361	0.86039284823
0.670281176258	-0.690007588894	0.273153202477
-0.741807812465	0.233780096092	2.05534984271
0.256452454599	-0.801504356238	-0.540206354517
1.04018148041	0.996566305465	-0.44267278719
-0.00429823147195	-0.999768409461	-0.0210867885395
-1.17422642002	0.39331735153	-2.64143214498
-0.451414395878	-0.698714612105	-0.554998138758
-1.92017156552	2.03632173728	0.760139875645
0.746424457945	0.243480088972	-0.619328648502
0.215864227836	-1.97182254965	-1.94054236975
-0.717175103396	0.65774373899	0.230289046395
0.0919113318286	-2.26303888918	0.0179934816425
0.770226914976	-0.311743142905	-0.556387196382
0.513028686424	-0.48789065656	-1.66214178617
-0.214255423509	0.689754099352	0.691616870763
-1.74358511746	-1.48616771652	2.18802795538
0.313952530264	0.916379411584	-0.248359784919
1.69867935081	0.432647537843	-1.08656781397
0.222732833648	0.581771981151	-0.782260472453
-2.55316409164	0.289592255417	-0.148772785158
0.628645243025	-0.222355027114	0.745227079714
-1.11589146646	-2.07047296202	-1.2058243014
-0.772200608697	0.621103992734	-0.133925539524
-1.65161651849	-1.4218233958	-0.447141091085
-0.153300853262	-0.944926471484	0.289158800451
-2.14393892117	0.830821822388	-1.5307418384
0.335023786398	-0.415927522684	-0.845436785586
-0.707023420305	-1.00651600731	-0.735200409541
0.190746325112	0.563236171683	-0.803978142965
-1.23312072514	1.43448340138	1.7276679625
-0.536468298423	0.469541313135	0.701236564967
0.79341508563	-0.0849830680703	1.78301675944
0.703246855355	-0.707684600655	-0.0680173979838
0.149156196376	-1.8669232112	-0.538597975314
0.642422408084	-0.763360485579	-0.0676329701304
-2.1536174467	-0.184718247026	-1.84228426513
0.551362336804	0.00453716859798	-0.834253551179
2.20118663787	0.597289001223	-0.960941471053
0.150467900882	0.586264053776	0.796023787367
0.734495175256	0.109297879862	2.66290966865
-0.367961551301	-0.814960857071	-0.44770872027
0.167617376725	1.5393899397	0.88732091387
-0.0933958892823	0.993040540331	-0.0717474259034
-2.64475889843	-1.88576810899	-1.05330290526
-0.832051915668	-0.00501072417023	-0.554675132197
2.276399092	-0.325885557478	2.48695476093
0.723573377213	0.438078552406	0.533412363665
2.43372329754	-2.3027902116	-0.425849452098
-0.364658104604	0.695745763536	-0.618839477788
2.04302871757	0.519481427446	-1.8399642516
-0.282537862604	-0.854127277248	0.436622205637
0.968121290784	1.04538422027	1.72129974297
0.223480458743	0.646221887207	-0.729694290134
0.0345545836577	-2.48226745532	1.84072217267
0.223019187797	0.388875166535	-0.893889560699
-2.27750549095	2.31976220479	1.10508528487
-0.603167844812	-0.591407694148	0.5351873413
-2.71696647523	2.68685919186	-1.37671511459
0.496005624755	0.736020941272	-0.460707710181
1.82708816196	0.67820658491	2.47075298687
-0.628865818147	0.533407346119	-0.565689301536
-2.61312759107	-1.24681765581	1.05252205894
0.585740727415	0.161811767382	-0.794181813053
2.59938860144	0.585887836066	0.775138582972
0.0392290535471	0.640441159287	0.767004695454
2.47760767166	0.61941692235	1.53254229614
0.927476769766	-0.15468934714	-0.340379269972
0.883438448054	-0.368699234588	1.59895579273
-0.881936823416	-0.0112381318036	-0.471233640454
-0.271646321401	2.16861294601	-1.19080565249
-0.591420412715	-0.647243805261	-0.480933833261
2.5046053818	0.305831834703	0.754014127494
-0.356397811574	0.551729202134	-0.754039446858
1.93248197285	2.32686763799	2.72893908978
-0.0822062193313	-0.981566563663	0.172537586053
1.20488978501	1.68862205801	2.39378090585
0.778811802624	-0.585151485707	0.225942282163
2.40336160985	-1.38775125047	0.969201116455
-0.707183968846	-0.624431360215	-0.33162676398
-2.46695170126	1.7967693956	-2.78059352172
-0.167232637409	0.949445382984	-0.265681594613
1.39317088587	-2.81382431435	-0.337133494889
-0.0896727854671	0.599165433043	-0.795587566138
1.66660612869	-2.33651836718	0.608084194838
0.429670042061	-0.397899991257	-0.810591914537
-0.735162616535	-2.66913408347	2.61657476802
0.680939845912	-0.477307449046	0.555426435574
0.168404007842	2.5507772448	-2.28577547568
0.128290391684	-0.757094880822	-0.640584824074
0.752470389856	2.28769207617	-2.693192856
-0.780225163961	-0.570523756589	0.256420234558
1.3362016466	-0.315834039906	-2.02665927949
-0.308220681746	-0.00321339770369	0.951309458283
1.49241059812	-2.29893203357	-1.28069630867
-0.750937850106	0.624068251098	-0.215942499867
0.00123812714943	2.52387182367	-2.00995655052
0.726828851476	-0.0892294275492	0.680997745901
-0.697293264981	1.10942871341	-0.681163108349
0.237873576873	-0.763472024127	0.600438697787
-1.81474042745	2.43388441153	-2.11397628236
0.916051877807	-0.0822164355079	0.392542246005
0.234703195791	-2.79279923563	0.582541873365
-0.628014755427	-0.349365445692	0.695371305363
-0.971458527193	-0.825411054784	-1.03460805149
-0.556205463323	-0.828919504967	-0.0593964380735
1.42512106479	-2.63145017972	-2.28449614148
-0.650234696249	0.751480859307	-0.111675233997
2.08141536437	-0.83562255112	-0.420220549989
0.296532619057	-0.323141348044	-0.898692425149
-0.778957906231	1.3329360829	-1.51584185042
0.0609233581028	-0.973565996276	0.220130859566
-0.504919651039	-0.0806375834242	2.22477930314
-0.248253586182	-0.882077702296	0.400386168667
-0.678722691992	-2.507870352	0.718745375443
0.275948402006	0.154417475618	-0.948687368238
-2.00720211984	0.848799087401	0.851958675529
0.881989514716	-0.371216161359	0.290332666913
-1.42085140297	-0.0233776653666	2.04423429871
0.923518017133	-0.345599418733	-0.166359591855
-0.108025530118	-1.73890776843	1.11576052971
0.952063760226	0.0268682623656	0.30471739849
1.55308244248	-0.806369520895	0.670816704559
-0.471208837626	0.510301579559	-0.719412627942
-1.81058083651	0.630368361914	1.15037549808
-0.378379276474	0.674832188364	0.633585543303
1.02537655275	1.51792469767	-0.792885370318
-0.222573806605	-0.75233374989	0.620044215673
-2.23978316592	-0.0147368857753	-1.24309900797
0.544506763881	0.555368267394	-0.628552680099
-1.63956079841	1.54363888042	-2.20346683162
-0.940551930697	0.0796974471853	-0.330167203966
-2.81026414568	-0.510510919539	-0.494619476058
-0.725474551964	0.270575178865	-0.632831531322
-0.401748840876	2.29057801616	1.51367216559
-0.692062917699	-0.575558890596	0.435638475574
-0.408806355702	-1.48847513151	-0.0623062418423
-0.677949313398	-0.675147611975	-0.29079276213
1.05847769729	-2.45734796822	1.09888120915
-0.497248743328	0.293977608363	0.816284786726
1.95413979986	2.69426100202	-1.33692020273
0.402281573856	0.714522754656	0.572386904475
2.45922297243	2.70338172392	1.16853619707
-0.96318623643	-0.0240766546263	-0.267754717334
-0.666511396892	-1.32073044423	1.47163421692
-0.409447512203	0.796110782194	0.445601118967
1.1554876444	1.22824640223	-1.42512410645
-0.336707540185	-0.532219214897	-0.77676942504
1.57050086684	2.69657369359	1.57811642501
-0.79142402056	0.56605777392	0.230708942751
-2.49302377839	-0.465038890382	-1.87321918466
-0.722128776362	-0.629093563894	0.28770004904
-2.3321819442	-0.878680457239	-0.641385114236
-0.731739226187	-0.673119840565	-0.107085877206
-1.76783038677	0.149967288677	0.172590881204
0.200904922983	-0.657613038527	0.726073208073
1.25825291588	-2.66717544799	-2.39830613838
-0.530620287418	0.688357835289	0.49457618339
1.87326090976	-1.12006407091	-2.09833128445
0.952348974118	0.0384410199958	-0.302578451773
0.178044643025	0.891618227923	1.06030807324
-0.763562730734	0.42604805658	0.485237065483
-1.89319858431	-2.4811120366	1.63346586065
-0.723713416505	0.161337457159	0.670976240777
1.19109381921	0.251118748638	0.527197625033
-0.840132549515	0.34728684441	-0.416616306624
1.90756318511	1.42768921859	1.25478249649
0.712164198821	-0.249288817778	-0.65626003935
2.25884664783	-2.31417982749	2.19952260688
-0.0741158495003	0.421152422496	-0.90395656858
-2.20478393319	2.46983439981	0.0841776591198
0.511899076805	0.0647573531993	0.856601319385
-0.305846473341	0.78370459376	1.71487301198
-0.574905364435	0.637161890664	-0.513330835845
-2.16197810625	2.72458243463	2.59553886053
-0.170731217349	-0.321071879553	-0.931538351107
-0.347632336185	2.62966661942	0.798541747292
0.617470147338	-0.267822793222	-0.739595543914
2.5067222657	2.66230431779	1.87498246919
0.231287803719	-0.514295068019	0.825836869401
-0.497782945498	0.131077414332	0.866734634138
0.206058832119	-0.97771465816	0.040172190934
2.03482692886	2.29772442679	-2.03512020227
-0.457634294773	0.888794708359	0.0247955367309
1.18962812157	-2.41837005594	1.38130533697
-0.412310352049	-0.863716464444	0.289817257323
1.25837951409	0.334195013285	-1.33317043443
0.897310019903	-0.438606742185	-0.0495868318426
-0.0208555918104	-2.69845039648	-0.22259111897
-0.0356278254922	-0.167949701474	-0.985151539523
0.168962443897	-0.779547989282	-1.85254496575
0.439193929278	0.794964835525	-0.418496837222
1.14519253386	0.485125594262	-2.06269233736
0.847047238005	0.509916450471	0.149987299887
-0.000469953481232	-2.7543357694	-0.875786357705
0.851074796317	-0.0220437154999	-0.524581514811
-2.42759809041	-1.30547803004	-1.97229884765
-0.80524652284	-0.57271526599	0.153542377068
0.754603949045	-0.645098778567	1.49591847877
-0.446282879474	0.834423245223	0.323371982892
-2.1069356959	-2.40151407712	1.50468242388
0.60210768518	0.590739787726	0.537115293623
1.61315142069	0.915815938071	-1.96085603969
-0.356701992025	-0.539298696935	0.762837206991
-0.530278070376	1.76554846749	-2.8099226223
0.155044261045	-0.653385795961	-0.740977920558
-0.533175321061	1.45602782086	-1.45777162271
0.66343177569	0.205716632892	-0.719401797299
2.03744161762	-1.28710910596	0.742771979636
0.25272590109	0.964470881685	-0.0769775116449
-2.1098481794	-2.65858689122	2.52408445684
0.366484678583	0.899820957485	-0.236666906926
-0.88498853625	-2.26134120078	-2.7388483509
-0.840372666502	0.535788316055	-0.081881999092
-0.491400525918	0.797357692337	-2.73662179346
0.565006930811	0.249304311117	0.786520520136
-0.979457690112	2.46917050727	2.67605071422
0.88476797118	-0.405412118654	0.229840490824
2.45163425592	0.963154064513	0.807373445677
-0.884190629228	0.252146542721	-0.393229007298
1.3169872436	-0.776150064343	-1.29953829659
0.861682858599	0.268006543387	-0.430900387442
0.534449907483	2.44177635409	2.37561068072
-0.323654455952	0.711137846056	0.624123991728
2.08375300716	2.35903607107	1.75825749278
-0.741696900014	-0.395894686793	0.541436150879
-2.65067137891	0.526899979415	1.607959819
-0.564939314835	0.234623005899	0.791072446529
0.284623044464	1.03115653459	0.956187013817
-0.722182422222	0.121677284114	-0.680916432144
0.868341085819	1.22000116122	1.67928537388
-0.619316932486	-0.144183356338	0.771788634855
-1.62078730922	0.389490094267	-0.768358238512
0.413725607305	-0.736799076866	0.534750635521
2.13599375135	0.0995734195614	0.435090538623
-0.447708459605	0.0689780864866	-0.89151509173
1.96305119724	2.18051097638	1.50816162045
0.677818403341	0.7011807635	0.221150964252
1.0025635524	1.82163374718	2.8239912941
0.563324913898	-0.821123658767	0.0917658890542
-2.70683628477	-2.34737228334	-1.90092476305
-0.350186947552	-0.742928213375	-0.570461893149
2.0303306231	0.559458822334	-0.60253759795
-0.0624468997262	0.942052303328	-0.32960255234
1.33968435568	-0.855831837246	0.799050859106
-0.0757088227652	0.427843686411	-0.90067638703
-2.09776007697	2.26841772176	-2.26688127923
0.283758206986	-0.706410095547	-0.648433540833
-1.49094858798	-2.67023746236	2.48479922896
-0.03367752873	0.406669159441	0.912954554629
0.0192507074925	0.844160427142	1.43845716081
0.900763766299	-0.358902911023	-0.244567654814
-0.942964709397	-0.0275566335593	-1.6325629166
0.697849646102	-0.686480649506	-0.204328630615
-2.03447429478	-1.88068178089	0.0739043769586
0.157588466352	-0.693385556317	-0.703123279065
0.239083748488	-1.32590428461	1.3191951438
0.0511633112157	0.829396707512	-0.556312337769
-0.76635278458	-1.75878180912	2.15563758035
-0.779083478978	-0.438853955728	-0.447700947425
-1.48906547048	-0.946769142505	-1.85491415628
0.49877355412	0.753944926526	-0.427541798513
0.123866590351	-1.94478929313	-0.0981984152134
0.698918742674	0.256859220011	0.667484780526
-0.0755990975518	0.359873256043	2.53082166158
-0.670733253813	0.738857773003	-0.0648544023369
0.612400256096	-0.0253508911729	-2.43717946835
0.152963758335	0.844192379742	0.513752191841
0.523901880419	1.33575289615	-0.478658868095
0.577497562298	0.807748733513	0.118484383138
1.8980316928	-2.65683988193	1.82547816844
0.0774278271113	-0.103021272469	-0.991661005086
-2.60312081314	1.89694407892	0.55543311484
-0.273868972816	-0.885538954035	0.375255308577
0.956083347322	1.49910862831	0.0553731829378
0.840847814399	0.143190037041	-0.521988090201
0.117536623831	-1.03522291842	2.18987770121
-0.649450711198	0.737522856005	0.185131873521
-0.242412809825	1.3451130316	-1.04557516379
-0.391866663553	-0.01939452219	-0.919817574579
0.0526704613566	1.69299662877	1.49460922117
0.10730461364	0.371931510682	-0.922037239624
-0.340238834015	-1.10364120171	1.53855986001
0.499723920921	0.404630283743	-0.765865743024
-1.45129163456	1.93911418738	2.02815797248
-0.202541203058	-0.288096356567	-0.9359367235
-1.32968580614	-0.690270396097	0.700532908139
0.375832852122	-0.105969241365	-0.920608596066
1.44955422363	-2.30639740318	0.993163963176
-0.313879152016	-0.00420086754841	-0.949453648495
0.244787442803	1.58477069384	1.50150185765
-0.77400561197	0.154784049937	-0.613968411666
1.135159157	0.473360024429	2.55369466995
-0.789967935642	0.493128696686	0.364382696025
0.168654379735	2.49307635766	-0.933039077923
-0.821343555459	0.127995503626	0.555888401532
0.503844249574	1.09669615425	-1.41383687721
0.620654182556	0.406780241313	-0.670312032529
-2.27508897832	-0.361576007933	-2.69954394447
-0.422157981312	0.45395259737	-0.784671700876
1.21835040512	-0.693625881282	-1.93766679117
0.851049434349	0.366934004396	0.375598584545
-0.202064253612	-0.892119706917	2.54375492606
-0.46891418549	-0.366251934046	0.803728192522
0.553196469627	0.873420049173	-1.72456273537
0.314361654856	-0.713360758349	0.626333120954
-1.26217285566	-2.19600299545	-1.10114580259
-0.919709304804	-0.389571060212	-0.0486742611794
-1.8175172258	-0.423901975632	-0.381994729649
-0.569094585836	-0.4591516591	-0.682137160927
1.17045170976	1.36712800936	1.65051571659
0.843090786283	0.446145664571	-0.30025317995
-2.58298877373	2.65632765863	2.74311942915
0.606862147251	0.773367179436	0.183361773567
-0.324628557894	0.0783243340809	0.100790990935
0.801905649814	0.280267592148	0.527633779802
-2.0874111716	-1.77968350803	2.19323711236
0.49785595287	-0.866706294476	-0.0309782069747
