736
-2.11306244464	-1.77845868621	2.08715690067
-0.805628412414	-0.555752463157	0.205187867104
0.501382519892	-1.32599109125	-1.54791333839
0.479076673526	-0.621438686104	0.619918946554
2.84077652982	0.806347623225	2.66444273149
0.033479503794	0.821953070532	0.568570376179
0.450909707449	-1.10408482005	-1.98374302822
0.063497586155	0.743825237936	0.665351089247
-2.71925805853	-2.02730906365	-0.217567027208
0.144311696377	-0.677586709099	0.721145190611
0.666316737395	0.98340614965	-2.16443360502
0.618506421991	-0.589146905742	-0.519957430383
2.00325205771	-0.767460090914	-0.536778453192
0.18577074591	-0.982589055045	0.00282468941307
-2.28491975184	-0.212633095327	-2.34869789167
0.560373652146	-0.414095750367	0.717290791457
-0.956378559326	1.87283198082	-1.16932229798
-0.0675150376894	0.508476867455	-0.858424717112
-1.29647630523	1.01578449808	-2.20584763271
0.2886122704	0.584660279568	-0.758205325008
2.0127152322	1.41819844499	-2.98255190927
-0.977375258674	0.174260593548	-0.119878477088
-2.93340070155	1.37143301551	-1.45564351492
-0.14816840951	-0.845084420006	0.513691001952
-2.42887255654	0.316901603771	1.32152163614
0.0701002787945	0.354801888718	-0.932309804022
-0.54165195574	-1.1448743277	0.494742171286
0.100029488971	-0.801270425175	-0.589881180473
2.91087011298	-2.66560388474	0.350720965474
0.0562189222885	-0.594135005151	0.802398297874
2.3524225219	0.991297049798	2.39052290693
0.568347816703	-0.790965951774	0.226613376443
-0.317147208711	-2.26056819501	-2.7258653017
-0.567805000349	0.263611046336	0.779811963122
-0.374458900203	-1.01152339894	2.70572823601
-0.187218019394	0.694476029838	-0.694731931895
-0.303207037954	-0.940202305281	2.52973947624
0.965450205735	-0.224185920067	-0.132840406086
-2.14160202742	-2.3520329079	-1.8981479894
0.479868123085	0.809377423609	-0.338577569546
1.31689576222	-2.67228103201	-0.0909088189385
-0.524218348638	0.760969443517	0.382257281141
-1.34013803481	-1.21596322526	0.0942919267481
-0.092782851467	-0.606914598749	-0.789332637295
2.72438647322	2.94491538084	-2.16650079039
0.535755920774	-0.658714024926	0.528262649373
-2.39821923049	-1.67545775237	-1.31977514938
-0.153335307108	-0.957100535147	0.245859409451
1.64887835202	0.433835357278	-0.196917760699
-0.871427732583	-0.282844792423	-0.400764931454
2.59664550027	-1.40868710077	-1.8148073771
0.444934394092	0.215755905467	-0.869185120794
1.4071414161	1.73491732026	1.7224170706
0.324334638298	0.928667174686	-0.17995644212
0.208453128085	1.42686475341	-2.47508220222
-0.886434332549	-0.454074303467	-0.0897256987105
-1.2550798797	-0.420061217013	1.70936465572
0.999250170356	-0.0359519738318	-0.0143719386408
1.41893144446	-3.03444235168	1.62469218058
0.671929676951	-0.0275532173673	0.740102242562
0.914698545228	2.22295198093	0.783408465877
0.610409853665	0.448178964123	-0.653096797318
-1.60530633476	1.72411471911	-2.63036230097
0.248828811987	-0.826254799593	-0.505358514795
0.537579339297	-1.99853197555	2.34060971751
-0.897515194539	0.417839233304	-0.140985285345
-0.109489467107	-1.63298641758	-1.76291476949
0.352728362117	0.408646967495	-0.841778093392
3.04031624897	1.66184833982	-1.78752365
-0.0807901222711	0.817226775572	-0.570625405525
-0.0718511430123	0.145776742985	2.42417302202
-0.191992298548	-0.347500910772	0.91781374707
0.524211638677	-2.09198114424	-0.414142257557
-0.704211536956	0.0483266266472	-0.708343594857
2.67522101278	-1.05188081505	1.9008490481
-0.687988577356	0.624873922397	0.36905866544
-0.064358060978	-0.580794543611	2.27216859172
0.584349913461	-0.644469793826	0.493146898484
2.52199298892	-0.486161305987	0.0809540333142
-0.393571870421	0.705502719844	0.589378566887
1.75072705282	-2.38713799011	-2.68935138993
-0.382215957346	0.783606950132	-0.489766382732
-2.63600888747	-1.9989704267	2.71069954396
0.06240705684	0.976598325535	0.205818050277
-3.03916995813	-2.15757978057	2.66967371816
-0.53103785582	0.0640770409773	-0.844921847572
-1.60156585619	-1.08307621944	-0.879943444804
-0.726204694798	0.280299945951	0.627740935062
2.23955693966	2.38290255513	-2.2311547271
-0.65720870031	0.116851146474	-0.744595550487
0.272774973615	2.30046607172	0.484351187417
0.413603683431	-0.879177144433	-0.236599961453
1.16550949659	-0.855129688555	1.01024387821
0.0870873525112	0.879241408716	0.468348522184
2.31604355633	1.77912359475	1.96009350307
-0.631691192405	-0.189532395775	-0.751693892745
1.84294596756	-2.93326064654	0.608468074182
0.818841661912	-0.0334057329459	-0.573046585997
0.5275827182	0.0210794868739	-2.84994093578
-0.531660242937	0.621067440317	-0.575858160191
-0.822145097123	2.89574147873	0.647484732846
-0.431621989249	0.756555933243	0.49124899824
1.5752655378	0.801440477833	2.06353635687
0.422862398776	0.334736919437	-0.842103667292
1.69924788635	-2.77428645166	-2.76486420544
0.725655964264	-0.246225007557	-0.642492542511
-1.847089146	1.56379763951	1.26990883442
-0.316813057637	-0.489501192625	-0.812414961045
-1.93601518351	-1.36567904606	2.28817045033
0.71644125137	-0.0410595851348	0.69643811197
1.79702899678	-1.33225202208	1.24453964842
0.644818041886	0.702464681915	-0.301252491309
-2.92806734796	-2.99701048966	-0.0453084671462
-0.502727093856	0.69950860287	0.507890917043
2.52988274255	2.3931191377	-0.571173178131
-0.491228530051	-0.572888698398	0.656119707455
1.83137490189	2.85037688602	1.03091061752
0.953694711535	0.266703035219	-0.139053544347
0.118048499774	-1.25547766236	-0.384662017576
0.742876608156	-0.315602166613	0.590363970347
1.50427372822	1.9401664965	1.73691932237
0.515333992525	0.646644213958	0.562389666248
-0.141033254025	-0.400457323926	-2.71746387957
-0.706873902606	-0.629678613411	0.322233036214
-1.44438624856	0.534505311928	-1.82676493739
-0.400885862332	0.754101978077	-0.520212199052
-1.64331304493	1.598793762	-0.0701147685147
-0.336991001643	-0.94131776206	-0.0189191871299
1.77104395329	2.63568059778	1.49485488396
-0.81176436305	-0.499677550932	0.302259762419
-2.85759439378	-1.77494857565	0.00316071823369
-0.730242569155	-0.041161692519	0.681946849294
1.63980306033	2.309918021	-1.47892919027
-0.609721828446	0.638204505159	0.470036489553
-1.91835648373	-3.02747534965	2.86467865794
0.530101559869	-0.526760741207	0.664466295419
-1.22484816094	-2.86428118031	-1.06809666742
-0.647793382378	0.679376734153	0.34468969645
1.58726212393	-1.27626520686	0.586895549505
0.969767602362	0.159277114077	-0.184882661003
0.455198124924	2.45290291905	-1.50875158559
0.614557747754	0.0938368795937	-0.783270971442
0.494083683929	2.16351087195	2.68357866592
-0.697422060375	-0.462312209999	0.547603771159
0.271422965284	-0.497958930451	-0.902910132754
-0.337949157172	-0.927059387716	-0.16233070817
2.13579628689	1.56767529713	-2.89459983064
0.599396236695	0.368999983647	-0.710326096595
1.0819858205	-2.69020840006	-0.998914782739
-0.49475608776	0.380899659855	-0.781109379503
2.37342926876	2.71905240701	-1.37156726326
0.408577876315	-0.848217158791	0.337033782458
-1.7010558455	-1.59666509709	-2.2715382646
0.905363471321	-0.14953404234	0.397437485624
-2.25582151791	-1.25806038168	2.72819305526
-0.728820416901	-0.545848820504	-0.413364082938
-2.35889575728	1.20062934653	1.39251082734
0.599183356181	-0.426156747521	-0.677768199474
2.32274808307	0.863445268589	-2.40507149083
-0.622378834156	0.178611835475	-0.762064563552
-1.07062382221	-2.52482688138	-2.17205954683
0.667836412568	0.7139915318	0.210263212584
-2.89899098677	2.62351990649	-2.9614702065
-0.550025474366	0.513934760727	0.658287960747
2.38168456282	1.76101254124	-0.48066074195
-0.412950787496	-0.784773319595	0.462171487609
-1.74574771813	0.95500704882	-0.568708384481
-0.727217640384	0.635252982958	0.260015674828
1.26241915039	-0.598558149937	2.32683859752
-0.344111277634	-0.847173172996	-0.404827177399
0.771455111489	1.48795676409	2.07322219646
0.187445977226	0.133926358464	-0.973102120093
-2.55105215576	0.0843977558602	-1.38007082299
-0.9675447347	0.0825295240551	-0.238843178703
3.05490893855	0.908298933199	-1.91746550186
-0.442055123259	-0.322405730202	0.837043495365
2.29609458198	0.181916877317	2.06685405169
-0.638493328244	0.460875728584	0.616376372512
-2.69489518953	2.42215490708	2.53907938965
-0.549079461904	0.354666678851	0.756784838265
1.40489515929	1.86145785621	-2.45530622521
0.665193955608	0.406498543283	0.626319356025
2.1862472083	-0.281137952569	0.446600348425
0.507777454231	0.839149762341	0.194909551684
2.93996748709	-0.0442568148355	2.75353487103
-0.755589468632	0.551740866512	-0.35308153607
1.65406100342	0.740354796354	1.16694526902
0.678797748464	-0.237336091007	-0.694913805148
1.90071363783	1.29696324005	0.02123465099
0.554083694992	0.798380621303	0.235753350924
-1.09332716351	1.87206146019	0.203004188642
0.795636571401	0.117593834267	-0.594250903569
-1.94824341999	1.29639321553	1.9194803064
-0.479954938728	0.832338352635	-0.27722936988
-2.81072020268	0.961786330283	-0.8891925104
0.405808248159	-0.581664216937	0.704972626746
-0.138918023559	1.50102241868	0.89298475794
-0.728200666013	-0.549135103607	-0.410090755815
-2.56594255667	-0.51882822133	0.110819428815
0.756056557829	0.644569963023	0.113613573718
-0.606467455265	2.2186260724	-0.73336929324
0.889986321998	-0.130846621394	-0.43681060922
-2.49979796852	2.67629928556	-0.883367114749
-0.029845715485	0.0150054056483	-0.999441879785
-1.54108571151	-1.72289381132	-2.30511692591
0.303934135538	0.831002869903	0.465895129259
-0.857954616627	0.783806028967	-1.64499409546
-0.147137986902	0.770271682542	-0.620509426105
1.45765347783	1.07460590089	0.382648424629
0.381857619869	0.883017764244	-0.272881634007
1.65448705561	-0.930673242901	0.351931883879
-0.701278044872	-0.475687636468	0.530971163334
2.79733890521	2.79644683265	0.901777516095
-0.715060266596	0.646111373334	0.266887445161
0.779704791503	1.1273570731	-0.937868956289
-0.495182347625	0.403254224689	-0.769532632753
-2.90464131585	-1.08249577532	1.67440312777
0.370452044257	-0.746552050706	-0.55265298198
0.1812001095	2.43531654796	-0.972485871962
-0.207616577394	0.292187291831	-0.933553396054
-1.57130793784	-1.45474177361	2.55680065177
-0.413849421841	-0.910000430959	-0.0250573681013
3.0243463007	0.191609755051	2.91813581513
-0.334187575301	-0.8821061617	0.331974974969
-0.170017108637	2.47343034576	-0.716129615733
0.41294589581	-0.0373663149969	-0.909988706324
0.0811233278554	2.35301605773	0.865937217546
-0.594045272933	-0.744315125943	0.305131458554
-1.89879228434	-0.11465614668	-0.220037272345
0.48629758258	0.572601576777	-0.660031889722
2.73741569233	-2.49724976237	0.169059091183
-0.56641377037	-0.682470673986	-0.461962357648
0.56994102512	-0.629330829885	2.61613872018
0.493092623215	0.394424142167	0.775428437064
2.52606949176	2.86876827675	-1.21031491838
0.707308218892	0.525231091556	-0.473125125047
2.34321596053	-1.29330868644	-1.56110132591
-0.199218231983	-0.446305688788	-0.872423823724
2.78354063113	-0.997005132382	-0.492924199571
-0.875400001522	0.152322596234	-0.458772998346
-0.218046649388	-1.39626137791	-0.259279816475
0.0199569826289	-0.582192499685	-0.812806011392
-2.85218143151	0.782767931992	-2.14707764365
0.805074562639	0.381453933426	0.454255264434
-0.349135305451	-1.1863237578	-1.31778974703
-0.755502323087	0.32410491774	-0.569361257996
-0.203270711098	2.85110452554	2.41349710435
-0.684609189827	0.697177225341	0.212730283859
-2.90984564144	0.779154614928	-1.83732347364
-0.171416508522	0.757022030456	-0.630502994451
-2.29177179318	-0.564244351321	2.44980688011
-0.909076054285	-0.268177274827	-0.318844282984
-2.38129880055	3.03588612771	-2.9168591861
0.188824144356	0.623535320245	-0.758649554745
-0.973872010174	2.04173397864	2.19634195203
0.844630015954	-0.412187577468	-0.34161606685
2.04499138882	2.63318904255	1.06415048442
0.686933239842	0.444718449221	-0.574759275631
-0.178300327201	1.18520045439	1.11272287295
0.637139731928	-0.703015764003	-0.315945877584
-1.75773260139	0.146259045004	-0.602153860396
0.806291438301	-0.114768739711	0.580277737732
-0.768659232496	-2.1793241708	2.00665952927
0.754368834773	0.24690862131	0.608246491027
-1.90502573982	-0.247639799929	0.271492551479
0.0291868302714	-0.272806510164	0.961626089991
3.01091708459	2.87639300777	2.2970697603
0.282849719098	0.955783198805	-0.0804643603618
-1.34017709325	-2.63349400276	-0.351730902223
-0.572470726963	0.521054855454	-0.633071168494
-2.53170425441	-0.882519136831	0.439889878407
0.491585416659	0.52020062801	0.698380329581
-1.82734273319	2.54823062019	2.90009864528
0.687994927479	-0.104323688142	0.718177936069
2.91246802213	-2.23070765153	-0.934496207012
0.661903966591	0.677935055209	0.319823701325
0.138572974091	-2.6236400508	-0.862683686102
-0.261930251272	0.930249134637	0.256961263571
-0.383311444592	0.640208917627	1.47743160685
0.699907242654	-0.236971049595	0.673776352608
-0.189321195367	1.41177215474	-1.09868025144
0.701137422139	0.695248311957	0.158228000042
2.01863901337	-2.29465740367	-2.5117085111
-0.160861089416	-0.397019464374	-0.903603483183
1.84256703494	-0.0449416488367	-2.06153270112
-0.696135238429	-0.441632324147	0.566000547779
-0.589015321894	-2.96323361675	0.403686959599
0.401407263506	-0.398495924662	0.824665512091
-1.48184325744	2.03361657815	0.688258786412
0.772397633329	0.617649975929	0.148021631065
-2.52741534946	1.34274183231	0.907708679265
0.787543859817	-0.599752071562	-0.141676114859
-2.42874094458	0.827164930441	-1.78394546616
0.565012654611	-0.0377551550912	0.824217961703
-1.9425872686	-1.48918551946	1.51345949101
0.902408298174	-0.119958202342	-0.413846944024
-1.48405437016	-0.147077231653	2.82912184817
0.373877954833	0.728518076716	0.574000598247
2.2929460593	-2.54594283667	-0.205922625912
0.685302768193	0.72790615144	-0.0226439970651
-1.79355399457	-1.76362946566	1.46043420238
-0.466136121073	0.814165501903	0.346195973608
-0.0682677937412	-1.86050726656	-2.94558826726
0.130749417698	-0.700099960768	-0.701971961481
-2.43823658659	-1.15546629673	-0.289111340425
0.559687783286	-0.328299772234	-0.760900022862
-1.81310468005	1.89993116238	-0.858556543313
-0.38992528166	-0.920668016077	0.0181295034385
1.12913399916	2.11907486871	-0.923519963798
0.209270855499	0.714745035267	0.667341924054
2.71515024944	0.604654379251	0.0285068571451
-0.381044605992	0.608024555954	-0.696499208615
0.441473442702	1.78411179385	-2.48386498907
-0.538990684839	0.597859190189	-0.593340905689
-0.127162705898	1.80637206068	-1.73704730013
0.517739849764	-0.592237683487	-0.617413940743
-2.68992413759	1.25149833415	-2.70906139473
0.197607782275	-0.533465283307	0.822414710405
-1.49964368719	1.54627326422	-3.02390874664
0.204744731094	-0.701442028305	0.682684902438
1.84866679261	0.794973520278	-0.779903686742
0.684005716149	0.581890680462	-0.439931149462
2.74846159212	-1.27092074764	-2.13119307993
-0.353555583792	0.698778881306	-0.62185731821
0.359813046833	0.847119687041	-1.3344597642
-0.224281859988	-0.8613176618	0.455883244649
0.39769034626	-2.84502762063	2.32513160749
-0.459258621396	0.783556508592	0.418474272228
-1.79076937974	-2.25107579719	2.03592452929
0.655290444023	-0.658474581378	-0.370142755774
1.05709105174	1.27771060077	0.0868418923569
0.722323842659	0.175625194359	0.668882693327
2.58846934999	-1.34100982585	1.25627850173
-0.384167874926	0.717466664329	0.581082291462
-0.705259213956	0.505285911135	-0.771406421572
-0.730724389191	-0.674997558795	-0.102079197987
-1.84543780297	-1.16962765446	1.24449246812
0.41075632658	0.143096038299	0.900445869554
2.91277097238	1.64942300884	-1.05266163794
0.567019215666	-0.816391272593	-0.109519400559
-2.11963549617	2.64645514956	0.284395216866
-0.485719758565	-0.78015301636	0.394255738327
2.57267519695	-1.93813093114	1.71155811083
-0.429700853404	0.733230523526	-0.527001115704
2.14694355408	2.65966457611	2.1838100702
-0.750077306318	0.63182404791	0.195403190939
-1.03534335402	-0.0674281669428	-2.7920816115
-0.232480870777	0.937439673638	0.259151505905
-2.04080745593	1.7200550253	2.48613044348
0.672253269968	0.553495858475	-0.491648121798
-1.04505961108	-0.307520281775	-3.01090918361
0.896095226565	-0.443788942696	0.00804482862298
2.52071062856	-1.13072604435	1.112296212
-0.689943828197	0.572518239998	0.442945119402
-2.40957310012	0.381207317887	-1.61344082429
0.290198534251	-0.656134065362	-0.696615316362
-0.953944552669	-0.817175545613	-1.04673487076
0.370583358907	-0.866229934414	-0.335132324353
1.60137088501	1.00866002377	1.79665393695
-0.277760056493	-0.475463235481	0.834735923944
-0.168001356684	1.70305985849	0.388684881604
0.960587990347	-0.237938664639	0.143721622139
-2.57767987173	1.0105983723	-0.727886878012
0.22556523132	0.858272765179	0.460964409658
0.249882441276	0.129792671562	-1.24375567204
-0.146903166243	-0.659725916856	-0.737008259368
1.90149063073	-2.01275258689	0.062858990332
-0.869080881715	-0.366807817472	0.331889207536
-2.71751691577	1.85963636405	2.71668248984
0.458539916672	-0.876602770908	0.145975089848
-0.535848941014	-1.98524348364	-1.91763278525
-0.51490470975	-0.57377571639	0.63691017197
0.0831545834323	-1.01309555959	-1.11743934355
-0.0430724444956	0.800471444621	-0.597821236551
-0.55647014397	-1.22568497867	1.11363745964
-0.542812567505	0.387141724687	0.745302489977
2.82776422717	3.00044918693	-2.57265097436
0.879095270863	0.46787998219	0.090993554783
-2.18082974987	-2.28514898914	-0.443877190483
-0.232350696683	-0.371359529277	0.898946746902
-2.13457284122	-1.45023378405	-2.17852919764
-0.605834156079	0.507290483015	-0.612879548663
0.967902268126	-2.60583307581	0.673442656502
0.898985193064	-0.185688013746	0.396668103334
-0.414006515551	-0.432689218614	1.81903172255
-0.379351396368	-0.411328960276	-0.828794911007
-0.399975603506	-0.420288961006	-2.60334846412
0.738346605373	-0.569905607632	0.360627077082
1.23870254057	-0.0660951002903	2.17318376235
0.507223372296	0.847310911287	0.157444181255
-0.0403257252948	-0.512209925347	-2.50031785703
0.340800119867	0.856347587313	0.387974339359
-0.873795994711	2.19075624378	1.8604155097
0.486048978777	-0.845773647869	-0.220053009067
2.81674809831	-2.76806533781	-0.0719612551734
0.749723807513	-0.195800616534	-0.632120503554
-1.54128906127	-0.798934151452	-0.128675885731
-0.444494869141	-0.310465205371	-0.840259285912
-0.834683977442	-0.348752533417	2.83612201602
-0.827037987559	-0.282925465071	-0.485758528849
-1.61958563003	-2.14010422227	1.52642925167
-0.758738688932	0.363450205865	0.540573352815
-0.665675148853	2.34361749711	2.28997611513
0.997412682894	0.0718602009675	0.00201283843478
-1.71751124529	0.785265259567	2.48748163668
0.946948679602	-0.0293792729063	0.320039148424
-2.72147022233	2.81470261695	1.09973610366
0.651237633211	0.553488502166	-0.519172440582
-1.35308256511	-1.48574125633	1.72583326748
0.230473423171	0.955754858742	0.182796748338
1.44587923518	0.927280012433	1.1230321878
0.454688859849	-0.3412783731	0.822670719537
1.45842836463	-0.975563574579	2.55372074168
-0.259758938501	0.294494046066	0.919673067291
-1.13183640934	2.24366910116	0.21425880469
0.601743216131	-0.517549299359	0.608315563317
-1.94688172222	0.794465018875	1.66394319105
-0.820091774073	-0.142024680861	0.554327044373
2.92796724545	1.94026046761	-2.10822708076
0.82822760301	-0.560285494754	0.0109179659836
0.315681589772	0.839069875839	0.721541618502
0.311752632957	-0.618514589051	0.721283577364
-2.53288417348	1.02045487774	1.89034062763
0.913973294843	-0.180348319586	0.363493191045
-0.79534463762	0.928580111357	1.61954092243
-0.978198414695	-0.0324944372209	0.205114536386
1.6572600747	-3.03791001	1.51235198003
0.916521038694	0.118032952768	-0.382174577506
-1.91733864368	-1.67847828063	0.267997486445
-0.773727580585	-0.571539297705	0.273291899296
2.02508333391	0.34546672879	2.09786349048
0.544691289014	0.791865249145	0.276153629106
2.66810202499	-0.244633730481	-1.9980223747
-0.353320098952	0.525779610051	-0.773770450024
-0.145714522751	0.376232947713	-0.824145476704
-0.884944672145	0.452548770227	0.109875100948
-0.138584492051	-0.213398671182	-2.29136457059
0.786052691888	-0.228575328032	0.574347007471
0.689218619756	1.63571048363	-2.58454095972
0.134290878222	-0.0399285709308	0.990137197185
0.182534860727	0.632439241562	2.04148329113
0.119180193244	0.806864774125	0.578589075091
2.37831490443	2.68943441605	0.908471368415
-0.680989153244	-0.427325511232	0.594681999572
0.785119415027	0.811618576321	-1.99495244628
-0.50028078127	-0.494196352237	0.7109775702
1.39040210359	-2.8648129668	-0.0542524253126
-0.250370989283	0.424694319171	-0.870028219651
2.9910581403	-2.82966959233	1.07129353069
-0.680060058044	0.199087075156	0.705608003044
0.114137957673	0.936931456181	1.96855682141
-0.0205256206678	-0.72359305169	-0.68992158572
0.899905452346	1.90185854327	-0.929095756633
0.408871804971	-0.715280033513	-0.56674361113
-2.74937662369	-0.330869550906	2.45696429048
0.603153003046	-0.428382496147	0.672826048775
-1.24008605856	2.53982625766	1.32957283372
0.496060661255	0.847526266294	-0.188740690624
0.672018500062	1.46252312975	0.415345800662
-0.319540333431	-0.106014836684	-0.941623507414
2.31603530211	-0.556895948393	-2.83174265235
0.597069148517	0.640248444671	-0.483311867209
-2.15239709594	-2.67916184028	-2.86219616961
0.397305845607	0.290036770833	0.870647308967
0.808556863495	-2.67756812211	0.318822471471
0.379371169791	0.375225580462	-0.845744216237
0.0635964982073	-2.58725239927	2.81813461389
-0.511739938909	0.56222996708	0.649630432664
-0.516070242649	0.156654336675	-2.21446864843
-0.740266228567	0.347336385106	-0.575641682321
2.68942846705	1.24615622606	-0.914509992872
-0.679428470069	-0.732297634647	-0.0460122630335
-2.34318223473	-0.310941873039	2.72348459058
-0.719769831145	0.495701289369	-0.486016071638
3.01893874728	-0.433685508464	0.652556000946
0.770171847743	0.203900230471	0.604367455243
1.47938745662	0.698550400088	-1.61275471107
-0.519386533369	0.219081975123	0.825978642055
2.07966342322	-1.5510955355	-2.08641989706
-0.66013341243	0.62322989249	0.419295097634
0.66498996526	-2.27854594237	-1.30921792921
-0.499133569161	-0.121117647948	0.858018761737
-2.43501164163	-1.41671010479	1.00170235143
-0.461342434448	-0.620882724845	-0.63377267231
1.32428116585	-2.52980789936	-2.54301819612
0.176693412041	-0.918735453755	0.353135390685
1.6468034109	2.90792332657	-3.06747126687
-0.864565159913	0.502458255087	0.00792377187601
1.42470371933	-0.933846091773	1.32448230227
0.550663437679	0.709865014762	0.439159924425
-2.07678028573	-2.92251627793	-1.79046126963
-0.85014750415	0.300426744784	-0.432426863418
0.398885615677	1.10495967933	0.103383095581
0.778150797285	-0.17244166055	-0.603941396488
-2.08966289886	-1.12348839683	1.65284261712
-0.300880987681	-0.290853810402	-0.908226123951
2.11203212972	0.964762397507	-2.39245652934
-0.591059002562	0.747210468414	0.303851561428
-2.65399915536	2.12637314838	2.97226714614
-0.692818456908	-0.60555689751	-0.391539818723
2.48568454695	-2.79321672546	-1.41155646981
0.658618931665	0.689805766375	0.30064781311
1.15072769656	-0.232924782824	-1.33570825155
0.664170456615	0.744567469458	0.0670588397221
-2.33142397994	1.91688873055	-0.1650699668
0.650903466274	-0.672630466865	0.351984278963
-2.7044432613	0.491986765471	-0.796288317076
-0.171756926898	0.704095824713	-0.689020048826
-2.68252947658	-1.03337509897	0.922492165481
-0.433453858611	-0.572946279285	-0.695593497317
-2.31927777202	-2.47609372771	2.87415532743
-0.767220879185	-0.20229622758	-0.608644690151
-2.19623946712	1.06122978611	0.493527050963
-0.663903946031	0.59482180018	0.453231261582
-0.176181778945	-0.382398069558	-0.367030587803
0.195256833089	-0.959345367662	0.203792135955
-3.04583236908	-2.99222953155	0.382110386962
0.808599126321	0.213148424309	-0.548393291468
2.12369393806	2.87019061525	2.86156834664
0.243164878453	0.925672412638	0.28982999563
1.98807107738	-0.7615411747	-2.78426007088
-0.885969247953	0.344762265618	-0.310157172878
-1.85510258504	0.775358349262	-2.73706702114
0.799319943284	0.098042037079	0.592853596796
0.122512143277	-0.254129946877	-1.00182474379
0.94325683299	0.309785896534	-0.119579451941
1.0541762978	-1.09767506306	2.53548463083
-0.32297753628	0.589696729042	-0.740231908807
0.728466800419	3.03015063081	0.273183659414
0.513013468121	0.63720382781	0.575142124479
2.01880120597	2.75920906876	-2.00126403491
-0.556589756241	-0.463720228503	-0.689326767886
-1.20687461618	2.94735497053	0.37542349999
0.679732765569	0.721421947272	-0.132339492999
2.26220081533	1.39453695992	0.955110187744
-0.546592884775	-0.54137550482	-0.638865229211
-0.319491143588	-0.918830873405	-2.03417132259
-0.178773726569	-0.931139539721	0.31783503938
2.35567886877	-2.17864713579	-1.69668108967
-0.477774822189	0.306074731209	-0.823437598241
2.66039433251	2.8965974429	1.3527060356
-0.162444285852	0.120876586489	-0.979285813659
-0.503170894374	-1.52373601209	1.44822991981
-0.750984994932	0.572924997047	0.328296337395
-2.91250950915	0.529934836836	0.801357687317
-0.460117075645	-0.886023292219	-0.0570526278545
2.49512098163	1.61306266367	-2.29406830168
0.658160791966	0.684781823029	-0.312886923292
2.04377476571	2.88975339304	-1.01247693969
0.309325409125	0.297025707354	-0.903378946202
-1.94690639231	-2.45934743922	0.844297854231
-0.602094441349	0.491694837567	0.629061579185
1.2639797036	-1.12972781405	-2.57517678788
-0.809366550766	0.477105794968	0.34248481267
1.03915662994	-1.04119512098	1.88449795382
0.198912851784	-0.796305865838	-0.571253573667
2.62268063597	-2.16843016812	-0.0763501024459
-0.621480391621	-0.350737996608	-0.700531926871
-1.33471197316	-2.50129263148	2.65041915579
0.137624031868	-0.0346540811262	-0.989878134173
2.00385754188	0.013555127249	-2.76210447002
0.434050425751	0.342518142464	0.833235590928
1.81845814925	0.373980679632	-1.87717266345
0.565801103493	0.668794140093	0.482269125554
0.909065518712	0.357785502781	-1.65680680137
-0.667028592304	-0.730429790838	-0.146782756842
0.802004565046	-2.27528881747	-2.91517380735
-0.747977194685	0.544665821941	0.379301013234
-0.928614232732	1.84585499829	-1.96339325835
-0.677936094615	0.269565777106	0.683912964807
2.16498319447	1.05994610558	-2.17515628389
0.684811136988	-0.533884704211	-0.495984706686
1.60568936118	1.31203056825	-0.632644720292
0.485273206288	-0.529683521716	0.695661758387
-0.0203639198194	1.09617885083	-2.58767630555
0.708529191424	-0.704095327318	0.0472880000571
1.71252020589	0.418579861413	1.11674007483
0.562620298502	0.775099497709	0.287539855264
2.63170489278	1.46080916892	-0.728482926954
0.0435584910287	0.998006310585	-0.0456734265492
1.39025686019	-2.78692923657	1.70599577171
-0.77614198351	0.101844344767	0.622279158314
-0.736207007181	-0.0838174348238	-0.42608363142
-0.569551555719	-0.652904348499	-0.499326483464
-2.09711321044	-1.12065639823	2.02022986878
-0.760679671815	-0.103890654077	-0.640759837134
-2.97583158384	-1.81158264528	2.16026014574
-0.71514128187	0.624963804772	-0.313038639291
1.70413876456	1.46800318077	0.637290304737
-0.474605695799	0.463981526765	0.747977657645
-1.7821526428	0.469640959139	1.51165786268
-0.139963420655	0.515575584762	0.845335470258
-2.26525012612	2.00625703251	-1.47332410693
0.754424821308	-0.298665328277	0.584501677226
1.13203365883	2.20674595712	-2.05470989078
0.760171855767	0.609737856559	-0.224406987364
0.0437101205211	-0.903496879071	-0.0262761873517
0.542475080166	-0.537067974746	-0.645971189684
0.849968624149	2.86556671942	1.64619782192
-0.626138156039	0.582912239846	-0.517845855627
-2.89210656119	-2.67405958375	2.12411178266
0.847400883995	-0.0874881516261	0.523696061785
2.94306804243	2.78465474215	1.55336756585
0.607546650466	-0.789483337135	0.0871959167241
1.15696457306	2.31954502965	-0.916217307559
-0.709864890943	-0.0829083169997	0.699441239547
0.0491637138657	0.105503806892	0.766926109638
0.358963608611	0.461325546062	0.811371596892
-0.657205637117	0.261826913844	2.34293235375
-0.758860978691	0.619287436778	0.201526885723
-2.3349600039	0.116052969107	-2.1212891194
0.430738207603	-0.902444933195	-0.00759862230506
-0.0539848870883	1.26934731456	-1.6776299373
-0.823073447092	-0.241255887835	0.514145599297
-2.57958355561	-0.0785566659852	-2.57061016344
-0.0941671528347	0.91528551346	0.391643940559
1.07251861039	2.62775414863	-0.851908800382
-0.245530686006	-0.76135394781	-0.600045705246
-2.6027271297	2.42517993391	-2.86287787521
-0.752236453587	0.264598031666	-0.603430360136
2.61720777493	0.848622295996	-1.44851135826
-0.446684096699	-0.697885553283	-0.559847365159
0.376243794067	-1.44807416955	2.0235280026
0.397154710342	0.692396402146	0.602374765697
-1.78632717444	-1.43891639212	-0.302539162038
0.721909453315	-0.454636802824	0.521682009209
-0.433947795689	2.91144169802	1.33079569414
0.315866238975	0.836500994487	0.44776623957
1.0782200674	-2.35807688491	2.04900398267
0.0468692238897	-0.671486528008	0.739533040882
1.76131466141	0.373355858744	0.771302404499
0.424769288207	-0.245567985646	-0.871359521794
2.66805127631	-3.03305106579	1.86743680255
0.406146456785	-0.396279179067	-0.823412331629
-0.629525781036	-0.445936004277	0.159150636795
-0.493637989618	-0.228269737577	0.839174869805
2.71688120868	-2.2684316459	-2.55843942916
0.634747569873	-0.772695235001	0.0061315860115
-2.76123946899	2.94949900307	0.29567003664
0.147393074925	0.66699029288	0.730341858768
0.536424164572	2.67706310386	0.724839326226
-0.603690033862	-0.787460556725	-0.124355195382
1.21194719196	-2.91063037222	1.86679935664
0.781366668195	0.562416730824	-0.270469130813
2.03625758589	1.90788016404	1.06795167342
0.459205466387	-0.596889413592	-0.657915927442
-2.96618893006	-2.17341398505	-0.818917463295
-0.0146453466861	-0.825687457801	0.563937705647
-2.59314636729	-0.783807600773	2.37912853536
-0.483048026699	-0.134251177561	-0.865240559166
1.81591463169	-0.875443853482	-1.92992369255
-0.780654191306	-0.5258942382	-0.337660012179
-1.06854666351	0.449472356625	-1.8581487009
0.352473531286	0.207821227871	-0.912454243778
-2.21946609963	-0.516216685556	0.454776266908
0.278252006518	0.723833315949	-0.631380354138
-1.62740759705	1.81460245346	-1.1333229093
0.63200367828	0.188030670294	0.751808364991
0.34782612522	1.54630536192	1.99355546807
-0.776979221074	0.0921516254262	0.622745026436
-1.90158965069	1.09718809748	-2.26274541291
-0.0904975689709	-0.654154330452	-0.750927627646
-1.55451507794	1.10374876198	-1.77265101849
-0.62789188771	0.535633913205	-0.564666351373
-2.02900923917	-1.80011821612	-1.03336449915
0.716022991447	-0.643525018554	-0.270530268573
-2.05441671443	0.14439256132	-2.57442663204
0.610400267453	0.571934458534	0.547998621016
-0.846768102853	2.56407749062	1.73451779584
0.60149127092	0.299789086934	-0.740496289229
-2.30578163093	2.06382631185	-3.02314223463
0.529527523795	0.845790720104	-0.0651049869747
2.70044947233	-1.51329776231	1.25280635426
-0.116891895439	-0.551562736344	0.825902435314
-3.03157559834	1.01387035584	0.119895251863
0.720678959122	-0.564543421428	-0.402383602054
0.603123957347	-2.72864540722	-0.0784893380812
-0.956115593003	-0.0866013787925	0.27989850662
-2.10090538537	0.65088892792	0.703584575335
0.220301677102	-0.838482106184	0.498412408229
2.65125983267	-1.81943418421	-2.55755141361
-0.555752202817	0.302862046024	-0.774218360763
-0.212532206926	2.20878732643	-2.75532482603
0.369037564221	-0.293631007556	0.881811832306
2.46068045809	2.32634376852	1.09332734426
-0.256401285165	-0.733887064266	-0.629021587761
1.87116046895	-1.3676573551	-1.1328139532
0.206049001494	-0.122121229645	-0.970891453384
1.41654714645	2.90291717569	-1.82518703645
-0.0455854508277	0.698402165509	-0.714252323682
2.99864238259	2.29475910661	0.480648174273
0.321513065746	0.236485935531	0.916898986176
0.435784578555	0.494204509532	-2.0591942914
0.808232348534	-0.324079003302	-0.491663777802
1.76426312302	-1.08148458899	-1.38255894826
0.868510039789	0.471236366594	0.153709458347
-2.10498634655	3.02020378594	-0.174935840902
0.148902834291	-0.987435995762	-0.0528970718766
0.793260568382	1.15961340708	-2.18062787164
-0.646919213932	0.761219537355	-0.0451701958619
-0.10856316676	-1.87054983151	1.27662664263
0.419462411413	-0.190899465336	0.88747319934
-2.86940063261	-0.669028447868	1.54209997649
0.716540152301	-0.211438618911	-0.664728456269
-1.86688690022	1.43666398504	-2.68917447712
-0.206198661475	0.978254101431	-0.0223835886173
1.97279332764	-0.680563153046	0.424767639831
-0.326515793119	-0.643836186349	-0.691998845369
0.127487148294	-1.64965549044	2.604571261
-0.683551571468	0.709971980742	-0.169401994396
2.24658218096	0.369819434164	0.731182204248
0.527562585442	0.475938832072	-0.703676023869
1.36876003034	-1.0254568935	-1.15139705349
0.769890235886	0.0444393476351	-0.636627182163
-1.9570715134	-2.44519627879	1.73038093337
-0.720369008126	-0.593424906454	0.359047869416
1.41995736521	0.718425957579	-1.01455636501
0.438098477706	0.715407221387	0.544299762464
-1.96978455513	-0.414301649558	0.551275217083
0.670894098284	-0.685946324131	-0.281742345591
-2.25939473734	-0.672269934891	-0.990420117016
-0.151741713226	0.798566084485	0.582466017187
-1.85114376841	0.761332656615	-0.64954470209
0.955553393064	0.291733139138	-0.0425380833134
2.39399315294	1.23958386293	-1.40456694567
0.45672534733	0.462717405954	-0.75979902562
1.02087331337	-0.0218211011455	-2.52657672234
-0.896139685578	-0.41405151357	-0.159671563039
1.25426983741	-2.56739529691	1.44300561187
0.420743568256	0.566076910214	-0.708894760521
-1.39606914263	0.914229844058	-0.776954299641
0.803589183157	0.531045850341	0.26876519408
-0.641467513806	2.30270836825	-2.30116639664
-0.501358990438	-0.658633910714	0.561106526753
1.20718213721	1.54919074252	-3.00014884867
0.0658963085286	0.0678113093955	-0.995519614493
-1.10114236786	1.42868057536	1.310350511
-0.546024221732	0.611271531837	-0.572891493782
2.73423363518	1.36407737036	-3.01792728971
0.257072474913	-0.674307270903	0.692259667357
-0.862405331433	2.44320251058	-2.97150609438
0.9768494716	-0.0189972678156	0.213082645119
-0.23469597525	-1.09945119204	-3.00110962034
-0.0986630181504	0.663902909579	-0.741281684316
0.128791891611	-0.0539828551111	-2.34331869438
0.959988798542	0.279936510597	-0.00755358915748
-0.652354310258	2.4474361312	0.154216931228
-0.224099070094	-0.971325857294	0.0794083480146
1.65070082498	-2.5224432422	-0.241830982675
0.521060109039	-0.793325899331	-0.314849774049
-1.32838230426	0.147135323312	2.12963926541
-0.636470513662	0.74458080237	-0.201257829613
-2.64077622031	-3.05129863094	-1.70278575065
0.433603485973	-0.505356155409	-0.746058424751
-0.0311982210292	-2.53667389567	0.417670757479
0.436981882742	0.784341389106	0.440290153751
-0.630374691758	-1.43496420626	-0.0349341130757
-0.528999379163	-0.835255101961	-0.150028568921
-1.36165088675	1.96674314532	-1.49298613184
-0.34391135219	-0.325421116611	-0.880809899296
-2.77240569187	-1.19422740793	-0.120270304589
-0.555500481733	0.660650893031	0.504935255584
-0.896846207265	-1.35364904133	-2.05209825832
-0.884420420725	0.343027337091	-0.316437616936
1.18335435643	2.82879029035	0.304249225265
0.472355344275	-0.572951393588	-0.669781404132
2.34021594248	-0.161870141752	1.56358492265
0.308704094907	-0.950365216629	-0.0388295867755
-2.25262355278	-0.0825581571796	-1.31378953458
-0.720723079444	0.162125426002	-0.673998211422
0.569507610761	-2.48931553412	-2.69339883656
0.716031659909	-0.63996578241	0.278823347933
-1.4350361365	-1.16856828571	2.72430439456
-0.294075637111	-0.501183602357	0.81383936768
-0.667229130748	0.950781983227	-0.690850042836
0.130132141319	0.614685046103	0.777963957965
-1.64414341319	-0.183424856548	-0.678691819419
-0.547167637213	-0.296714226641	0.78266739072
-1.67399081406	-0.216967386185	0.721527795704
0.72744651202	0.475370213595	-0.494817877786
0.618303002776	0.901280289874	2.3566789951
-0.543137438934	-0.591530682464	-0.595896949255
1.40894120355	-0.691665280419	0.871751842475
0.469248675685	-0.361452245973	-0.805703390988
-0.254923172075	-0.383703222293	-1.15144321648
-0.274744213816	-0.826853446636	0.490743308422
-2.59775064118	-1.70962218697	-2.69831998673
-0.260190149295	-0.777134079376	-0.573030286182
-1.26628617672	1.64542063589	-1.60747024893
-0.341080444515	0.842402800221	0.417159025492
2.6548816272	1.49904395977	1.87066074964
-0.608282390697	-0.48263077125	-0.630127028313
1.22343386671	-2.73929497385	-1.20016469524
0.285208920557	0.956880199452	0.0551013205986
2.17099651149	-0.0877816644584	2.54570385105
-0.427210490518	-0.662249557342	0.615562117574
1.41120558464	2.50658669733	-1.86756567765
-0.0556897476191	-0.503315708924	-0.862306180635
-0.011292565249	-2.27411171345	-1.87736047529
0.635211341639	-0.530478247885	0.561337135752
-3.03739679119	-1.14311105521	1.87132015749
0.455813078156	-0.633307844093	-0.625424345859
-1.8556316121	-0.0547876798346	1.96479066098
0.255691392042	0.271085482622	-0.92797336877
-0.965752658284	-0.25544307226	2.41839993304
0.865206324842	0.373202708531	0.334869756471
2.54416650336	-1.00184960821	-3.06826296705
0.257329576781	0.546336339991	-0.797055890462
1.75301672517	-2.34906323325	-1.58577752553
-0.764168591951	-0.640212985073	-0.0785728758572
2.76032080203	-0.940635097248	0.904328048832
-0.310896984634	-0.714509364146	-0.62675308814
1.63169821362	1.18124509928	0.986401962038
0.757838288045	0.25581407935	-0.600200204915
0.170995383778	-0.835082508514	-2.41380883956
0.933194478146	0.116524478943	-0.339956043871
2.26190849845	1.19273170673	-2.05566311814
-0.60331391454	-0.339422234621	-0.721668114279
-1.04534533876	-2.25870776678	-0.704906715022
-0.239798383423	-0.403994433791	-0.882771336629
1.72653751997	-2.28749543719	-1.78367703415
0.9167809193	0.364132623514	-0.164073698379
1.61566152528	-0.202070542575	-0.325849741723
-0.285524571295	0.587703429927	0.757020737919
-0.529594537044	2.3499231236	-0.873901933411
0.461693098	-0.566685812129	0.68242704635
-0.62900975221	1.05486647762	0.931569875633
-0.0890083579786	-0.672878066448	0.734379070986
-1.16051125636	1.66246063447	-0.903350079671
0.354322549185	-0.856926816195	-0.374342039884
1.13569008438	-0.236656625158	-2.19176306252
0.909062126686	0.366335888581	-0.198504575674
-0.175261921894	2.75748840185	-2.52147975337
0.355087933466	-0.866878467382	0.349906104971
2.02764112101	-0.473724050951	2.6632288366
0.986063688048	0.157633905383	0.0531973212318
0.725902404256	1.95423896437	1.95920164602
0.235218215853	0.0902224754296	-0.96774598726
-0.344092918994	-1.13303067486	-0.727950172364
-0.831388950402	-0.530177293342	-0.166446540292
-0.846731081263	-2.42687988858	1.08949323578
0.847436870784	0.0850512488778	0.524039154167
1.74368110679	-0.213903078825	-1.76330006184
0.252326037612	0.503379465016	-0.826402253714
1.67304673524	1.78195262927	-1.67209454625
-0.561863165857	0.795806421098	-0.225836053349
2.90267199273	1.5754398386	-1.31758897783
-0.613864657318	0.563212618531	0.553138073923
1.3428609924	2.23955526382	1.75481072935
-0.600030737367	0.75082928077	0.276076991713
-1.98992683724	2.01766505367	-1.39855992761
-0.0890402254156	-0.637702755526	0.765118967124
-0.973169742175	-1.90910218985	3.05395091755
0.420447305322	0.493768852467	0.761194051331
2.59239737183	0.0499776198903	-2.49743058835
-0.716218295653	0.444782633884	-0.537772964704
-1.42481461046	-1.82124686231	-0.208042986248
-0.949814418285	0.307709927144	-0.0562776292556
-0.899843677933	-3.02013606355	-1.49505572961
-0.445661165946	-0.508655601798	0.736651616388
1.44989588894	2.21102497892	-1.3697257485
-0.666235907317	0.707120314756	-0.236876711097
2.8829436899	-2.65421107296	-1.99428950273
0.0617808290892	0.697946442878	0.713480127285
-0.505549949669	1.20960471542	1.61571448922
0.143175697397	-0.733823696832	0.664080945098
-1.49292232768	2.22733524794	-2.38783497713
-0.689356747173	-0.63407450477	0.350338118862
-2.37980164554	-1.83619938578	-0.263244051925
-0.457409920027	0.115950759224	-0.881664100719
2.50042394114	-2.2638518794	-0.210576694181
-0.614904416642	0.24394041291	0.749923751686
2.32335345807	2.5837472675	1.16382200157
-0.747700736001	-0.0877291319381	0.658215169069
1.64627924733	2.91162292235	-1.53345748638
0.102684333665	-0.286027527454	-0.95270361664
-0.97017044039	-0.0694655856689	2.82845394238
-0.10130238328	-0.620228652516	0.777852329006
-0.717442119475	0.12959388199	-2.27248700653
0.250264868732	0.346181575905	-0.904171339947
2.48778516278	-0.682832657805	2.90266010016
-0.656910829814	0.509227256634	0.556017771994
-0.824734414769	0.11896459317	1.8658987612
-0.176214817734	-0.898639100548	0.401741340887
0.969948298665	-1.83487093539	1.80556274631
0.401606069383	0.593681501616	0.697319754255
0.228122891967	1.90619820136	-2.92845883825
-0.640519364185	-0.568058516244	-0.516763452874
-2.33035519273	2.80760223913	0.680591561394
-0.229597467034	0.627967813513	-0.743600314902
-0.506980806276	2.88087132347	-1.00602860937
0.79948106926	-0.0962078304366	-0.592936820629
2.98392077158	2.55960164706	1.51987699991
0.963844090286	0.194649134248	-0.181978801393
1.47218433099	-0.264439777127	-0.0434490275547
0.216158471489	0.641934956629	-0.735659586127
3.01400249541	-2.08822555077	-0.700969113968
-0.567901860327	-0.66412219568	-0.486239844359
1.46073990661	-1.40580297969	-1.02649770202
-0.759874434522	-0.649950248525	0.0124706937463
1.41361786754	-2.47478420735	1.88363325205
-0.779518993062	-0.501278525125	0.375592837664
1.48364078592	2.40146553065	0.843446787143
0.650613519383	-0.263967011548	-0.712055802034
-0.90775596118	2.08746836502	0.65083301643
0.138000153963	-0.531434296666	0.835783193079
-1.26278855771	2.40177476969	2.0164606387
-0.779891976397	-0.376893927534	-0.4997193938
1.87055381588	2.0032255469	1.91851677619
-0.435767110553	0.760403489181	0.481553277427
-1.07203880506	2.60771568586	-3.05825871793
0.906092628703	0.393092279923	0.156443624591
-0.506645151076	-2.04598183237	1.19893207609
0.639177163606	-0.712949993452	0.288365844651
1.99285232209	3.00760479223	2.62162083117
0.835394524829	0.54298924815	0.0853150882269
-0.543775789127	-2.93814448424	-1.89302818437
-0.101559433653	0.871375470747	0.479990073249
2.9709045084	-1.76906542224	1.65151089826
-0.712105556199	0.533678959133	0.456171508765
0.406864432906	-1.80126947829	0.954246625577
-0.121673324771	0.808295326517	-0.576067936245
-2.12590183373	-1.74403458021	1.45225853166
0.617739242218	-0.30581138691	0.724484385104
1.56885122951	0.575170983532	1.8832931536
0.453558269187	0.821119012458	-0.346480105969
-1.7116220112	0.529592838907	-1.17299060543
-0.0403100237534	0.885713096586	-0.462479634709
-0.734981980342	0.137206576711	-1.04872715228
-0.788540735949	-0.520934196964	-0.326850225917
-0.314160251651	-0.945656151173	-1.59631007047
-0.629953164092	0.755763903864	-0.178829339501
-2.67412950781	-1.2658245252	-0.841477309482
0.839228400203	-0.429322878496	0.333732764787
-3.05353612379	1.92407227364	1.10889865499
0.906256390627	-0.00701967751539	0.422670177059
-2.67355317513	-0.366771685992	2.63909442725
-0.637276965505	-0.360274114459	-0.681234637763
-1.0751213186	-0.231080177345	1.00405749296
0.710507675548	-0.373953102293	0.596102273332
1.29068943902	2.00802784821	2.34084884627
0.757711557132	-0.237315515089	-0.607909978934
-2.42034990634	1.46506211334	-0.706527453199
-0.812865129572	-0.0220874674787	0.582033010151
0.55605991448	-1.23008187458	-0.545650590137
0.538248524222	-0.802223480277	-0.258313789535
-2.06802704268	2.09251600428	-1.57815814367
-0.612903325591	-0.628688440859	-0.478644291525
-1.20391352309	-1.95608097971	-1.29380625564
-0.982600262016	0.0223632783984	-0.184381693413
-2.5599328929	2.29530623716	-1.7532749124
-0.699265639588	-0.706976249957	-0.10588742743
0.357391812533	-2.55957468761	-0.393279574225
0.782106792562	-0.528877622135	0.329541235407
-1.64403691125	-2.79364883909	-0.782833386219
-0.510619201108	-0.270644062902	0.816100375368
-2.14494947695	0.0138563829822	-0.456586043691
-0.708954869816	0.289521546431	0.643086515732
1.94113606168	0.728492817998	2.7223287772
-0.471632430385	-0.590102806903	0.655241579796
2.44410598991	1.11587897666	-1.56079379931
-0.151934151307	-0.470467418584	-0.869238989989
-1.72924669914	1.36201155084	-0.537873002255
0.532304914736	-0.541746575059	0.650509128422
-1.17129313724	1.25231242054	-0.517057774313
-0.0192680752917	-0.315520386339	-0.948723156184
-1.48718839585	-1.62760617219	2.64265910657
0.434434072218	0.0815381186419	-0.897005335605
0.771777459037	0.42978494749	1.07271303684
0.853410019256	0.471759703847	0.221662177331
-0.578869105617	-0.893724125873	-1.96328015304
-0.445478747757	0.807436321909	0.386775479262
-2.49758220594	1.61868139361	2.64786227641
0.226584742728	0.647617084612	-0.727496712076
-1.99796511123	-0.53851606155	2.70854913592
0.878583682879	-0.0103677204592	0.47747588688
-2.16844455926	0.264559185682	-1.12303429367
0.80389085827	-0.0417237727271	-0.593311566363
1.11825149229	-2.63896473998	1.76619062441
0.320502415789	-0.697260763726	0.641175193564
-0.329877377084	-0.912529168421	0.954292629401
-0.460268665591	-0.353742560745	-0.814259759655
0.880033876956	1.8791190901	-1.66908598392
0.375275445758	0.817846431837	0.436228786008
0.39613260074	0.608245298426	2.66826421191
-0.31672309929	-0.597803624627	-0.736421961079
2.8488079392	-1.41260651813	-0.119076388827
-0.14211614827	-0.554290587882	-0.8201005698
-2.45046629918	-2.48822456132	-0.207184839555
-0.650409381246	0.753158570722	0.0985890670152
-0.584189830049	1.80049553327	-1.73597401764
0.788930467735	0.560218495485	0.252475651096
1.4241433875	-0.0566649938736	-2.62238341461
-0.630092769682	0.648075006301	0.427763822456
-2.44886146468	-2.29416657071	2.50829814084
0.691503922487	-0.698613560901	0.183742803152
0.554955387573	2.30745765984	2.00105030006
0.0835381430167	-0.831185358812	-0.549683798158
-2.86867776099	-1.41375127331	-0.146930570802
0.626105474894	-0.18837323283	0.756642226855
1.20083335627	1.46809473441	0.404956483631
-0.374957992455	0.898288887278	-0.22909294814
2.4588517696	-2.10032076814	-2.16027776859
-0.238897611803	-0.642223757302	-0.728338229555
-0.00615632752756	0.0815855110451	-2.28396142051
0.265722668291	-0.736932928766	-0.621547521962
-0.289040396912	2.43453390938	0.272659264562
-0.290622861135	-0.729451871733	0.619223965469
-2.23487801513	0.463482473421	0.118564929869
-0.348454946195	0.119873370421	-0.929628703051
-1.49437712386	2.72888958553	0.770501881477
-0.502296247654	0.498862152423	0.706282544364
1.88991735659	1.56255525963	-2.12603329205
-0.797292165329	0.465509200576	-0.38422179439
1.17145300954	0.191754012765	-1.43554891259
-0.220982297167	0.972194274138	-0.0774926943071
1.33962529504	0.563581726755	-1.70315607899
-0.651198712873	0.692513463579	0.310427671309
-1.04509475596	2.29533044269	0.678597771815
0.531373358812	0.722956074413	-0.441561850724
0.317184089842	2.23211207557	1.42138925969
0.648779107225	0.693236537698	0.313861072497
-2.53466696546	2.6643923637	0.702113845349
-0.407047672535	-0.409388606619	-0.816525052313
-0.318381658897	2.75664288092	-0.343145289347
0.00942668240735	-0.486742071837	0.873494873003
0.769464796686	1.67673325189	-0.730444452409
-0.91737994014	-0.196558832939	0.346090552635
-1.61800988716	0.929256987868	-2.35315174333
0.541277854621	0.183495489765	0.820577655882
2.95621038715	0.358118121361	-0.578805456048
0.171785129662	0.554686940229	0.814132831648
-1.48360270193	-1.70538675555	-0.852382171994
-0.537137497899	0.521782527196	-0.662741505161
0.155903427802	1.6700965373	-2.72614223876
-0.72454730153	0.451187761378	-0.521019012924
2.04137553583	-0.235244220443	0.240859795917
-0.521715063511	0.63163012981	-0.573460348779
1.45398072857	0.768768598057	-2.16207090823
-0.536298818685	-0.481489142031	0.693218423863
-2.47728838475	2.15397929952	2.08438711513
0.0982682439389	0.848219677478	0.52044858629
-2.93851034725	-0.597329103243	0.780740507581
-0.454687131318	-0.619606394897	0.639802725859
-1.6597722387	1.40541495588	1.77148315429
0.330507890706	0.0504819943675	0.94245217514
2.96984529665	1.57620111357	-2.54103576584
-0.300306123926	0.72377546868	-0.62126105855
-0.918824919941	-1.56753831797	-0.702783178715
-0.643949587795	-0.192200986315	-0.740532044708
-0.269364497615	1.3535952754	-2.17667858729
-0.639255387806	-0.656416429552	0.400587094369
0.722673571018	1.1134643983	1.18610769695
-0.150050865259	-0.501284291298	-0.852172985452
1.33324319522	0.622521504011	2.65807550115
0.35680416151	-0.674099111811	-0.646746610184
-0.644050976125	0.627013236839	-0.931886252868
0.044413519189	0.527667334545	-0.84828923332
2.78666644282	-1.73811769192	-1.75335781894
0.553165503533	-0.611032768512	-0.566256904158
0.463998782714	1.11516955196	-1.94847613099
-0.260889977557	-0.522906154385	0.811483563183
1.98425884605	0.938313847398	-0.531779605428
-0.520476458714	0.620476255713	0.586611858064
2.89534149093	-2.17633711206	0.753866664187
0.810104245576	0.00349500146706	-0.586275444022
-0.171964736157	-1.23135497025	0.586935374655
0.0526701932885	-0.333319649424	-0.941341522534
2.02966406823	1.50213660041	-1.72440693199
-0.515929466088	0.507571860347	0.690063469983
-0.449923571147	-2.55455849857	-2.57005021342
0.686191877858	0.554256875455	-0.471105107988
2.31268086926	-2.59445531779	3.01593167586
-0.724195864667	-0.254796491449	-0.640795675348
1.63811263693	1.33184502885	0.206158683468
0.626504952264	-0.779137731869	0.0208791658448
0.57974563127	1.74362392417	-0.707251360255
-0.509469173598	-0.715210505551	-0.478450722543
-1.29293932792	0.606162774464	1.74650726182
0.62114671619	0.477152650262	-0.621692934908
-2.70962463084	1.27450040412	2.42366867283
-0.652572820761	0.725581781935	-0.218357027199
2.16819628233	0.11066084177	-2.83174739643
-0.549757349167	0.808262139302	-0.210900856347
-2.00030511613	1.5961397245	0.813698423678
-0.0672818271086	0.225572359457	-0.971900337684
-1.11886026852	-1.98500936907	0.275766671108
-0.667693228786	0.320916738393	-0.671712884537
-1.44088532496	-0.232734209408	-0.39983336325
-0.910380447723	0.409943182176	0.0561607317579
2.08268330553	-2.86395882055	-1.08607921705
0.35742021578	-0.677302961993	0.643048588388
-2.77240817486	0.861909019555	-2.37625375879
-0.729488868298	-0.206089486798	0.652206343468
-1.33422317142	0.705946940513	-0.80023561921
-0.075738973965	-0.837841423762	-0.54063421687
-2.18924126057	0.500845795709	-0.476734855758
-0.173742926726	0.920022089685	0.351244572777
-3.03854506742	-1.69722628261	1.14725741025
-0.448435764531	-0.388438648982	0.80499737954
-2.47326722614	0.295770423473	-0.716155220694
-0.200708837441	0.67926309466	-0.705916149983
0.329844031178	-0.882709162163	1.44698798813
0.478142313495	-0.668683896622	-0.569422316426
2.23230844193	1.2157540791	-0.97014806198
-0.215405804649	0.675648437383	0.70505285503
-2.12717639146	-2.46350379382	0.262816736322
-0.516328472904	-0.345770922316	-0.783484127057
1.60879853233	-2.27759776278	-2.45664713395
0.693571875678	0.169241748357	-0.700225166558
-2.74869954229	2.3016172382	-2.79807699036
-0.933273413484	-0.324004594544	-0.154989542866
2.92333668336	-0.141560156749	0.898290385721
-0.311721681764	0.600263782404	-0.736554807636
0.127373782333	0.610021351679	-1.39812815252
0.756036193794	0.474330890754	-0.451020487063
0.637532314832	-0.1558695593	1.12746731321
0.483968253617	-0.432084600788	-0.760971502261
-0.246945390944	2.41644156167	-0.00923882965596
0.387889258255	0.604266603793	0.695991231893
-2.08421416374	1.81823018557	0.533177199754
0.724401870547	-0.0652138369616	-0.686286445602
-0.735280537541	0.709636231839	-0.624919764053
0.380841509874	-0.874457734406	-0.300471987205
-2.9729940032	-1.73588139842	2.76134135156
-0.423237126764	-0.571685445534	-0.702884119819
-2.9824258588	-2.45906410372	-1.64126051783
0.790139764266	0.342439510042	-0.508344700856
-0.939850451098	1.48828092882	1.10161068826
-0.029756653937	0.426333380148	-0.904076540188
2.67264814942	1.48764457303	2.28007869438
-0.0144199201299	-0.560287017336	0.828173003731
1.67728907439	0.617175109988	2.70366554039
0.609087392051	0.279566609345	0.742196106015
1.35412525904	-2.79072159482	-0.806042807798
-0.719113703311	-0.237948353722	-0.652882885877
-1.48076333826	-2.3664938847	-2.46364716272
-0.370469555285	0.107681778226	-0.92258167294
-2.28672908892	0.608116163352	-3.02599633831
0.174411139227	-0.712855805844	0.679277082337
2.30347970272	0.493624215805	-2.3159075121
-0.579085820897	-0.717394136457	-0.387305131664
-2.68707918112	0.480941522622	0.149933340673
0.267938223388	0.927027608775	-0.26235266535
1.26054487997	2.71878182603	-1.40823108209
0.827194563472	0.319093031923	-0.462524368159
-2.22767898229	-0.904054129661	-1.38824692781
0.351087335106	0.693520171429	0.629100512596
1.20918619198	0.809910773916	2.71412077313
-0.316401320056	0.321604669039	0.892446436218
-2.79928008028	-0.50341877109	-2.21772889958
-0.403665995208	-0.477954038934	0.78013697578
-1.69872691055	1.15931086863	2.99514286962
0.50786327449	0.705213593677	0.49472081189
1.73965371627	-1.9761013721	-1.61275242442
0.134245364062	-0.604602710218	-0.785132947357
1.60012839919	2.83283245626	2.38942123362
-0.665331217818	0.419385350131	-0.617616627604
-2.68376238537	0.970035149417	0.60401788216
0.983753755211	0.0679747455277	0.166156501765
0.513918430145	0.409440353351	0.990101988426
0.740271131149	-0.631136660917	0.231657435956
2.45116876587	1.98705166638	2.26708943853
0.589188255119	0.697140198994	-0.408476122897
-0.66199783493	-0.94379571635	0.0558983255513
0.69535582179	-0.715534447136	-0.0670129544528
1.98243892555	-2.29956594916	1.38183711576
0.42047078673	0.649076864631	0.633958627442
2.32828135368	2.52090214099	-0.101267610142
-0.19065273884	-0.730028536414	0.65628489941
-0.998258422916	0.241043962451	1.90608427534
0.886426085989	-0.443161116826	0.133630156073
-0.966395746712	0.757455300189	0.0582065904456
-0.663190743538	0.744469133753	0.0770956975144
-1.01076624541	0.490333112734	-0.261062976967
0.578124067861	-0.751817478881	-0.317085226097
0.0538991659314	-1.14184946259	-2.7491834706
0.0265859533472	0.712980533273	0.700679631685
1.87254575766	-2.10051839243	2.66407889383
0.174489352811	-0.152508406871	-0.972776773772
-0.693079464451	-1.42538990905	1.15347323454
0.729926347866	-0.505650396955	-0.459918691456
2.66152174829	0.267153030989	-0.0844544536726
0.699222752111	0.237865417151	-0.674171778001
-1.19114169238	-1.82684713719	0.168441444284
0.745327451388	0.076921175721	0.662246270608
-0.528364861992	0.934299277548	-0.833837045841
-0.657692060283	-0.692492012293	0.296472539625
-1.23196613437	2.06973323655	0.185311777473
-0.466643588439	-0.333317280257	0.819233392905
-1.0126501043	-0.258291719383	-1.34715277905
-0.581755610546	-0.143056831159	0.800684177849
-2.81614407502	0.307890218319	-0.566223567318
0.55079229981	0.812701081143	-0.190117845503
0.420244969175	2.6105222274	-1.36141397926
0.868353995364	-0.24666145819	-0.430255114763
0.570554661156	-0.836133059216	-1.34695593875
0.626848221638	0.587098574531	0.512227069583
1.68989365847	1.73429631396	2.3615864905
-0.0133705142974	0.768025518104	0.640279652097
0.740562194176	0.644043378209	0.753722121
-0.271278550265	0.731731309437	0.625281727668
-1.59324901846	0.787264199936	0.483960162773
-0.750986391466	-0.635631263398	-0.178864017691
-0.441606178445	-1.69431000935	-1.22312009919
0.790222850835	-0.421964488115	-0.444402764155
2.34554541639	-1.73926241439	2.29296313106
0.889399135781	-0.303252606598	0.342062909219
-2.93463598718	1.75616132174	-0.166908610971
0.111324323446	-0.392513391776	0.9129841906
-1.61524418982	-0.637591821398	-3.03997733992
-0.6068899992	-0.662069191117	0.439714583617
2.37923677543	-2.53518090863	-0.389413637366
-0.0423900470721	0.828367723873	0.558578551285
1.60884334447	-2.20354544228	0.273245745948
0.806612973167	-0.521288528395	0.278628393534
0.0346625264027	2.90308044043	-2.62283372524
-0.688382037191	0.249380572323	0.68113104541
0.742963008482	0.790026632583	2.93392908957
-0.153700538021	-0.68223590698	0.714793894657
-1.98758600643	-1.59328005474	-0.190573686251
0.499636668963	-0.864335283075	-0.0573386210049
1.15367920343	-1.96286693112	1.58417918313
0.773983626622	-0.311535915285	0.551266468424
0.46571993034	2.98320473511	-1.77301982639
0.149084892568	0.501598869176	0.852157420463
-0.546246509873	2.08712678171	3.0465926012
-0.544507250984	0.143633144627	0.826366367534
2.20112136724	-2.41250383477	0.0666162319539
0.440816790225	-0.88935937601	0.12132789357
1.20327229616	0.11436906296	-0.402660817424
-0.952598004762	-0.164149972329	-0.256148058565
-2.95764787401	-0.0218521719375	0.660544834527
-0.901620234451	-0.432282599387	0.014584481325
2.45803576557	2.6115156923	1.86436071472
0.377879373688	0.656509646512	-0.652841682935
-1.08418068498	-2.16573813816	-0.527871468713
-0.723381089991	-0.585786076119	-0.365478414778
2.22507995087	2.28721666891	0.864668830853
-0.525589591612	0.506764552903	-0.683333936747
1.49040206313	1.59539358933	-1.35748631147
-0.640938685853	-0.617557266987	0.455873472544
0.976387234702	2.91455308456	-1.48527585968
0.411759560215	0.911191079739	-0.013597087017
0.306592246245	-1.64590683589	2.05458777797
-0.389920196095	-0.399514037351	0.829669075377
2.58686979476	-2.80075421938	-0.544889404727
0.777673678545	-0.212302794946	-0.591735728984
-0.392332618075	1.04781307868	0.925484644055
0.489329721852	-0.73318641374	-0.472222517483
-0.750525001332	-2.12550923438	-3.03404780919
-0.962787791056	0.1283743099	-0.237822845732
1.94607455416	-2.82782776538	0.0129620751309
0.956566930243	-0.269630365417	0.110811434476
1.94304707548	1.2542652837	-2.1470559007
-0.951304185665	0.287317532738	-0.111664594737
3.0095059801	0.918596782609	-0.197100933602
-0.655193843489	-0.672903626812	-0.343397344891
-2.41095649757	-1.00778906687	2.44992339997
-0.678386037504	0.413171490666	0.607520948956
1.37386775391	-1.95708196494	-2.11719737011
0.0546893475119	-0.824236272574	0.563598830944
-2.24141935614	-1.63986426885	1.06108370898
-0.822747994635	-0.312178918282	0.475005326607
0.257340984613	2.4503159005	2.29744011972
-0.013344118033	0.374650992623	0.927069883148
-0.443915394312	0.631990653784	-1.68142932144
0.634860677088	0.762386423542	-0.125374885389
1.9115475233	-2.12484668485	2.85913966379
-0.623583561261	-0.781560141654	-0.0175296064507
0.0542778109703	-2.15744800281	0.624240768142
-0.664265773774	-0.484178584377	0.569492827193
2.64942474512	-2.99033923408	0.291717724969
0.137486551083	-0.0740044731973	0.987735180207
0.265271033576	-2.05283681216	2.83545159674
0.668160460787	-0.500285467713	0.550705047585
0.140592562556	-1.94153362743	2.41335244866
0.681507430741	-0.524674575445	0.510160966486
2.61663003228	2.50690551715	0.0721948739378
-0.730128413989	0.304710681572	-0.611607635353
-1.76223669159	-2.53793263601	-2.57548738929
0.572996111975	0.512659873558	-0.63941794603
2.68011736561	-3.06709666966	-1.3426409563
0.889377591357	-0.101357651966	0.44579605918
-1.10785770744	-0.592286533445	-2.0464556374
-0.151218375203	-0.403176934087	-0.902541612792
0.820352382015	0.975384167158	2.95362061625
0.594070868401	0.0101490198876	-0.804348681054
-0.585816236866	0.737978247593	0.867948890919
-0.404715466569	-0.871571426973	-0.27671038796
1.75610106551	2.45468668985	-0.648107365501
-0.588276664178	-0.530610168613	-0.610232263444
-2.47531934656	-1.79404117566	2.19595418972
0.916105887149	0.136623856336	0.376940214637
-2.48618870029	-2.16726348162	-1.44888260107
-0.892047109423	0.0662111101038	-0.447066039271
1.13100173975	1.9410252449	-1.40625772312
-0.332836206152	-0.539775829308	0.773215438264
-1.35242125654	-2.35719719847	-0.93809615104
-0.573347733941	0.578675986592	0.580005584909
1.14885873703	-1.8950747816	-0.580259421226
-0.377191339791	0.627808707368	-0.68086923865
-1.57438247057	-1.84646317329	1.15311030268
-0.887015237209	0.412887912191	-0.206706412396
2.41541287917	-2.98343604963	0.475787865829
0.214666304671	0.576284727645	-0.788552021316
-1.46261357285	3.04721922498	-2.05729966606
-0.455753370376	-0.0101178550372	0.890048591033
0.907194875599	-0.500106603347	-1.2941025585
-0.246310738004	0.825612237494	-0.507637127922
0.115139455578	-0.613197814698	-2.58880532472
0.222028161614	-0.588744749309	0.777227840218
2.22318719217	0.695064825852	-0.3248820015
0.0449216787158	0.650594752567	-0.758095317696
-0.905030391873	2.23714728659	-1.24013264869
-0.565587103143	-0.5658773356	0.599911718349
0.816807570308	-2.22964280256	1.01547808749
-0.1828700499	0.606616037535	0.77367663003
1.84779485806	-1.76965240767	-0.42895699304
0.56542151076	0.629237802309	0.53325256991
1.77424169681	2.31181313011	2.97255443869
0.806195768909	0.426108017737	0.410463566488
-0.203054373799	0.228999110417	0.61651828634
0.725052390342	0.661834872059	-0.190456381844
-2.90310219854	2.7880196226	-0.74357346729
0.874884194649	0.117267037185	0.469921363575
1.79973503606	-0.23373543991	-2.95701990389
-0.660820663893	0.609039085037	-0.438619930086
0.788368522386	2.64300674832	0.615606926122
-0.59960886429	0.706702911669	-0.375553197968
0.294928963145	1.65558500845	0.105340994831
-0.620559551897	-0.34301227398	0.705158437834
-2.15954055329	2.13267860855	1.45317871584
-0.589230090609	-0.60114738095	-0.539842316513
-1.86973809845	-1.73396836938	2.38071253838
-0.0903765559102	-0.320203413306	-0.943028023045
0.859939534381	1.15655253701	0.216188932356
0.711279641045	0.2965856826	-0.637274042396
-0.114952502118	-2.4531399844	2.27932647321
0.395359621237	0.683308794714	0.613823965777
1.73104965695	-1.68475360479	-2.33074013262
-0.766531151718	-0.462691551544	-0.445361113676
0.391312271536	1.60084198474	0.558751497208
-0.0406284117531	-0.819894793043	-0.571070801652
0.253203770805	0.822577976963	-2.95233601424
-0.89131651077	0.451840660388	0.0373482964762
-2.29846062726	-0.340623301474	-1.37741592568
-0.350854132285	-0.9162224017	-0.193488729598
-1.79068175578	1.6969904679	-1.18522051388
0.644967906739	-0.474383213286	-0.599146865326
1.44601114361	-2.56414736314	2.07553328435
0.767060276494	0.388774452344	0.510365513557
1.10392493672	1.73018599678	-1.84122139518
0.422379662035	-0.665275910963	-0.61563250677
-0.803587470113	0.465779317435	2.97555110013
0.650816398634	0.499591558511	0.571704722679
2.41026051297	1.97131100086	1.37311575792
-0.997988385889	0.0221788968021	0.0593908929689
0.745078743752	-2.73322391957	1.62866913682
-0.733887527922	0.55939436677	-0.385340159841
2.25656293036	-2.79008196699	2.12803515621
-0.834857235932	-0.313852730928	0.452227662689
-1.6694619225	3.00000992959	1.78814114199
0.657201076223	-0.37233426094	-0.655327356015
-0.374218640995	0.0237343364428	-0.714255364798
0.00428266246829	-0.805622504935	-0.592413739159
1.42376446329	0.664400971129	0.359648068908
0.602362929402	0.443091052188	0.663949712518
-0.537315948577	1.79072801635	-1.15583212532
-0.633260704487	0.679825636918	-0.369889150343
-0.165812666923	0.432281978311	2.2775807907
-0.730801847739	0.55277870015	0.400455200992
2.39041596143	-0.903182776795	-2.21110493685
0.222931095367	-0.602449973114	-0.766391386051
-1.45870941161	0.763258475674	0.149261256018
-0.507035625136	0.775508197552	-0.376167396743
0.386199184931	-0.0585206132119	-0.755520528342
0.59825555626	0.5657423172	-0.567473276846
2.54959443904	-1.43879832397	2.33160998134
-0.603061066598	-0.116138498104	0.789195285852
-0.0618689721971	-0.952584628406	-2.77543024652
-0.664838960403	0.735449446872	0.130779462553
-1.87550922187	-0.385631883808	-0.182928252093
-0.10623168931	0.0576942741371	0.992666207201
2.21610507791	2.87112278154	-0.499646504845
-0.0558738718403	0.703673674356	0.708322998684
1.97899020749	0.271717576577	2.94846114047
0.373837028545	-0.671373094383	-0.639925030162
-0.726646926923	-1.5754469785	1.55403714383
-0.942028871952	-0.141530334717	-0.3042215784
3.02202364837	-2.97192698625	2.94757977297
0.606158331859	-0.459675139718	-0.649053805661
1.38941720123	3.03069282674	0.371654384738
0.489782686432	-0.561927190545	-0.666596394078
0.688799579956	-2.54322187085	2.4578187126
0.95127121644	-0.287907327146	-0.110419399332
-2.85364723319	2.35247779153	0.762712425938
-0.240102992831	0.652771914527	0.718498003086
1.95220597097	1.36335139239	-1.11215569173
0.746358460243	-0.368170018693	-0.554436548361
2.94151529493	-1.42255409431	-0.645879659631
-0.68055089452	-0.315817579811	0.661142750282
0.57308041768	-2.66021292704	-0.278428038686
0.455895728337	0.884012188406	-0.103351514908
-0.962942305463	-2.7297222024	-2.19220309062
-0.648431970736	0.658849187079	0.381383964023
0.17971637908	-0.204422440912	0.364338934038
0.988680723265	-0.118489417701	-0.0920363261808
0.408626635824	2.36856109092	-0.707512782799
-0.751581621093	0.526252253845	0.397723059626
2.51597124263	1.6974279592	1.73245547017
-0.305975818127	0.848860201774	0.431062822063
-2.50859858038	-0.677176708099	1.90275309776
0.604705729414	-0.67934322443	-0.415720776767
-1.55043420288	0.452900989716	1.50844917443
0.837021880824	-0.312557401209	-0.449112727465
-0.429697292126	1.57978377123	-2.40475449996
-0.386196345856	-0.526963087229	-0.757074822687
0.454866024445	0.898407724187	-0.106879666195
-0.0483804504139	-0.847058748351	-0.529292744008
-2.44615081541	-1.75778684318	1.26100768546
0.355205473338	0.0968459424393	-0.929757998161
-2.00132708032	-1.24585468344	-1.0534332224
-0.201544915297	-0.772619074619	0.602029411784
0.68537332841	3.01558344384	0.000833317283695
-0.679205742799	0.691059548845	-0.247217027931
0.0614866397134	2.544931178	0.0141969171836
0.623544992527	0.346237772055	-0.700935836933
-1.91981787533	0.0384247261877	-1.38681724396
0.806284972794	-0.530301739715	-0.262077483774
1.8932784181	0.944534275758	-0.976487948173
-0.892089738619	-0.217573302651	-0.396027469028
2.16808522324	2.65235321151	0.0957887869268
-0.120434608864	-0.5601593666	0.819583424063
-0.875947556895	-1.34897192712	-0.115621838321
0.788508517842	0.481459726534	0.382688971643
1.63230415605	1.79122179126	2.12546308553
-0.514590808761	0.840635038382	-0.168905392999
-1.72451637583	2.97474342637	-0.300882087433
-0.159977852213	0.950319994156	0.267018717524
-1.23818780177	0.896786806001	0.282401352647
-0.749129087655	-0.596809350294	-0.287444271869
2.63892713748	2.54924263971	-1.46936286823
0.399401328664	0.848347960979	-0.347540380049
2.97285913218	0.286641977857	1.35342942418
0.771265577898	0.219270136362	-0.597553357994
-1.30444816309	-0.63920563233	-1.99768800436
-0.364821240627	-0.228954650574	-0.902488354699
-0.747640594432	-0.984274691582	2.20640098812
0.56921191075	0.819733727491	-0.0635170581288
2.2696055703	1.97284219348	-2.46476755615
0.753070637195	-0.4969729178	-0.431164161739
-1.75270753579	2.91422030716	0.665336809415
-0.86229309713	0.0655380583251	0.50215075182
-1.41990309455	2.06515577557	0.920357960787
0.729954688191	-0.529777019246	0.431859309344
-1.37706632258	1.91519814426	1.45333542213
-0.374462386225	0.115020185968	0.920080582407
-3.06239108086	1.77374768706	-2.12143274659
0.551643096652	0.819677345581	-0.154333868794
1.37536629036	-2.06119906461	-0.18075401977
0.976161093482	-0.179352426314	0.122238401282
-2.07929741693	-0.0610947870544	0.815123109272
0.703138371398	0.143186852914	0.69648686694
-2.75306498769	0.162109906049	-2.8670533684
0.570618768368	-0.617474321929	-0.541405285294
-0.778027311393	-2.66345968926	-2.67432474696
0.720815688869	0.56419323741	0.402629772297
0.812838247175	1.5907114153	0.642118996247
0.618716314647	0.465123196177	-0.63312758143
-2.24032755757	-1.74491338302	2.44569732855
-0.642126174396	-0.671480540055	0.369848429067
