640
1.18126647909	-2.48836526467	1.00083506135
0.245466973558	0.602129934739	-0.759727258023
-0.299053753708	1.88027870717	0.580841215214
-0.455518858055	0.690531463718	0.561844166626
-0.546322720831	0.576041279254	2.61810514189
0.414809934434	-0.269577867992	-0.869057242869
-0.462843814126	2.08530105798	1.78125247557
0.839906536474	0.371568945497	-0.395592629774
1.84949532871	-0.769804319072	-0.680330882361
0.527129560598	0.622674207855	0.578283025183
0.190799150722	0.443231976334	0.825245271173
0.334912090221	0.845659730493	0.415564088976
-1.74398571459	-1.31925991225	2.63659902458
0.613073378165	0.691317127706	-0.382389411367
2.15659273169	-1.29203918726	1.33138976556
0.816534447807	0.577032089253	0.0174775145902
2.8555018627	1.02570129148	-2.41620929403
-0.558829256317	0.734015336155	0.385916245544
1.75355191534	1.46788763911	-1.40251163474
-0.0341619931102	-0.590700442793	0.806167442354
-1.64414456911	1.80964847053	-1.61803072819
-0.180178473163	0.741828184633	-0.645930849467
-0.452709196307	0.550534783212	0.0386460575953
-0.155543535853	-0.813371867837	0.560564370136
1.91995987143	0.427172127219	-2.13644804015
0.517621807487	-0.833970032592	-0.191211006883
2.15960348717	-2.55816016767	2.57082919393
0.651033950027	0.580495796251	-0.489059737095
-0.750680356303	1.4686055713	1.09117867133
-0.537734550506	-0.601946246083	-0.590340808363
-2.53887617573	1.94660447206	-0.0921487942703
0.088674991504	-0.886053414722	-0.455023177586
0.425679923419	-1.7887048343	-1.85724566993
0.904751440748	-0.276430488515	-0.324054031734
2.55195218932	-0.139456798475	2.53949483389
0.54972443702	0.466516637874	-0.69293958606
1.89089070757	1.886421605	2.92162003187
-0.950018202869	0.312192830877	0.00102497102737
1.13509685684	-2.44039059106	2.7440570041
-0.622155475317	-0.124581919215	-0.772917789896
0.920351671338	1.27966695393	0.133896893272
0.689798089979	0.39699935844	0.605450331952
-2.59763554274	-2.53278693334	1.47584953471
0.00543812052262	-0.985582152495	-0.169110163882
0.964023530912	-2.68158974109	2.56659495077
0.764269731146	-0.350199124082	0.541527793881
2.39540062224	-2.5444872508	-1.78753889482
0.159476919171	-0.560505457217	-0.812650444338
0.635219048083	-0.685533002147	-0.622141126831
0.397564983837	0.205521819558	-0.894261072233
-2.12335517901	2.3458313615	0.517735652057
0.511627819238	0.252120251514	0.821384412658
2.5115399382	1.74836632059	-2.38371274139
-0.546496637525	0.147349345796	-0.824396503794
1.27928795853	1.71741229906	-2.19999917976
-0.46727488257	0.616088724196	-0.63410477686
1.6429947488	1.50719544146	-2.23521921341
-0.652943307179	0.0414615662122	0.756271099632
0.470494699285	2.03270314025	-2.46505290323
0.382949511619	-0.400274100366	0.832544482971
0.187839557092	-0.523040502172	-2.22708404872
-0.189486978044	0.191368943724	-0.963053795242
1.12839451634	-2.45796644617	-0.815458531494
-0.41042158369	0.101644449196	0.906213291444
1.28703741541	-2.08970762051	-0.632463400255
0.558163780986	-0.703994532981	0.439141083399
2.78401528138	-0.573080089283	-1.92249360297
0.5700558775	-0.816794683848	0.0887848014285
-2.15493881964	2.77484192634	-1.66477626578
-0.548516080543	-0.625980969804	-0.554326559736
2.54960836631	1.6910133876	-0.945792581323
-0.448984627952	-0.674630869422	-0.58590613061
-1.3177964967	1.9261037307	-1.61164155231
-0.199190120069	-0.627661994168	0.752571403353
1.64732145206	0.821587273488	-0.305011205916
0.565121679799	-0.772017479387	0.290906339812
0.366887779746	0.867565387351	0.726634759853
0.477452532002	-0.596579472119	0.645082950581
1.88676319971	-2.06418831594	0.471332198402
0.520364134878	-0.436096596591	0.734194065336
0.457451229908	0.49645637377	-0.871550725203
0.0492653417194	0.551023448722	0.83303426404
-1.41451357916	-1.41301576441	-2.10837365196
0.482377872641	0.804064121025	0.347552121655
-0.0170397537396	-2.1163307401	-0.457214601947
0.894858510517	0.13325900383	-0.42599329109
-0.701638364252	1.61857715267	-0.807928045559
-0.475238148569	-0.768190493582	-0.428989589285
2.2915440909	0.592899035315	2.38205238085
0.845380511916	0.425558873452	-0.322848935725
0.904863805393	-0.141992085167	-1.76443751544
0.190210361268	-0.859182594328	-0.475000303231
-0.610257987819	0.425527093246	0.711935237974
0.577558002309	-0.533049720196	-0.618291799855
-2.84065645424	2.27386964811	-2.22454369171
-0.148363015042	-0.221383753885	-0.96383486619
-0.467971304693	1.48528937336	-1.33820046446
-0.924537647142	-0.376735873681	0.0574475456222
-0.126750153434	2.83945110565	-1.09820787581
-0.765069424017	-0.552144946206	0.331367974937
2.26565121706	-0.488391389598	-0.719559132164
0.967948588665	-0.0362505653068	-0.248518462525
-2.23584081563	-0.475749372119	0.190087003631
-0.552314434629	-0.0779349001332	0.829984889406
0.804036595146	-0.576689006506	-0.636215012932
-0.321721972355	-0.345507631761	0.881543787284
1.32069682803	-2.83443156083	0.270148741871
0.669262146092	-0.727415879363	0.151506825782
1.15202101361	2.04144190362	-0.659625049349
0.629217679822	-0.672968759529	-0.388842076036
-0.639467732078	-0.0840847733073	-1.46256688635
-0.460340089183	0.630239634984	0.625207969228
0.749664635385	1.68117890163	0.0868037755861
0.574247146822	-0.818337517303	0.023747044912
1.22557986089	1.76952929907	1.57639211958
0.0872352445913	-0.416356337026	-0.90500685783
-2.35558130758	0.965169123839	1.31370090243
-0.352189979179	0.66884698087	-0.654680024705
-1.29679654139	2.42108057668	1.54248159665
0.596525594622	-0.075947834448	-0.798992579066
-0.496286363736	2.51941145371	-2.79656004762
-0.440102363699	-0.66438867315	0.604067546269
-0.57669714252	-2.84536173717	-1.39341267789
0.00578088986926	-0.764581951432	-0.644500598027
2.51035231846	-1.43147239935	-1.23167220434
-0.81658094631	-0.100153644009	-0.568475862034
-1.12760946564	-0.259842210627	-2.59811139818
0.0916949259439	-0.633714047498	-0.768113628677
-1.67571387173	-0.288600254685	0.987502563073
0.0963894128042	-0.86304809271	-0.495839763199
1.94665285819	2.65613044263	-1.94287572955
0.55474258591	-0.679210166368	0.480556149976
-1.0542124037	0.646418863388	-2.48926418679
0.814201415978	0.493824101675	0.305309369042
-0.0929395370151	2.55478157099	-0.77155104646
0.999962529084	0.00460292475448	-0.0073316786969
2.20793321368	2.17431501119	-2.19733171522
-0.989754515735	0.138056481383	0.0364198644977
-2.82859197072	-0.0808914977258	0.279298560612
0.283576091851	-0.942252082011	-0.178172989187
-0.954461276883	1.41315539932	-0.486262184873
-0.796030318155	0.538416088967	0.276484805587
2.37860725545	1.61885000031	-1.98085121649
-0.564271124515	0.781275295786	0.26684641694
0.770543967727	0.289121949163	1.48172339079
-0.497833476418	0.571130975306	0.652664721586
-2.5964547247	-2.66988622741	-1.81676724483
-0.940336371931	-0.320935423988	0.112995403683
-1.84009199598	2.59748620416	-1.47790344458
-0.364658697614	0.847063871543	0.386661133011
-1.33927355739	2.07266507444	1.06710644586
0.808845867244	0.236237808594	-0.538479396851
-0.85334585262	-0.174243967572	1.95589163075
-0.0855220485422	-0.994365329311	0.0626384153555
-2.36099710664	-1.17888085903	-2.83245073415
-0.499740294938	0.718832936293	0.483258571901
-1.37945859124	-2.44175931591	0.48622143396
-0.295237873142	0.955063348412	-0.0262411658124
-2.11439502047	-1.67476514432	0.866815179237
0.599521987453	0.510505634284	-0.616406833127
2.57048123479	-2.76812090555	-2.10608710233
0.717630101858	-0.692272439842	-0.07593356269
2.60557085225	2.16645839262	-1.46254746857
0.727968300473	-0.071220542978	-0.681901596834
-2.59275200162	1.55664691248	-0.727196186381
-0.855018869659	0.206300856768	0.475796898922
-1.9895287468	-2.53394425385	1.12715317258
0.146206549191	0.695715375627	-0.703280712866
2.40577862205	-2.7676799973	-1.98308940984
-0.413283106256	-0.667954554467	0.618897234806
1.67467884466	0.304359542739	-2.30434885481
0.507647026004	0.423948678528	0.750041342169
-0.353103129275	1.43032386814	2.48232050561
0.317241026822	-0.710836831761	0.62774925688
-1.85518876213	-0.0412561533239	1.61173596187
-0.314362811217	0.657082806832	-0.685141013142
2.70273092551	-0.295012710413	2.64873807426
-0.255481079684	-0.707008812179	0.659445189098
-2.23721278984	0.409666682632	1.51813468756
0.589615018144	-0.573612119757	0.568615218269
-2.78114012042	2.35315285661	-2.63492632823
0.446192559593	0.639793688975	0.625760525531
1.91421887634	-1.51841248385	-0.341328118394
-0.668999183063	0.663497016314	-0.334980301515
0.687325764952	-1.41031477193	-1.74091342641
0.755607194965	-0.522908670629	0.394492444919
0.792062852187	2.15234789548	2.6012174305
0.729255630533	-0.12169805168	0.673331871779
0.337830031476	-1.84846724381	0.428060092318
-0.505252069539	-0.851887667611	0.137868589601
0.627764002036	-0.478987442976	-0.560742173314
0.778482445515	0.284890844053	-0.559287304522
-0.76458672418	2.56780200808	0.631914337275
0.841034185201	0.517551088636	0.157487681976
-2.42613964498	1.11763076518	-1.689527958
0.660840804479	-0.690107321482	0.295027652896
2.81434871133	-2.68493508399	2.82482209245
0.784187985015	-0.359312787888	-0.505908612912
2.36595906459	2.48776290586	1.73023711668
-0.29621897471	0.742036960819	-0.601361345449
0.459291638082	-0.778330521207	2.65289624747
0.864553066816	-0.361858089794	-0.348721547241
1.06052231227	0.664069011314	-2.12835754342
0.0273186553408	-0.760846590823	0.648356504019
-2.533697481	-1.1519851467	1.46906193522
-0.237413419323	0.0698361531357	0.968895133665
0.129761247533	1.11637162018	0.729489425631
-0.606540781662	-0.291081719867	0.73985114215
1.71594991134	1.84410862549	-0.110642741959
0.83098839261	-0.161985961352	-0.532183088488
0.259806106292	1.7565580017	0.771806658635
-0.821207168192	0.52974893152	-0.212096337692
1.33756294353	2.46906638054	-0.673848375065
-0.839190561733	-0.132612500309	0.52742120346
1.85731042403	1.14028618788	2.52226950961
-0.16649855195	0.909185177007	-0.381655009281
-0.120939912297	0.387875527256	2.87984070857
-0.510506895185	-0.678663498781	0.528013792803
-1.0515549635	-1.1585159385	0.166557092303
0.0646174307908	-0.913690440909	0.401241032087
-2.26744926747	1.52430100862	-1.73056986554
0.526281620519	-0.642520955648	0.556951054813
-0.4657182628	-0.860164734563	-0.701284342138
-0.178744484385	0.644051229684	0.743806710675
-0.800102641406	-0.299091680485	2.19753698007
-0.488983471646	0.55031560359	0.676792361734
1.93280040937	-0.319210129678	0.803211153468
-0.0673097690815	-0.812678706356	-0.57881146777
0.444229523717	1.67013785828	-2.04833311464
-0.82764120131	-0.291384240608	0.479692887396
1.16997364112	-0.538637577699	0.14865033005
-0.649583008264	0.46350375843	-0.602665895248
1.98968316164	-0.671663075878	1.50196720549
0.447746545842	0.643240600403	-0.621099477282
2.44264372615	-2.92778745115	-0.609896229459
0.194927638654	-0.944602130646	-0.264064443778
1.87392613515	-2.7471236192	1.81840430182
0.354865517887	0.933849359331	0.0446748060068
2.81603560388	-1.50952459165	0.135519932044
-0.948505105908	-0.0731288756233	0.30820485333
2.68974267376	1.06423671409	-2.87141495389
0.464578879058	0.385527034692	0.797204723176
2.45627173696	-0.50583653636	-2.32625426898
0.566607073741	0.823967104818	0.0058850797355
-0.700517329075	0.490913827735	2.91638232975
0.806012433996	0.384459147787	-0.450039020449
-1.11280956928	-1.04952822681	0.820267963585
0.747829726902	-0.542805691474	0.382246884703
-2.35096362432	0.162665612511	-1.94866156994
0.725205356497	-0.664304596922	0.18104307061
0.575630297894	-1.07583458379	-0.246493407241
0.586632618775	-0.732897698566	0.344562235344
-1.42174951256	-1.51763609331	2.42893418885
0.377112308276	0.399563141711	-0.835545093177
0.323419123511	-0.00226667882123	1.21365892675
0.325500321098	0.907501296811	0.265501294257
1.92304572263	-1.8057775344	1.24168067715
-0.649609703402	-0.623482956153	-0.435058888695
-0.387170346728	-1.79191463004	1.17304080889
-0.553074908824	-0.493223337285	-0.67144536992
-0.442071106398	-1.52611982548	-0.846340007865
-0.834629974399	0.537819011758	0.118926516922
1.27156910303	1.88172063234	1.76213924492
0.917689706323	-0.0685488438653	-0.391339569828
1.59020816269	2.01807355864	-2.90978672065
0.736100635974	0.34297946517	-0.583541721037
0.465569198264	1.90999301654	-0.478776373295
0.604333897816	-0.656659803797	0.451196677768
-2.90117954168	-2.39481359359	2.34247341431
-0.565244574719	0.726596998893	-0.390583373879
0.409288710154	-1.80746817107	2.20001024252
-0.657378702084	0.673314564878	0.338379577943
-1.87941911956	0.370003606681	-1.77740046572
-0.205264228129	-0.527334124614	-0.824490944564
-0.313252323593	1.06486306846	-1.57683371203
0.049254551887	-0.0502237278315	0.997522714669
-2.6391097522	-1.83168657323	-2.82960170337
-0.654313239308	-0.179408280798	-0.734633822831
0.0996683392799	-0.422991092545	2.0484133019
0.109913343779	0.376066067376	0.920050743072
-2.14344891907	0.37140800088	-1.16904155596
-0.552103710951	-0.830093396565	0.0782716125592
-1.31993730412	0.161538072877	-2.79748002115
0.330252169544	0.690918356658	-0.643090451605
1.68027191093	0.0465475278428	-0.463270886863
0.746060132454	0.657312484491	-0.106463968057
2.47947100615	-0.389589019441	0.149791761907
0.730862783636	-0.559643584069	0.39068996699
0.213256138373	2.01752509984	0.988042571815
-0.775750581556	0.0363287636423	-0.629993060396
0.747694293266	-0.858730019022	-1.43519758965
-0.32306993581	-0.0120180247693	0.946298781388
-0.878127575511	-0.51847403622	-2.82298392931
0.4578210666	0.366332688663	0.810061869362
-1.86307746033	2.3731984824	-0.172006923019
0.750195153377	-0.188596148692	0.633749733371
0.895679959894	0.538962582029	0.537938839803
-0.556534718747	0.415694790923	0.719351755144
1.27411927261	2.06491480546	2.47758157963
-0.45990286693	-0.875966096807	0.14550859162
-1.47117748447	2.92537857586	-1.38433537658
0.049210102175	0.693195600623	-0.719067608171
0.16753868895	1.95997842132	-1.06870811978
0.0691028845206	-0.929941829289	0.36115507125
0.487904076923	1.38275788178	1.18910329343
0.919308112455	0.190767717942	0.344209634039
-1.80138826997	2.57243321662	-2.57240313736
0.669071198582	-0.49973755871	0.5500964494
1.92471054489	-1.35913561416	-1.7897691894
-0.722287677091	0.677328965516	0.139735407095
1.56006869806	2.10701047792	0.517510761729
0.715778488113	0.078717699975	0.693876559386
0.80795144881	-0.371823927249	-2.02090389048
-0.215118800775	-0.962031726993	0.16798469517
2.53810403198	-1.97157343949	2.92679926249
0.843016227896	-0.075670024722	0.532538906431
-2.29237295144	1.3190029247	0.0546240406321
0.325714141872	0.115109554797	0.938434914194
0.224204554875	2.89062469584	2.91829030327
-0.201960077915	0.753908866629	0.625166815936
-2.78734650813	-1.13843857395	2.19911255311
0.534173525715	0.635065229824	0.557988170389
-0.631280350488	0.708513530477	-2.33360501102
-0.340608069152	0.220662730799	-0.913944255666
-1.66610017751	-1.14480461808	1.37340091008
0.0939790575727	0.324443057452	-0.941225073619
-0.971327630037	-1.78357524059	0.374777647979
0.850040695	0.252096917456	-0.462469416344
1.87529096922	2.04736708176	1.55264103348
-0.387318868186	0.160644928585	-0.907842112521
-0.292110143545	-1.39465467874	0.576727577085
-0.393230070715	-0.847512115163	0.356501509306
1.24045782096	1.96972901413	0.670866081467
0.40784185307	-0.707712421917	-0.576895268441
-0.618333416099	0.734877673644	-1.9531763255
0.841592612563	0.522465264738	0.136937655971
-0.72573679859	-1.20953617972	-0.522737449182
0.79771033628	0.273076392337	-0.537668581321
-1.69963300003	-1.97906195014	1.65886858603
0.499194139943	-0.530484355566	0.685121565233
-0.283880699821	-1.99415378214	-1.92876016874
0.860308802143	-0.503270434037	0.0811642481598
-2.44190670552	0.432220560719	-2.82941855469
0.0213186208179	0.69201559709	0.721567688987
0.740012364915	-0.843790058415	-2.43544889434
0.866602010049	0.175778354589	-0.467014910081
-1.31538783416	2.26821659611	-1.06232894047
0.398436565328	-0.732917968892	-0.551434088795
1.27552208087	-0.493607825522	1.65531656541
0.664706923465	-0.746431251969	0.0317031856705
2.50874953713	-0.048255256364	-2.47248014425
-0.195689391282	0.264375501829	0.944357589143
0.0200574777015	-1.68465081984	2.65735103839
-0.951331937729	-0.26152606744	-0.163008160243
2.7228434572	0.0368464667739	0.950177357488
-0.75631228635	-0.622538587547	-0.201090607764
-2.60168682924	2.63048997713	-0.63800390025
0.0214017922199	-0.666515105409	0.74518425745
0.502633560112	1.6666797544	2.91714711188
-0.693977514863	-0.30080092804	0.6541513667
1.24351867687	-0.258560968878	2.64714822184
-0.406999379462	-0.754445992369	0.514939559285
-0.168912020354	1.74295029983	-2.84826025883
-0.958925063009	-0.193801080524	0.207132481088
-1.46677108295	-1.79792795632	-1.31712598725
-0.667201489707	0.569503990562	-0.480111837874
-0.229371113075	-1.17582478828	0.768854994038
-0.506536562009	0.240847989472	-0.827896706912
1.06066851794	1.24913285513	-0.452822908446
0.775280839358	-0.600446848775	0.195967349118
2.77238306925	2.78392124563	-2.81610531421
-0.755661419897	0.534219210857	-0.378926976118
0.137166179787	-2.71396986524	1.4727996509
-0.337807977967	0.335524335296	-0.879380003438
0.803832070974	-2.61369708937	-0.587141231404
-0.681213233568	-0.228132313078	0.695632214709
-0.353055866161	1.54414249963	-2.88554708729
0.695908567019	0.716895314093	-0.0420995841028
-2.40991799532	0.117510427693	-1.33655347767
-0.647254975185	0.696859067823	-0.30894730407
-0.00491808736464	-0.47810811538	-0.177678672222
-0.297199117224	0.892874608069	0.338301077424
-2.13533239563	0.21263386573	2.09633151662
-0.575305780903	0.508428408375	0.64072132165
-1.9485145553	0.353040139999	2.52368330343
-0.693378788683	-0.515787973932	0.503178518373
-2.8788208598	-0.542171570877	2.83559176928
0.191973477151	-0.375110612826	-0.906883792013
0.864805140367	2.12154493819	-0.96891719843
-0.562718705531	0.557280241581	0.610562356184
2.15140551897	-1.02800282924	0.817101895457
0.228309284988	-0.950437664951	-0.211052399727
-0.477095843356	1.88766336249	-0.528666583987
0.649901206231	0.706821098434	-0.279342723097
-2.57718950248	1.31087837306	-0.336211830909
0.275410353554	-0.866271928916	0.416799810853
0.0285736477229	-1.43001847941	2.81411303855
-0.925333990934	-0.208849412879	-0.316447354171
-1.74875965508	0.709610518028	-0.85435956968
-0.440921873109	0.491769217821	-0.750833495669
0.610038428084	0.861050561251	0.379871937116
-0.0304230336325	0.200915524014	0.979136043272
0.798055606236	-2.82808822245	-1.79220440819
-0.341446830151	0.847166281186	-0.407091333978
-0.284025789659	1.65802752256	-0.018132865419
0.245972753873	-0.796650031545	0.552128727373
1.28713025719	1.0174493489	1.26407724153
0.879203469161	0.447215599971	-0.16431514525
-0.589757087632	-0.522689866511	-2.55069748741
-0.470523026032	0.695374393759	-0.543196589163
1.14885749071	-0.150921685043	1.20731853409
0.0984152800271	-0.763466451091	0.638305107856
-1.09140144718	2.38401320309	1.19055023559
-0.703468489246	0.704750873462	0.091968967551
-0.962085536486	-2.15967231999	-2.83441893149
0.665426503136	0.291609775723	-0.687147224129
-0.18037780035	0.832279833037	1.21685896554
0.342151652594	0.933240965102	-0.109515056875
-0.820722807086	-0.392851332421	-2.20040424173
-0.07121010373	0.0519832058257	-0.996105851523
2.07172309065	0.104609579558	-0.921516523972
-0.515683499887	-0.642368224794	0.566951136978
-1.32182474734	1.65194425488	2.88554324883
-0.756232985862	0.627789622934	-0.184368816319
-2.64343934806	1.63147052623	2.58026424705
-0.397114375038	0.917679556009	-0.0128220755471
-1.69948100826	1.38216773467	-2.31789591678
0.630201597049	-0.775895284961	-0.0288522763801
0.923304395871	0.32226208754	0.41666613146
-0.924370441975	0.266784298367	0.27270024596
1.17185430051	-0.611035064247	-2.77014811755
0.648300903306	-0.625110021905	0.434676200506
2.6173765344	2.55963709427	-2.39323149254
-0.587460975192	0.571210417955	0.573243631492
2.83070815071	-2.35890343819	-1.4745533586
0.537153533868	0.695745178162	0.47686971818
2.47289034762	-2.62093429732	-1.00978842755
-0.381376148012	0.642546561894	-0.664594725773
-1.45142056538	2.44731405362	-2.00822647762
0.425562280173	-0.899823288702	-0.0959937227308
1.45589002628	-0.945599749937	-0.274042759744
0.486675594756	-0.559213967619	0.67113828969
-1.50282858972	0.229373576831	-0.938003156733
0.687282038924	0.160949084241	-0.708335225197
-0.99114520489	-1.61378428673	-2.78548552235
0.356419809456	0.77677179509	-0.519221049054
-1.033138661	-1.03869317635	2.58996357596
0.148077643373	0.975725794675	0.161344925977
-2.13258745059	2.31333206877	-1.85674421279
0.50779872033	0.723414131163	0.467773935214
-0.452097689819	-1.31710071781	-1.09862424169
0.483817838369	0.84222819051	0.237848637553
1.98867945029	0.0584874595454	-2.13806999797
0.967590440048	-0.244578170796	0.0628510835048
2.20859523871	1.72273487133	-0.177692917941
0.507024826204	0.861219577146	0.0350237855345
2.86976762734	1.74201901619	-1.05487652199
-0.0110186829186	0.599746889465	-0.800113902644
2.51813194956	0.0977494647724	-0.251892040872
0.575977045967	0.381140678684	0.723175100215
-2.39122227903	0.51077747422	-2.40771151734
0.443764831795	-0.446485199392	-0.776996615685
2.84237069688	1.44014068323	-2.46563462486
0.5250784991	-0.510079405457	-0.681257344849
2.42829267434	-2.47111789132	0.547103742045
-0.0852314111097	-0.733701543168	0.67410507498
2.09117724021	2.34151456833	-2.22250613624
-0.353250577498	-0.815537247062	-0.45838087673
0.944719565992	0.30015957684	0.177838037642
-0.0386010673697	-0.991982520833	0.120335514124
2.0245498886	0.0901684000943	-1.70397278132
0.881631464742	-0.0538938487604	-0.468851163422
1.12249751549	-1.30774614415	-1.60154025277
0.144042851979	0.984977611498	-0.0952405462097
2.32611502061	-1.71970226447	1.6137195028
0.644252673208	0.287788543988	0.708601613753
-0.535500605722	2.71651733611	-2.8074725358
0.492798036186	-0.582071877172	0.646793958952
-2.30943024586	-0.68842188917	2.78260980284
-0.503528503006	-0.750772491651	0.427550830241
-0.837092625048	1.71239432708	0.0235577107187
-0.886064780334	-0.119692032251	0.447842631365
-1.77619591897	-2.71569730506	-0.290181552146
0.122344936889	-0.950341060916	0.286153078535
-0.986448756828	2.87749591138	2.32276775724
0.590577010775	-0.631753542066	0.502101838706
-1.20582025088	-0.666816794657	-0.281931689635
0.965059524926	0.261185598724	0.0210284656742
-1.0594079488	0.760826979039	0.577698498441
0.404654751275	-0.914184202002	-0.0228424403425
-2.32704592171	-0.227806986765	1.29208532285
-0.630912447922	-0.759539816503	0.158267969605
2.51711299528	-2.77497378586	0.230307984494
0.52493778097	0.75383238344	0.39519243893
1.79986842117	2.49122708306	0.361551036898
-0.866769802502	0.302896585242	0.396186531977
-0.0440729067583	-0.594577235966	-2.0379825879
-0.656299301492	-0.2020429994	0.726945564162
-1.14507025231	-1.49374766558	-1.51496474969
-0.121143329279	0.572935539844	0.81059802674
-1.15092022478	0.929699038337	-1.74845705858
-0.843757974905	-0.0130972883509	-0.536564013723
-1.44898074009	-0.842801285997	-1.49383003051
0.580770152933	-0.219686281167	0.783864763419
2.08008925074	0.105153169185	1.4835969861
0.7170698228	0.416388327422	0.558955839057
-0.899117348745	2.12093403825	2.50455379743
-0.445704149976	-0.811983455951	-0.376869576851
-0.765432456669	-1.50650257819	2.35859539675
0.417626044125	0.276911933897	0.865394862553
1.27793806183	-0.0370939126725	-2.59994001832
-0.715575608393	-0.680920654596	-0.155880116814
-2.11393951047	1.17768628041	1.22039398514
0.109910517262	-0.686372229719	0.718896960952
0.219410024381	0.140421060804	1.11082872699
-0.776247142347	0.346458596734	0.526694232689
0.513549713505	-2.34960203536	-2.46643824286
-0.163070028608	-0.971827900302	0.170172553501
-0.828316855195	1.43630463294	2.38961082602
-0.680617889342	-0.383677720711	0.624139964541
0.296019689513	-2.31357102657	-0.26846825865
-0.340678135821	-0.0871812526348	0.936129177498
2.79527787781	-0.262183142631	-0.300222560862
0.500275622049	-0.706937769614	-0.499963290529
-0.0611460993793	-1.27154700082	0.405847164721
0.101336091929	0.474882237505	-0.874195548476
2.67994473214	-0.253053653677	-1.17019065988
0.716340991303	-0.494573067147	-0.492192102163
-0.0761385309836	-1.40390742702	1.96388104684
-0.68194340699	-0.731337487468	0.00993323144891
1.1158802172	-2.83791360896	0.48516284316
-0.388379726673	-0.848622753706	0.359166548835
-1.51558087931	-0.448150968398	-0.117352653092
0.542389783284	-0.625703720853	0.560631944059
1.36946507011	2.70782624147	-2.69359545683
-0.832086806501	-0.252722674282	-0.493723400651
-0.919740332946	-1.59462758569	0.304069623695
-0.263195081053	0.383429794474	-0.885273936146
0.0418804276536	2.10389868437	-2.88579790237
0.754460694315	-0.0525575770554	-0.654237542356
-0.781631693398	2.24626651482	1.18335843314
-0.766850691269	-0.487211856584	0.417809315483
-2.16063259784	-1.61737984364	-2.3148415405
0.543220980195	0.536039815227	-0.64619833114
-0.78028153511	1.27048901413	-1.66653555256
-0.626699030192	-0.65236988887	0.426218082268
1.68040207747	1.20906543297	-0.399148291517
-0.123582828423	0.660239754718	0.740817623176
1.0324653888	0.40004666103	0.590999998274
0.945898305545	-0.0900305383562	-0.311722469082
2.81849828159	-0.215236950667	-2.23669866983
0.586395315882	-0.112685990294	-0.802148615347
1.30349768127	-1.30993484661	-0.406641583574
-0.549489014535	-0.727837874323	-0.410260711751
-2.36455585079	-1.6425277489	-1.07250360776
0.990337475643	0.119072757616	-0.0710870081684
-2.77486582829	-1.83509266627	-2.4992587637
-0.182536686717	-0.573337397943	-0.798726853262
-2.30073813612	0.762206763887	-1.32021011205
-0.528138840691	0.486444231735	-0.696018228472
-2.70936386897	-2.31922891182	2.30676424717
-0.159280852497	-0.253903384537	0.954024465802
-0.854546343728	1.52323379079	2.60966560876
0.85626720065	-0.0886242366022	0.508873487007
-2.69091964532	1.87030389404	0.407601598976
0.165516477471	-0.981282701694	-0.0984304578994
1.57571649443	-1.23317547811	1.3983604342
-0.25210292352	0.911366757937	-0.325353267204
1.94151402002	-0.896171136508	-1.39365595601
0.624135115583	0.602110302387	0.497914190655
-1.97099677185	-0.783776508608	2.0062038274
-0.945225312399	0.245993411377	0.214560831372
-1.57210622868	-1.6599002625	0.49612401544
0.356583763456	-0.849039492532	-0.38984607188
2.45387840601	-0.298195585391	-0.598726386015
0.581997339519	-0.728528733615	-0.361282411819
1.90294718602	1.94344076241	-0.273535533126
0.286280205087	0.852660668717	-0.437050830224
-2.26124521611	-2.03854094574	-1.04380540349
0.583776267161	-0.342688273364	-0.736050281705
0.813345052558	1.76132241865	1.08893472081
0.137226400882	0.419487134067	0.897329069658
-2.9103098747	-1.05838163658	-0.999264703344
0.116223503016	0.359127209756	0.926023619871
1.66829471121	-2.15693862683	1.03505686866
0.471931467544	0.528449332277	-0.705706733111
-1.01596047194	0.48885297027	-0.185955651594
-0.0847046642841	0.642453583323	0.761628855234
-0.837085425523	-1.72635185803	2.81250908949
-0.565701235774	0.0663192075544	-0.821939094187
2.90104596841	-2.01812424065	-0.711820342899
-0.831781598695	-0.547621943936	0.0908271908174
1.10360782474	-1.05032533136	1.85341261812
-0.675567922407	-0.737256751462	0.00777590105773
-0.569318906959	-0.694541672756	-2.66322818556
-0.470745703599	0.561566822185	0.680471297532
2.18339301784	-0.30558557655	1.4890154344
-0.794101439054	0.505663291879	-0.337205485925
2.33427720229	-2.07788232305	0.0114452882424
0.439942319595	0.554362996499	-0.706493045643
0.805834369286	2.11986497715	2.39700542955
0.143521670457	-0.499351490546	-0.854429411361
2.05542391904	0.138911440797	-1.37254966488
0.165263497367	0.451153146652	0.877011296794
-0.663740761341	-2.0703622119	2.31136542526
0.131433417729	0.3627837819	-0.922557957146
-2.22265823477	1.25206711858	-0.786246072981
0.26450796141	-0.956962129759	0.119411140845
2.29138490649	2.47983196967	1.5307184206
-0.176659914051	-0.633502556752	0.753303249267
-0.635112238529	0.512588895205	-0.594102146613
0.346195570439	-0.925729904567	-0.152226051644
-0.304559900504	2.037549422	2.76921773339
-0.403327496757	-0.865293611152	-0.297647269193
-0.569511368492	-2.52352991355	2.84886756554
0.0634366848499	-0.960773239389	0.269982535528
0.0797313711764	1.67652485744	0.0205932186569
-0.070886611618	-0.771249075382	0.632574068403
1.37684467913	2.44521250411	-2.49393785011
-0.469278029325	-0.780147243959	-0.413700868908
-2.41616982492	-1.11271315409	-2.18710231702
0.571520792509	0.573544640932	-0.586865000309
-2.85912095489	-2.79065643101	2.45561539522
-0.188793266385	0.856814182407	-0.479819298689
1.23799681123	2.51809168073	1.46133718801
0.878122825001	0.167557214739	-0.448134894871
0.217770839156	1.8558398715	-0.187721246849
0.287385973227	0.0280564253928	-0.95740385386
1.83739177605	2.70169335892	2.76088884633
-0.70193414288	-0.461105424838	-0.542835376743
-1.79965636788	-2.05092547125	-0.736119425017
-0.391464180311	0.772259456891	0.500370989143
-1.47976492944	1.40174716378	-2.29625568958
-0.407075273296	0.660105344616	0.631308685098
-1.66857310437	-2.5399873147	-2.17327949093
0.226011455839	0.768171899738	0.599024836115
2.2476694796	1.32216978119	0.996699498125
0.235565305647	0.187809753199	0.95353892599
1.48940952398	1.94655825999	-0.173606876379
-0.173294125344	-0.742705015841	-0.646806312249
0.144597832797	-0.7678201674	-2.21065743785
0.488705929349	-0.767373801433	-0.415095125837
2.88339227857	-2.04401213185	-1.11724976715
-0.313946703523	0.826502746272	-0.467258683977
-1.22237481612	-1.97791710329	-1.13012027552
-0.121126402934	0.933212563881	0.338293814791
0.603141162072	0.667334879289	-0.512048274182
-0.653245086942	0.704651819179	0.277013844623
-1.89259112774	-2.19543208845	-1.81670499437
0.702620307007	-0.0143397124147	0.711420464163
-2.65401262824	0.450231640254	-0.470239432285
-0.918668180031	0.131980622227	-0.372330351105
-0.307174343531	2.19420655419	2.55144617094
0.387008532822	0.767681500303	0.510773442551
-0.686249434381	-2.83488969756	-1.00875751548
-0.635190815749	-0.0919143106013	-0.766866603194
2.36857457374	-2.23530431142	-1.68783797754
0.675326640438	0.483454353113	0.556961234891
-0.37938041169	-0.0551827464943	1.43825591127
-0.379624437692	0.893112584372	0.241319700694
-1.50577617587	-2.13029393904	1.69054588937
-0.3866830975	-0.432265988681	0.814630159727
2.15710092087	-2.61550912517	-2.49997593828
0.621682129452	-0.463089838322	-0.631711272309
0.078515277363	-1.22324379393	0.542033090096
0.864445699523	-0.472652549707	0.171269377974
-0.500494870966	0.777572228728	0.0649916115679
-0.510127378276	-0.25670547515	0.820897287705
0.446191777975	-1.75286371214	-0.949541825008
0.0828879202598	-0.969606442277	0.230201954312
-1.36273993373	-0.447698732923	1.48562412117
-0.601220962423	-0.654376359926	-0.458611964425
2.67169004817	-0.544989547089	0.574045493128
-0.705156775746	-0.67521635307	0.216418109609
-1.99250936739	0.260536284043	-1.3695313617
-0.826958173685	-0.289901885577	0.481764543854
-1.47216197664	0.502032663852	0.0912049310963
0.937055645311	0.343798865373	0.0610660114857
-1.44220870489	-1.11880069045	0.771626072808
-0.0661515713667	0.0225860100144	0.997553929248
-0.625727694797	-0.287176386248	-0.325822146227
0.503056313891	-0.665676270363	-0.551189121926
-0.64028189076	0.373897884034	2.07769582752
-0.942001012389	0.23879988392	-0.235814987008
-0.749849548415	2.75700863967	0.732555175543
-0.0755868973574	-0.0138648837193	-0.997042820518
-0.660405162232	-1.32851062798	-1.25234668077
-0.0926342699144	0.91884596741	0.383589598676
-2.83504063128	-1.67457320186	1.33551072742
0.708956278528	0.389903024285	-0.587670508694
-1.22366216075	-0.659532464294	2.37154119598
-0.70236695973	0.503758405427	0.502899714497
-1.55467433703	-1.75060685786	1.68936142528
-0.701962416674	-0.622474997864	-0.346083288546
0.42403936254	2.39002523394	1.15598990973
0.708680997913	-0.471978905203	0.524411247249
-0.112144178273	0.663151312279	1.6664750799
0.797038450963	0.350117439989	0.492084836082
-2.56720501757	-0.0133831471005	-2.58432552367
0.870071501616	-0.201294717866	-0.449951129163
-2.42941405867	2.85820991603	-2.57919114295
0.446294109084	-0.487538756016	-0.750418236438
-1.25025032424	-1.70621358058	0.731500991464
-0.598145874451	0.3616103083	-0.715163965681
0.388630671328	-1.93800500687	-1.98608743308
0.526641298276	0.296149688325	-0.796833925643
2.35756523433	-2.57533337223	-0.197952798499
-0.007885280331	-0.743030810683	0.669210756586
0.538693209788	1.53051735044	-2.24652689342
-0.742144208791	-0.55561585087	-0.374850636415
-0.819725461479	1.98846993304	-2.91432810866
-0.263212782306	-0.746323850624	-0.611326215061
-0.343758130199	1.62881298357	2.71521186951
0.488601862856	-0.804949228194	0.336637727599
0.119930204497	2.66044856093	-2.65194422946
-0.82158756194	-0.532123337098	-0.204544939268
0.211424195975	-1.9098211156	-2.62487205364
0.163910741137	0.439323193753	0.883248776037
2.69163238895	-2.17520002456	1.68807399556
0.790639970113	-0.555970136043	0.256487125382
-0.437076063766	0.411546499752	2.04659104116
-0.588449939471	-0.555948815559	0.587066932483
2.91827471683	-0.649835654593	-2.9007809107
-0.283139225308	0.273694823022	0.919197107776
1.22957614862	1.413864065	0.873718991119
-0.589733307916	0.639889355745	0.492702991607
1.36155164472	1.80187083846	2.73680122271
0.736450321013	0.35571336769	0.575420650244
0.342084017274	0.178830053236	2.81662926959
0.654248298697	-0.75579031177	-0.0272060339961
-1.98961783947	-2.08205365362	2.22347765082
0.154370052983	-0.252760720798	-0.955134495641
0.670414219795	0.0641597750769	-0.64253894149
-0.32385530159	0.743754022661	-0.584762941205
-1.03391991302	-1.26420989314	-0.401835381804
0.732708547615	0.580753515088	-0.354772517206
0.39685902938	-2.04004361813	2.35690102535
-0.34611996623	-0.578149332094	-0.738880449583
0.306078973291	-2.39427481558	-0.79303154736
0.521413767855	-0.0721379278929	0.850249258777
-0.0606548349797	-0.354274512845	-1.90706349798
-0.274488129274	0.684211964939	0.675655425437
2.70749359121	-1.24820181761	-0.652179487621
-0.601836673645	0.793866247701	0.0869999943496
-0.726767197606	-0.910485103445	-2.76476959231
0.342326128383	-0.848959011084	-0.402593367215
1.74101112377	1.96244631345	-1.31207995914
0.536831845186	-0.0621108722183	-0.841399910593
-1.87979973924	-2.31815811354	-0.724883501644
-0.179164466622	0.774679880957	0.60644140355
-0.151148101035	0.281257236222	2.7088309648
-0.852687864612	0.471023015896	0.225966201101
-2.04202407482	-1.01231294118	-2.87182794429
-0.122876669554	-0.64673954757	-0.75274782078
1.92497538702	-2.32842503057	0.0727376128959
-0.470254548312	-0.838412774746	-0.275544332067
0.8979614065	1.25793018637	0.786746180173
0.463015893409	0.572559822287	-0.67660293552
-2.24971334893	-0.448461756614	-0.666442918273
0.346041476261	0.849708482289	-0.397807480866
0.762537163594	0.407222119147	-1.61508947613
0.594523782262	-0.760521507833	-0.261052692859
2.90633105454	2.91965697669	1.98805607438
-0.887411266879	0.0380766696062	0.459403320241
-1.94852193965	1.88915259934	-2.87379745963
0.982294131031	-0.160149257183	0.0972134536271
0.509140223325	2.37275512937	-2.83206263713
0.51872381013	0.444577981712	-0.730257507309
-1.15062867642	-0.848161386053	-0.625291531801
0.563117092166	0.291727142581	-0.773171659331
-1.58946836521	-0.354468485121	-1.95404782166
-0.0849384882865	0.994864587289	0.0550445834371
-1.82560456268	1.71106311243	-0.248762101129
0.666128447731	0.13218819214	0.734029408799
-0.126639022184	0.394625435101	-1.10427372076
0.727785339063	0.0595224004092	0.683217084164
0.610865584033	0.433369344661	-2.8676314426
-0.290383669053	0.46208316909	-0.837947772592
-2.59588937873	0.216237111956	-2.3558243731
-0.630263228488	0.0247374518821	0.775987320315
-1.03788307022	-2.2590675641	1.3636613613
0.497631683748	0.608722777147	0.617915275675
2.76383399216	0.564742454355	-2.38072868701
0.920828533272	0.348229123902	0.175531448974
-1.75305032409	2.75097452004	2.58298935213
0.81801766297	-0.248378366769	-0.518801782948
-2.32554177174	1.98780283132	2.27796186057
0.109799444471	-0.0754290794753	0.991087552118
-2.76388305265	-2.22344582504	-2.35721578862
0.751395653281	-0.58239868179	0.310187600783
0.240630945369	-2.09523505181	-1.82423942001
0.218213506062	-0.973983856414	-0.0611417469224
0.54664020789	2.46922182426	-0.655896094155
-0.0562415253795	-0.99624851734	-0.0657706813094
-1.82064789993	-2.15457103339	-2.79129739059
-0.335680529281	-0.851857447951	-0.402066500261
-2.35711815785	-2.50239530261	-0.918679468744
-0.475407950334	-0.578795922796	0.662557590337
-0.635923762775	2.05555904811	1.89127619461
-0.592131661124	0.718069501274	0.365727066587
-2.64564227276	-0.520958665073	2.89612054219
0.236279178994	0.942017383542	-0.238275887742
0.507994674393	1.95589703789	0.262741161365
-0.0450463255093	-0.727368804971	-0.684766712182
-0.699132605083	-1.92417019898	2.62042967788
0.607153233629	0.0351683962219	0.793806106553
0.612107585453	2.84046306479	-2.1862290257
-0.592150242889	-0.639311033013	-0.490550194082
-2.23904500273	0.334222380571	-0.98417357662
0.941699828092	-0.336445269108	0.00245248173538
-1.04963846637	-1.90329197391	-1.01072095603
-0.595441296522	-0.798622673967	0.0874727787457
2.48443080195	-1.61330624446	2.61116115645
-0.656098899994	-0.216719804394	-0.722887791992
-2.09756509076	2.84280835742	-0.943979035233
0.341886256656	-0.683253660583	0.645196266891
-0.932871809228	-0.126223236559	-0.536569320124
0.38913521813	0.349900324784	0.852140566296
2.11545602488	2.73904594619	-2.0116063576
-0.990690351577	-0.0569074764447	0.12366958566
-2.8133297518	-1.4403414806	-0.745192409788
-0.0791203423915	-0.64100485909	0.763447930145
-2.25413436787	1.02460434702	-0.0224076751651
0.301014656145	0.953569841001	-0.00973319675863
-0.995703728156	1.90719486535	-2.84190662973
0.544867892991	-0.405154494369	0.734144954951
2.18372573651	0.877791417462	1.62333061171
-0.286867017586	-0.399092435921	-0.870880325769
-1.29409052405	1.82146839291	2.66476113642
0.830099784792	0.520787162349	0.199286424077
-1.16674487015	2.53102751113	-0.653146145251
0.464306546763	0.697702647681	-0.545555172326
2.13021859876	1.39570824755	0.467928513738
-0.0617206722654	0.931316696218	-0.358942571954
1.85022876681	-2.68982400639	-1.92424066877
-0.66490103658	0.295721267969	-0.685897618617
1.96620510124	0.00655857026236	0.342246946627
0.752137920671	0.655503575979	-0.0678499091229
-2.59123168054	2.13291921102	0.383090611594
0.717384707381	-0.584116999995	0.379692654568
-2.65986397399	-1.06400448276	-2.43880668278
0.535384818653	-0.25994935541	-0.803610246686
-2.13940925684	-1.57926842402	-0.322754808685
0.890327353905	-0.435638851087	-0.132423541382
1.60029348764	-1.01483401737	-0.927754846776
-0.195147614543	-0.87376516329	-0.445479346277
1.6794972784	-0.0614176552975	1.02751631228
-0.274121297595	-0.784055105207	0.556879795111
-2.02508433637	-0.676666113994	-2.84507043339
-0.612590036039	-0.594119591484	-0.521301600573
1.62375607867	-1.06893377133	-1.66349807651
-0.756072706304	-0.626783761877	0.188404295676
1.30518134075	-0.0388917982704	1.36295922325
-0.953958850773	-0.151609308098	0.258799398628
1.95565787348	-2.31810835336	1.31991345179
-0.465406117115	0.808318916698	-0.360579637612
-2.12824847886	-1.48059813597	-2.52946722476
0.63513920103	-0.514374510612	-0.576209213869
-0.706538287846	0.786076941009	2.54692781938
-0.654387838629	0.699101688488	0.288155141906
0.487988242715	0.0276301394644	-1.09472235044
0.790786936329	0.536397441069	-0.294845394311
-1.22551531984	-0.0576115871366	-1.79517753974
-0.665465579854	0.745991285817	-0.0255453227585
0.991120350501	-1.90151443379	2.70935970483
-0.790683982007	0.384149711318	-0.476705191803
-1.9938709741	-2.80266615464	1.38869419172
0.660263978697	-0.743701537197	0.10468764018
0.7017240094	2.01780367105	-0.162293121546
0.816964243977	-0.243699952377	0.522666009297
1.11007905093	2.29162889306	1.26450545106
-0.244542751966	0.693781558821	-0.677396479989
2.72041219736	1.3850826047	-2.67514176152
-0.328649298508	-0.944158268138	-0.0235542628247
0.382602038275	2.35682623819	0.897890591794
0.205703834027	-0.812681479968	0.545192392448
1.17119687116	-0.990524206976	-2.10448712971
-0.888786627656	-0.14269954795	-0.435540089446
1.2643278785	2.0204203489	-2.52369946621
0.510433163586	0.52283709475	0.682714697268
-0.955893272004	-2.23722353418	2.92652046725
0.926985435837	0.00892611116383	0.374991101608
-2.7966141902	1.57628715757	0.132742838903
-0.726596460451	0.226133050521	0.648784576822
-2.39624064446	-0.205089686947	1.48119470863
0.686364465154	0.134673011897	0.714679649102
-1.29135129703	-1.21335674315	2.32868316604
0.696036480974	-0.0425474297052	-0.716744677956
-2.77522764842	1.86325481922	-2.62546501309
-0.165841912536	0.825028248577	-0.540208153489
-0.481077485976	-2.31201924225	2.70223368378
0.0166196628595	-0.806027544084	0.591644644178
-0.516224144423	-0.0993166126226	-2.37065587127
-0.355610173434	-0.47428925084	0.805351545033
-2.77445711118	-2.79087497927	2.1771723659
-0.873454242834	-0.279754338721	0.398516242633
-2.11293418416	1.89122890908	-0.12459010738
-0.628368748524	-0.48893866861	-0.605055116677
-2.7004200374	-2.04897118689	-2.86204696547
-0.61396724771	-0.553479779119	0.562764917923
-2.49902463587	0.481816656635	0.0277372873333
-0.639675425393	-0.659400574288	0.394976243308
2.42221474368	-1.1236012645	0.136409006459
-0.746273244602	0.249859455933	0.616965555499
1.33323665145	-0.150711043978	-0.807532727024
0.47137845754	0.655550420101	-0.589962707696
-2.55231295894	0.297865263092	-0.297115572589
0.604874115203	-0.685887133853	-0.404581443437
-1.39863083897	-0.509479752137	-1.62068132031
0.773620931208	0.611977331468	0.164299727834
-0.400536015036	-1.66251224663	-0.137451373653
-0.970207986708	-0.178455202148	0.163860316594
1.94334703517	-2.83594875314	-1.37310848617
0.72721569139	0.285749910904	0.624102817342
-2.81428369193	-1.73341415191	-0.769328063938
-0.362267295516	0.890050665938	-0.276716856484
-0.511976698849	-1.58581631798	2.34613325539
-0.774596109638	0.578641552676	0.255293596571
1.97292332346	2.82439592603	2.8642446522
-0.689485277654	0.580891339487	-0.432637612335
1.08745345945	-0.591265948807	2.73900232976
0.0547447668542	-0.00340199348549	0.998494585335
-1.80097493652	2.83474917782	2.34375476555
-0.329238403292	0.916004985312	-0.229209381747
1.18234336255	-1.70856572396	-0.101935347444
0.677910023829	0.0888792664267	-0.729752338531
1.04819839866	-2.82463617294	-0.882713848974
0.278428177311	0.417182924148	-0.865122047967
0.0832620701935	-1.04108908221	-2.59645289945
-0.396471948631	0.51841661077	0.757663653363
1.97726970054	-0.562077068477	-2.64907646255
0.406014791258	0.508353776649	0.759426380268
0.545882697586	-0.991091122429	1.37698364314
0.285499335273	0.771313353293	0.568828480819
-0.787004495538	-1.82928848171	1.23004608617
0.076389790482	-0.535685314922	-0.840955315868
2.3815726703	2.21027072654	1.52661950496
-0.686655602644	0.615006911187	0.387647497799
2.874379653	-1.62542704842	-1.26536501703
0.259492196899	0.762257640544	-0.59298152516
-1.21968996	1.80394637595	-0.0975040733115
0.975775828383	-0.126542206701	-0.178461768078
2.55424569028	-0.463484694569	-0.965049222145
-0.880652789666	-0.463026201454	0.100286593422
1.37094156826	-1.60438064214	-0.277598528307
-0.671935953718	0.353825173604	0.650622640726
0.871969559206	2.15160860985	-2.74622304646
-0.621684813809	-0.505159443488	-0.598599974051
-2.50749460869	1.4354110054	2.70277962797
0.798219980641	-0.321841680616	0.509178549355
2.46935159872	2.17821881732	0.386229526389
-0.481026058604	-0.518208227809	-0.707159220809
2.6794645076	-1.64876034322	2.48041537921
-0.12479604312	-0.899494781898	-0.418730324864
2.18235935552	1.73741973631	1.71333520852
0.674479928025	0.615834436422	-0.407215880841
0.333195139234	-0.814456786079	-1.68952357028
0.21602205177	0.280137866616	-0.935338039875
-0.67710636914	1.91563275873	-2.29541607254
-0.774303668091	-0.260979563776	-0.576492408339
-2.32480264613	2.67808187412	-1.71448075176
0.865463933178	0.423324936703	0.267895834856
-2.31833111735	1.13945573101	0.886976498844
-0.127870524596	0.704813881318	-0.697772542912
1.92793229674	-2.35778247776	-0.705971875356
0.458853571262	-0.767985635404	-0.446823750435
-1.02453742261	0.966664589033	1.44602771605
-0.849561750292	0.322395228545	0.417499879104
-2.17559883132	1.5302503709	1.45309751953
-0.151110265551	-0.53180365385	0.833277001601
1.04684463304	2.42059980654	0.787298014149
-0.209324347223	-0.806427352076	0.553044522154
1.95896522303	-2.17667289915	1.52847228345
-0.677925636065	-0.335958493555	-0.653872099553
-1.82687458188	-0.522462846414	1.19344750585
-0.962764727812	-0.156479441889	0.220450137553
0.95222498898	-0.604189647543	-2.24031700454
-0.493205490844	0.866269162361	0.0795366716949
-0.44190301965	1.55079732361	0.146510508216
0.661985479779	0.728658291532	-0.175591340172
1.17102660578	-0.811622119306	-0.456222838808
0.0244238374834	-0.715324287158	0.698365692431
-0.612182773316	0.101162296807	0.452773949503
-0.618444723489	-0.781400731243	-0.0833007875238
-2.46892491482	-0.434669011821	0.345453400325
-0.120318609998	-0.988467305555	0.091955521509
1.65025918444	-0.604297663429	-1.21549353002
-0.592911673106	-0.665103613181	0.453974593594
-2.68160127753	-1.97912725337	-2.20389968289
-0.00830610061823	0.583334016834	0.812189899898
-1.27491080737	-2.11305234502	1.32000691281
0.678611936418	0.724019760656	-0.123617255792
1.17123786953	-2.85193773076	0.817349332384
-0.972320976806	0.103582295813	-0.209434061359
1.21448146824	-1.11048570874	1.19355346385
-0.491321158192	0.254155635564	0.833071685045
0.378686893341	0.573579885013	1.92672793328
-0.551549257953	0.834106301715	0.00775199917735
0.475423670531	1.11240022465	-2.25230883693
-0.415856374447	0.826564716831	-0.379281221156
-0.836031058201	0.909485817159	1.37308788428
0.623728371318	-0.118382813127	-0.772624377281
-1.31264029403	-1.13178740167	1.86085371099
0.579641347223	0.752488672621	-0.312692670472
-1.73207227285	0.133619678935	-2.32615997635
0.9864900328	-0.0511687251235	-0.155625116084
0.248514463367	2.39404096393	1.3661317384
0.364156906403	0.8656404641	-0.343593268897
-1.21192122272	1.52619664133	-2.6059547913
-0.421916321576	-0.356864293894	-0.833447354865
-2.22240921843	-0.728013707315	1.41359274428
-0.32806212896	-0.603455885133	0.726784861042
2.62563249203	-2.08979955778	-2.43841783914
-0.514880918536	0.49754253705	-0.698103905987
-0.938918494143	-2.40187411132	2.0648336758
-0.390598722529	-0.731031287917	0.559487170581
2.37647433441	-2.23027647575	-2.26589793391
-0.704892976978	0.708245855434	0.0389062882865
2.54190249799	-0.339439982749	1.88311963775
0.240905704665	0.616812355188	-0.749337680854
-0.819755044445	-0.234425053348	-0.668308221405
-0.383839571566	0.0982807572853	-0.918154712479
-2.33286458541	-1.99171109395	-1.61269830211
0.412325358628	0.4814062993	0.773457027654
2.54738936443	-1.57591207466	-1.36944507304
0.603433301065	0.304832384937	-0.736848334639
0.256619714716	2.71452829511	1.18167837457
-0.43670748095	0.774743786769	0.457229308931
0.407903917411	0.897814875328	-0.428696687276
-0.466318371873	0.675748375247	0.570886424261
-1.10276073688	1.2138090998	-1.0252405893
-0.785857905375	0.526000473676	0.325193564285
-2.23076550833	0.334702898274	-1.86443391855
0.249052459413	-0.694837225976	-0.674665918703
2.37218597191	-2.91127599056	0.175705832158
0.677726931085	0.282265542419	0.678978917526
1.62256555079	1.31558363658	2.56331547373
-0.0108263760632	0.19229598166	-0.98127725186
1.44616789405	-1.48086146672	0.7868361598
-0.622128221095	0.653238866741	0.431550066037
-1.55891109483	2.92639815576	0.376031609256
-0.357173873654	-0.708936392845	-0.608141443152
1.70406666289	0.0980266337487	-0.782662868014
-0.60758731229	0.736321841429	0.297771395164
1.9796618679	0.000966828522616	-1.09683657727
-0.480433827267	0.866430989803	-0.135943655707
-1.42444507753	-0.736611552548	-1.67429393349
-0.60424309114	0.375155570561	-0.702957029047
-1.94117576972	-1.33303519796	1.577670394
0.667107284332	0.631200563807	-0.395668699091
-2.59935630454	-0.210010553728	-0.466009191938
0.95682595609	0.290428846431	-0.0116264746786
0.0450187979894	-1.00019607221	-0.844146066959
-0.826282260573	0.469561193115	0.311078626369
1.8050842796	0.756286143491	-0.737441389139
-0.034751761589	0.800081581827	-0.598883776277
1.63290854703	1.67261174793	1.96011840799
-0.108044347068	0.683154270236	-0.722237261656
0.760997690021	-1.41730645641	-2.51976653078
0.557542289939	0.421702612241	-0.715061886664
2.85476805018	-0.329820006071	1.66594244948
-0.928915268484	-0.00847054207189	0.370195453639
-1.52048523609	-2.76281636988	1.09189654996
0.289284158673	0.952169919427	-0.0984231684062
-0.572704866937	2.77319518127	2.84122668612
0.810380875359	-0.305118201731	0.500185685346
2.34777369519	2.10567619105	2.49220448327
0.441048763865	-0.311089538349	-0.841842792345
-1.17511755389	0.226073241299	-2.04121944525
0.171316792085	0.710558369346	-0.682464182578
0.923316436815	-2.72384992341	-0.0610193170056
-0.231574830446	0.667164869677	-0.708000095037
-1.15313546925	-1.64551905585	0.557789596996
0.958232504174	0.256893596276	0.12568272808
-0.861343534166	-0.800861304204	0.0563890851678
-0.0499398107433	-0.107380632869	-0.992962947439
-2.39817153406	-2.18519112868	1.00051421819
0.27329401324	0.741987951847	0.612179925872
-1.82344459136	-0.434151153297	2.82237143415
-0.789758043007	-0.609850378421	0.0660662504312
2.63170332102	-0.163337497701	-2.35735129889
-0.113488484234	0.898565802595	0.42391020553
1.81645453834	2.81685740459	-2.80976820744
0.506831777686	-0.313652533919	0.802959299774
-2.34999525987	1.9265924737	-1.18769224267
0.541076419628	0.790966956156	0.285670408674
0.280658706449	-0.937738839715	-2.92660241691
0.647937393461	-0.673463213294	0.355843272375
-2.33944183188	1.99639767899	-1.9110377867
0.427968836749	0.89655303368	0.114172380946
1.41533511733	-1.7039350303	-0.612909977406
-0.423166594532	0.44692078656	-0.788157245613
1.97374729065	-0.769722872222	-2.01907977421
-0.801783752339	0.195900134823	0.564593616384
1.19282975746	-1.98235285248	-0.489142980624
0.660029772878	-0.57363799025	-0.485077473252
-1.24766848351	2.1761797768	0.827463658779
-0.26630449138	0.461806119883	0.846059705641
1.04406044347	1.43626350088	2.42966421832
-0.22179926142	0.883154164886	-0.41333256426
-2.72992747803	-0.88650441583	-1.82053834041
-0.48345411553	-0.875258513379	0.0139518075334
1.31521871539	1.41473892732	-0.34656132221
0.847345860255	0.216813062312	0.484764983388
-2.46042014978	1.48261295045	-0.999343307364
-0.677549611705	-0.24790710753	-0.692436704482
-0.70476513513	1.61061685659	0.675390675453
0.62275065814	0.768930023936	0.144665946499
-1.6222194117	-1.84758873253	2.07565246675
-0.828562237553	0.197029577684	0.524083928412
0.966064976897	0.218991990677	-0.605380176258
-0.762488966574	-0.484414423769	-0.428897705634
1.39528062539	-0.598187611206	2.68638029373
-0.182083387424	0.747653679894	0.638638876804
-2.92322667442	1.96044203912	0.0349088869077
0.499749944327	-0.390321224157	0.773239506956
2.73645184524	2.46680353314	-1.71784912716
-0.707340409406	-0.225676329199	-0.669880392055
2.80411195902	-0.231101908397	-0.579984829834
0.889082849027	-0.454574193952	0.0537958154383
1.56997226075	-0.637155233073	1.88573500485
-0.52258120879	0.674003676109	-0.522137840815
-0.848207218098	-0.548716143026	1.00197266863
-0.226685551933	0.68938452176	-0.688013547616
-2.6273258184	1.83920645658	2.07575103254
0.356022300267	0.622824355014	-0.696662001629
2.6727504562	-0.124273358549	0.0570327465732
0.146362531916	-0.30085235196	0.942372469659
-1.56612932581	2.26152150992	2.45197418144
0.607769245799	0.755702752672	0.243987486289
2.82604759181	2.1865437976	-0.755442084619
0.179330762554	0.672843620074	-0.717719959683
-1.23374382561	0.649981321303	-1.21084202546
0.739271462452	-0.538633254267	0.404168185539
2.18210869795	-2.66040538749	2.22564482923
0.564572690843	0.571559310505	-0.595464214986
-0.60419724577	-2.27955051717	-0.945855421961
-0.44152412524	-0.803344710641	-0.399616970005
0.922450798884	2.17616301703	-2.1184517758
-0.741183463696	0.305526539815	0.597746272772
-2.25198712533	0.940214556059	0.888355656734
0.723539484196	0.248561248252	-0.643978198914
0.766812328936	0.437034058935	1.84089914977
0.3988764189	0.58665535104	-0.704792949412
-1.34533337782	0.0577447206331	1.51663450915
-0.478351996636	0.200559246296	-0.854959271568
2.76683651819	0.681117958569	-2.55848913118
0.221951892049	-0.696089372914	-0.682786161643
0.135670440271	-1.35806145137	-2.79660412125
-0.731850309609	-0.18600033784	-0.655590572422
-2.83335750227	-1.15631221285	-1.60655072942
0.730073484758	-0.404574879351	0.55073757258
-2.19461914335	2.05942916356	-1.78572958747
-0.830837467035	0.104270993039	-0.546659549794
-2.66988959869	1.76514880001	-1.07874671787
-0.141374735673	0.530959981354	0.835520605559
-2.17208533838	-1.29055906444	2.36792276402
-0.0679843970484	0.899898506281	0.430767686985
1.35631066985	-0.329167443152	-1.33474786525
0.231632162947	-0.960945065846	-0.15143025297
-2.50335443679	-0.691590869941	0.694655607231
0.681317498433	0.711001737449	-0.174020101349
0.933781227856	-1.05887179223	-0.803243878473
-0.412838961805	0.855658476643	-0.312109857205
-0.325164817075	-0.0652469920006	-0.732831370668
0.675192464712	-0.38398577124	0.629817483944
-1.04271682635	-2.81565545273	-0.435481327869
0.616327129899	-0.635418238481	-0.46517150725
-1.68548770144	-1.53047180165	-1.44864880621
-0.582090972822	-0.813048955986	-0.0110224556471
-0.662645000845	0.569088186865	1.55917630284
-0.226878942226	-0.792054337334	0.566723805998
1.7961801073	-0.434520428458	0.200359871035
0.661493509574	-0.172711390424	-0.729792513259
-2.17470412945	0.945272133348	1.72810084807
0.418690589715	0.654069464122	-0.629993115984
0.637527994227	2.62117546265	-1.99782953016
0.621911756298	-0.774639538628	0.114714221321
1.68489393139	1.56816140739	0.107122490237
0.779715011085	0.275402596212	-0.562314779718
1.81652084382	-1.04494787949	0.360479972626
0.79249674419	-0.59747940647	0.122340791611
2.41735623933	-1.50619285864	1.37998099262
0.00868926974481	0.719368160096	0.694574651734
-2.68172035356	-2.74335884019	2.54221028294
-0.748423581206	0.037592993366	0.662154747732
2.84617883004	-0.0991129469703	-1.76293331111
0.204141768997	0.720030957331	-0.663235673525
-1.93280156196	0.116040690032	-2.79783124994
-0.992377530189	0.0626513489849	-0.106120902971
-0.51448381729	-0.660406759875	0.222237155264
0.118391014102	-0.762099722514	0.636543463343
1.492666274	2.41362762849	-2.77639013056
-0.62963501651	-0.50127258357	0.593536471453
2.83930884882	-0.287221927778	-2.02469421377
-0.718097465418	-0.608909870292	0.33699376852
1.81007048342	0.45405270224	0.449060504732
0.700697259429	0.653759290289	-0.285695888995
2.89761302341	-2.06014340095	-2.06469974463
0.436932172452	0.630340895603	0.641685773574
-2.75002668157	-0.763755741603	-1.09082771221
0.747045163621	0.193208950812	-0.636076901668
-2.86909236484	-1.36632332142	-1.56340391632
0.384824582844	0.201779215902	0.900663748837
1.77303366868	0.708302130371	1.03001957892
-0.393282113613	-0.324163565425	0.860376174684
-1.20062567381	0.190279369045	-1.12918418691
0.765439555191	-0.48088812335	0.427608349041
-1.96437704599	-2.18036105783	-2.26155921942
-0.260788725418	-0.779760036478	-0.569177938967
0.479032761176	0.218263745399	-0.813742899425
-0.779063116291	0.626537092273	-0.0226259329367
-2.25518966917	-2.70675191875	2.50706898136
-0.868512246561	-0.47324257224	-0.147404020953
2.62737520298	-1.08340511992	-2.4314672861
-0.348872810801	0.798874441178	-0.489987131583
-2.66249960539	-0.0979752921078	2.57357149522
-0.522077702178	-0.852574509152	0.0234857240106
0.0845930805371	0.124823664715	2.48480369655
-0.556048715942	-0.164493114847	-0.814709666487
2.42433868872	-0.967398910677	1.18514818109
0.95124740442	0.288493890048	-0.109085521443
-0.638573799194	1.05323174378	-0.671688543667
0.0539479889794	0.933809302188	-0.353680366477
1.1129024664	-1.70806938993	-2.24301709442
0.219664866268	0.682580104861	-0.697016317582
-2.21338905783	1.67903737661	0.63314514834
0.80089466505	0.41565325744	0.431045363129
2.57994136405	-1.66833458913	2.85155017202
-0.0887420526411	0.955900811837	0.279961579546
2.83954530544	0.290773870846	-1.72175262781
0.684794679116	-0.238042798541	0.688761114986
0.770348238652	-0.590735292007	-0.283801379153
-0.22735205192	-0.408129976527	0.884161165596
-0.226709419294	2.84481641571	-2.21581613343
-0.0659824780009	0.700621665612	0.710475611314
0.107598655816	0.5854275724	-0.986954861324
-0.0818573610459	0.573909215562	0.814817516218
2.62992308478	-2.22003189111	-1.65832309173
-0.61582275585	0.292961539699	0.731393101987
-0.661668472869	-2.40949298362	-1.8991263406
0.520071723442	0.0621858949302	-0.851855807604
-1.29367052879	-0.287123834118	1.73279406076
0.61448219426	0.36357149097	-0.70016241251
-1.8014225138	-1.17568018695	-0.893322724433
0.208937781408	0.086177644001	0.974124436186
2.37829522508	-1.90942207389	1.48543014247
-0.64500696115	0.596610285907	-0.477516687476
-2.30138553619	-0.985888050089	1.81339586643
-0.450813399085	-0.714456418802	-0.535088128104
-1.92164228372	-2.29902256312	2.75813518229
-0.978572496835	0.199957176475	0.0491222557914
-2.3646300807	-2.37712050876	-0.307772741375
-0.648545400062	-0.00861296533176	0.761127243558
-1.8536646416	2.09111873081	0.133526868859
-0.709560851656	-0.356286406592	-0.607933708783
-0.644990167101	-1.53445153095	1.68983516822
-0.338315183176	0.81170814643	-0.476101587744
-1.64419640471	0.152913789319	1.32696614942
-0.731437457285	0.471142213804	-0.492974908543
-1.25932199755	-1.45160240321	1.30289692103
-0.697531762745	0.190700075993	-0.690711894337
0.525848350089	1.4590240338	1.70195303438
0.687057947349	-0.522328666113	-0.505098150404
1.2921232027	-1.34981203752	0.760683733085
-0.6821427522	-0.0273526400106	-0.730707259239
0.647342403361	1.01576400661	-2.53337547309
-0.560752116933	-0.17316760277	-0.809672801017
0.192466616047	-1.75074653258	0.0265936302603
-0.836465732455	-0.496855774774	0.231212926763
0.0635741950956	-0.990123722219	0.685709771309
0.115233149581	-0.921901015192	-0.369891659038
1.69907614039	-2.13247481286	-0.350833737649
0.565608152773	0.256151298487	0.783883875201
0.614044735777	0.662789623941	1.45074141302
-0.698072850202	0.126070353039	-0.704840806066
-0.392826220981	-2.18451161979	-2.35798852415
0.591789040424	-0.612317541031	-0.524264208754
-2.58419056283	-1.98610069703	1.70983069644
-0.796623434018	-0.244216355409	0.552946178325
