700
2.52944185305	1.49917174989	0.924733953427
-0.90856410974	-0.203114456731	0.365042156414
1.40869556459	1.35386554334	1.65314589477
-0.689960189601	0.536715502807	0.4856865304
-2.19882790621	-3.01160252214	0.275386293584
-0.632818630486	0.659100961268	0.406357605768
1.05716855403	1.63188264297	-0.908408985582
0.102138756221	-0.704356150505	0.702460025712
2.73615189613	-2.42578273175	0.461637691288
-0.542171902644	0.403861795735	0.736848205487
-0.0505914020923	2.20093947174	-0.453502448676
0.433345600364	0.751322165005	-0.497721403013
-2.24192227295	1.43731862431	-0.453721264932
-0.716968741103	-0.0862471774995	0.691749411749
-1.40698945982	2.57019307444	-1.76153101898
-0.555389541189	0.822712811284	0.121186169537
-1.9552576467	-2.6338765314	2.59213057494
-0.496993742619	0.618074429687	0.609082276187
2.92191651494	-0.0092425781779	-1.33273221068
0.284485677241	-0.938464378054	0.195837970191
-0.974959146938	-0.621626879462	-2.12987353204
-0.643176748327	0.0355791852239	-0.764890705912
-1.61725518494	-1.32942532419	1.45817099058
-0.866641953632	-0.163217888838	0.471478148983
0.590041046854	-0.750482675491	-2.93703958235
0.674112023387	-0.220079548616	0.70508011758
-0.0314143180311	0.309435324413	0.00890096230839
0.5774068369	0.815816217367	-0.0323302363472
1.32849614576	-1.42085428672	-0.388179580992
0.484551138541	0.565957804366	0.667009713434
2.20764950088	2.31742636871	1.03393504601
0.989549938668	0.103383923532	0.100512104931
2.62530841971	0.421685831149	1.19534174159
0.412171167059	0.247310533929	-0.876899326521
-1.38371978071	-1.14465927496	-2.39574293808
0.762578671292	0.628395721221	-0.153598787895
-2.09102845227	0.996001225775	-0.625468245083
-0.592007574802	-0.743597605064	-0.310788727467
2.61223411303	-2.23699870394	0.295752800036
-0.506300621193	0.291658708977	0.811538587165
1.07347725477	-0.352205561712	-1.05736479107
-0.946729210866	-0.270296399633	0.175053299425
0.0627669344477	-0.0294850453034	-0.578231110079
0.387213472842	-0.404957963514	-0.828296308235
1.75568063135	-1.24640196653	-0.204968447012
-0.632616360995	-0.688427757657	-0.354772831949
-2.28907755764	0.826417854401	1.85842038471
-0.842615805779	0.532442513091	-0.0806447400949
-1.14504170655	-2.77777184748	-2.4540716897
-0.112898490198	0.993517623479	-0.0132914539101
1.69143757033	2.71589118927	-0.374454258819
-0.56229143698	-0.770944494036	-0.299120255105
2.68441960048	2.05878392675	-0.529975159699
0.676560235346	0.639475717831	-0.365153466715
0.236200071813	2.5792109589	2.25209341802
0.840966736832	-0.531838917152	0.0996108113845
1.77944781138	2.62235062883	0.104358610814
0.659398519582	0.340057898635	-0.670488044598
2.9508998002	-1.7355415235	1.28253227632
0.485387062839	0.193331165367	0.852656120442
0.176316378213	0.0206543801658	2.04671485036
-0.265830432187	0.359321542009	-0.894551401973
-1.57550644306	0.142148002966	-0.098883465318
-0.566236661203	-0.818707081111	-0.0953664450829
-2.18342017151	-2.46706681096	-2.17384432468
-0.827547919782	-0.377577674951	-0.415451007753
0.0976119031902	1.0729264907	-2.20671820862
-0.935271472421	-0.30496923805	-0.1796135761
-1.91988285113	-0.606519713949	1.72681094818
0.221644467422	0.88323691947	-0.41323876167
0.131232632652	0.254141369885	-0.161476931478
-0.434118229709	0.859124885345	-0.271008844902
-2.92791595178	-2.64437294074	-1.74317169333
0.690011484653	-0.719596903236	-0.0778745651663
-2.04532877041	-0.852542861517	2.37279768784
0.75600485458	-0.497449739567	-0.425441437163
1.55983992356	0.973415989064	2.14853826183
-0.418730761811	0.719683319328	-0.553823499857
-0.488882107041	1.39279434756	-1.61125920542
0.849739387855	0.114982082158	-0.5145115096
-2.34534124	-0.428876572498	-0.0694636503006
-0.439413562882	-0.779108271989	0.447108511743
1.58866749212	-1.3384382123	1.8391163595
0.948540227634	-0.206867343635	-0.239744319426
0.716206806511	-2.58484345562	0.61758930113
-0.709719968996	0.700878355115	-0.0711835440148
2.97338844944	2.80588080049	2.55775027146
0.364118154731	0.809657208841	0.46029683202
-1.27294821435	-0.327979996617	2.71575170016
-0.864592577895	0.349385452181	-0.361122527756
1.17061259506	1.84040498517	-0.482259654784
-0.763477335428	-0.526807248496	-0.373599359233
0.547124788913	0.611049913598	2.06536631517
-0.934614154905	-0.302539644517	0.186992366014
-1.91752181769	-0.55916429645	-1.53460569214
-0.518991871744	0.853213677882	-0.0517093505991
1.46444477834	1.79862421158	0.812955815677
-0.735161427621	-0.57823782354	-0.353806012901
-0.839667676712	-0.642074435417	2.08770720917
-0.865722848853	-0.423851880783	-0.266220833388
2.52638819086	1.60656300526	-0.975049410933
0.664754320353	-0.237615024736	0.708266047182
-2.03714708993	2.08959117356	1.88333700724
-0.891979688379	0.246098054501	-0.379220230328
2.07776257346	2.34551022104	-2.29117787256
-0.00794055356634	-0.519035743724	-0.854715651165
2.11834962625	2.91727125273	-2.76824847677
-0.393718430865	0.720749868582	0.570530826631
1.83667196973	2.04967134064	-1.19367247255
-0.632546818085	-0.761785053289	-0.139885866036
1.05433830542	1.51854392827	-2.39894290476
0.368509787942	0.225840314556	-0.901774189314
-1.30316717681	1.01738935424	-1.15903830871
0.31371359838	-0.707097343135	-0.633716912763
0.290697058248	2.24013418167	0.12726695049
-0.283770211775	-0.284805622218	-0.915620131093
0.8594171221	-2.78639203651	1.56765394259
-0.381691668413	-0.89318426797	-0.237767394138
-1.3845900645	-0.109566381001	-1.12116345223
-0.454484859498	-0.342991273136	-0.822070860109
0.927555424581	1.23281792915	-2.15832195052
-0.552540343145	-0.400035986696	0.731211582611
-0.0395106917177	-2.29160546533	-0.257504964913
-0.0423100091266	0.767277668942	0.639917839937
-1.01895173242	1.66099816168	2.50436553418
0.277581679193	-0.908391823567	0.312686274488
2.32321351039	1.27792091801	-2.97487946847
-0.666194078413	0.598926600437	-0.444378641675
-1.56756508365	-0.0725924945555	-2.31786080823
-0.71144644579	-0.702587961492	0.0146325370166
2.0819410109	0.534374051339	-0.854916443698
0.779776527655	-0.380662000507	0.497036224322
1.56496088894	1.40947986581	-2.610371508
-0.480050383111	0.579534986197	-0.658552070415
2.02708524881	2.68801868983	0.495580133535
0.556638206324	-0.141486412093	0.8186180443
-2.80339003368	-0.98195976106	-2.07603898987
0.608075172831	0.625582469658	0.48876493107
2.07584133053	1.58425640279	0.53815118222
0.955488096697	-0.294834181336	-0.0107379041881
-1.76819364112	2.83684678128	2.53054260673
0.578809948036	0.815460080712	0.00197504941799
-2.61653603188	-2.1724476358	2.61026414656
-0.658640967208	0.552364438929	0.51096536372
1.79477248676	-0.382157573344	-2.90265988199
0.302642908769	-0.382304228795	0.873069725977
1.90837612074	-1.3784177306	-0.693044140956
0.0855496213853	0.76636010326	-0.636689448956
2.09250335055	0.565340090709	-1.81567283442
0.403437117503	0.156018679173	-0.9016078216
-2.4968134832	-3.00566168456	2.57701754618
0.0335299057345	0.690492222655	0.722562271278
-2.38133549875	-0.409984402607	1.31815134614
0.346852667132	0.926203026668	-0.147787620234
0.429639558658	-2.36320508586	2.21210432175
-0.143258621047	0.924069548115	-0.354362015094
-2.12799222744	1.064633307	-2.47811423505
-0.735410855163	-0.677184150559	-0.0243413298698
-0.538973699219	0.945551663161	1.31567669208
0.795411433294	-0.606067140066	-0.00180928632937
-2.60700858127	-0.393206213433	2.22006143323
0.975574074795	-0.19541390873	0.100342557584
-2.16157033037	-2.62032830069	0.983855270449
0.735806372191	0.392225644654	0.552039877471
0.80639094023	0.0682468575317	-2.71499024393
-0.844172003825	0.292571262881	-0.449194483597
2.29820597395	-0.942892546938	1.63928277817
-0.0722165362945	-0.916201003062	0.394157955487
-2.73336028689	-0.187750248701	-2.40019827805
0.537490528606	-0.660995900527	0.523629975408
2.1872478988	-1.17413704963	2.61356792767
-0.602142937221	0.419251958331	0.679449540872
-1.80744961209	-1.10362499771	-0.592498902603
0.604452459277	-0.520434232238	-0.603146279429
1.88266691798	1.90366244731	1.08527651536
-0.109663229219	0.579825547461	0.807326644345
2.91470797847	-1.92608738132	2.65231313994
0.0977629553848	0.684909732417	0.722039516229
-1.04719838745	0.341430031293	2.71453420195
0.567874698631	-0.56978751999	-0.594020629876
-0.708296680513	2.97674412666	0.127085180844
0.954617030758	-0.245111175737	0.169194669287
-0.564868810739	-2.5185677823	0.629277709737
0.300157121236	-0.706702233692	0.640685301428
2.68478439127	2.88164525517	-2.82906307146
0.647906173639	0.412985014056	-0.640047629732
0.0173285914931	-1.62834566083	-0.0602638599973
0.368788383318	0.675904316419	0.638081878269
1.34740819387	-2.61383065918	-0.204285769587
-0.253041787354	-0.953687161551	0.162636563374
1.5284343277	-1.02257197122	1.00945086462
0.685815475164	0.725335034604	-0.0595501603796
-2.17139367116	1.53278171152	-0.950659106267
0.559611632463	0.783551187814	-0.269967325592
2.29035185521	1.97353426771	0.133946178867
-0.126729352844	-0.921873160615	-0.366182395625
-2.68905923313	-1.71523700582	-1.98921646353
-0.288398247757	-0.851960636072	-0.437023483665
1.10923425134	0.601803279104	2.97928579394
0.567984776174	-0.560783166618	-0.602424712369
-0.247014558053	1.33398472881	2.90811190988
0.270401777058	-0.600525442628	-0.752497223729
0.312697286299	-0.517042037937	-1.64429357487
-0.716181717642	-0.372805246561	0.589999996145
-1.21048654357	-1.66457532277	-2.96289558054
-0.664437982863	-0.557738002363	-0.497443954279
2.78522954583	1.10522132779	-2.99835738749
-0.703291874245	0.112211973476	0.701989325153
1.85825993048	0.0687801694628	2.65968280816
-0.591308177104	0.770879818789	0.23685215784
-0.731253164976	2.52357472026	-0.893531761986
-0.0529157645624	-0.400179982587	-0.914907592819
0.0570533388695	-1.91942018351	-2.37282155161
-0.548733992099	-0.432470784562	0.715443936598
-1.12813837411	2.66468501792	0.843280307307
-0.633913256104	-0.760619466849	-0.140042887666
2.01975790093	-2.68153693148	-1.79446595592
-0.692528511414	0.700397658195	0.172763946685
0.0503964166482	-0.0273817973397	-2.17401758681
0.046114444311	0.629211152116	-0.775865184217
-2.7977752573	1.18337317514	-1.9387476135
0.892966943618	-0.261806287388	-0.366152298216
0.375979983774	0.0770868476565	-1.06212103935
-0.369794780241	0.886399830536	-0.278472908794
1.58701891313	-0.643885969515	1.78742884286
0.256842935009	0.660190119395	-0.705819178677
-0.392047266599	-1.12540640019	-1.39291162365
-0.648464544314	0.537307361214	0.539253682745
-2.61615437917	1.9735029016	-0.615408537754
-0.779181622468	0.594861080367	0.197525426902
-1.67154515098	2.30663273943	0.515155941234
0.737535482483	0.673535144414	-0.0489062502879
1.00074593138	0.658993269026	1.98139860645
-0.649203770186	-0.0267742434047	-0.760143147484
2.38854296883	-2.51342995406	-1.50411855352
0.327181951312	0.942355739641	0.0701258205006
0.979266654931	-0.31710835374	2.51896472674
0.955367544068	-0.000769640409622	-0.295418793233
2.19435041256	0.0759931016363	2.74462954805
0.19661805843	-0.814115613525	0.546403794747
0.542152107557	-2.5373724914	0.257888161351
-0.738570645202	-0.138769652671	-0.659739634662
0.914460337178	2.79464550254	0.396943013205
0.685008560378	0.0248681680984	-0.728110463064
0.058209290015	2.86646672393	0.0889332315446
-0.640220132664	-0.696770729447	0.323463649143
-0.425511840058	1.35317906898	2.10773552832
-0.938389058969	-0.181964403682	-0.293794026148
0.797799837619	0.809711955162	-1.68104007944
0.0208600210924	0.990779588743	0.133868091982
-0.976945769254	2.86002092232	0.310650867254
-0.740835227375	-0.662726405623	-0.109347506465
2.67915475886	2.60639007397	-0.602768325903
-0.971874910445	0.0152990003225	0.235000210718
-1.63234254687	-1.88339379	1.89842051182
-0.643848802644	-0.760469305791	-0.0845290144463
-1.88555128488	-0.198383666933	-1.45856492714
0.855585717065	-0.494787589988	-0.15217858439
-0.654519302369	-0.354154297686	-1.68828939718
-0.607085494155	-0.629981686314	-0.484324558221
1.71789686927	1.93676330573	-0.988634975149
0.701288675683	0.310149960899	-0.641873192393
2.58582267294	0.103140206514	-0.846522992936
-0.581009607066	0.600189311771	0.549727774934
-2.18727153265	-1.45750875004	2.00052034379
-0.713900430032	-0.592917961034	-0.372551295103
-0.804123921492	2.36267099288	0.661386714929
-0.465225971642	0.375321865264	-0.80168465918
2.97668794015	-2.58809677604	2.26346135544
0.171087530075	-0.22491033356	-0.959241574845
1.51833907901	0.357207274404	2.03312791808
-0.843452173447	0.141348411211	-0.518275079234
-0.701630938289	1.64022266045	1.41522751298
0.814877662591	-0.555174203599	0.166601316527
-1.16018410473	1.82749649851	2.2531602626
-0.464314099405	0.184994435939	-0.86613479076
1.10414416346	1.83612746846	1.11783004124
0.58339341863	-0.0572989908564	0.810165998266
-2.93674537115	1.37298212943	1.39647608994
-0.686936055804	-0.550412834399	0.474515086129
1.82477858202	-1.66129309201	1.16203256128
0.586849009664	-0.801798361239	0.112816788517
1.57659528049	0.0481806814422	-1.89913864317
0.317566502602	-0.446793209288	0.836377513184
1.52209649462	0.800570557352	0.879245855837
-0.38036499503	-0.0119296707924	0.924759511176
-2.32022278935	-0.478385998763	1.98960914339
-0.782534252233	-0.384501270784	0.489692675918
-1.01968048886	1.20267339153	1.39181984677
0.382746871226	-0.80875036691	0.446573260047
-1.65193235766	1.63016591444	1.22422844097
-0.512752038509	0.545762045523	0.662743643253
-1.53810588637	-2.18550676884	-1.1049623717
-0.747972814762	-0.663726154619	0.00206398932184
1.40678506435	-1.89721848885	2.93395055485
0.89082342992	-0.379272921534	0.250171276722
0.00928917399367	-1.93772189806	1.84327037503
0.583882534326	-0.787926065943	0.195585532994
-0.103761551266	-0.725538668864	1.08525953591
0.756049559486	0.548648658356	0.356894540845
2.28149116528	-0.620406874352	2.20842306555
-0.0705389502344	-0.418382124919	0.905527831736
-0.554828382991	-1.93187074791	-0.182071827858
-0.621558475436	0.225456006172	-0.750223067424
0.10437347549	2.11231708641	2.38543788211
0.0820468077443	-0.41436916691	0.906403064234
-2.83863582535	-2.24698205177	-0.37131534642
-0.562126522784	-0.695620670858	0.447354059618
-2.75821075543	-2.82093325579	-0.775766566758
0.310351787605	0.313950140992	-0.89728316428
1.19478612384	0.0328642240048	0.443102079782
-0.240120197124	0.629799211456	0.738711881712
-1.23002731386	0.44717837233	-2.99031790476
-0.542583588924	-0.612817684709	-0.574506339686
-0.711416944739	0.675935981337	1.35380697516
0.54059693882	0.817183742199	-0.199914184651
-2.85160976431	-1.35080179232	2.24849446386
-0.173160369332	-0.922674982589	-0.344508872161
2.11936726228	-2.94151157945	-1.37856411534
0.9306464463	0.247070044329	-0.269914032953
2.39394714857	-0.764362572116	1.58235641689
0.611349474653	-0.307644327467	0.729113700062
2.96589771107	-0.529478947204	-0.660915547572
-0.755804852607	-0.507258958	0.414062041612
1.40237896384	-2.19665030338	2.4009981506
-0.270394377084	0.67153448352	-0.689875581743
-2.2460838694	2.35103001494	1.90175711464
-0.304504606329	0.947404904375	-0.0984931057991
-2.29692529836	0.82477433433	1.65667396649
-0.44306047761	0.639051931285	-0.628736862528
-2.75542750173	0.32919966963	2.96967360877
-0.0932167825773	-0.978411627898	0.184448686197
-0.41010778632	2.52429720857	-1.45345126473
-0.371283918428	0.55901554437	0.741383755602
1.79093210572	1.39936920684	1.64719492981
0.172293891368	-0.772539360124	0.611144624501
-1.24675228035	-2.60023311239	-2.56279268261
-0.687068389278	-0.156189403889	-0.709606861979
-0.666866876404	-1.56532290002	3.00466057446
0.364120546548	-0.26238847535	0.893626608593
-1.23429337487	-1.83698883165	2.46261455211
0.510452409683	-0.264533415911	0.818205603327
-1.47707777082	-2.09454230258	2.77448578289
-0.246184608344	-0.570409793458	-0.783597987581
-2.68274990145	0.0195204881679	-0.880751353628
0.243694043473	0.7086761185	-0.662111298985
2.7864155734	-2.24635691888	-1.68293317642
0.510732330911	0.658148982769	-0.55316580032
2.81523829344	1.99214576571	-0.376115702422
0.134554309968	0.823423691516	-0.55124274319
-1.08598992194	-1.74103900948	-1.784805041
-0.334715270054	-0.343277933155	-0.877568201681
-1.11028135293	-0.596700338993	2.1044731279
0.112727776673	-0.680782905273	-0.723758995975
-2.18732600753	-0.905975629989	-0.042991406134
0.335415097441	-0.851345643	-0.403369940071
1.06071480262	-2.15714960166	0.623181837365
0.353116913873	0.419331917078	0.836342745802
-1.69565751167	2.3278809797	1.81427830403
-0.414133376049	-0.619253543617	-0.667097141022
-0.44574403789	1.56914790471	2.3126467383
0.629714927818	-0.0864665432029	-0.771999123438
2.18104993939	0.763210603305	-0.712702791685
0.594994791987	0.797239661646	-0.101931935164
-2.95346588534	-2.08791134717	-2.62618621779
-0.732154335028	0.415601480868	-0.539653072631
0.957210775285	-2.17034693528	1.81277739534
-0.687735782256	0.713996588768	0.131256866612
-1.85762292565	-2.51759627096	0.529630584654
0.315822670787	0.65968622759	-0.681960498669
-2.48301938498	-1.77068460215	0.0210030955126
0.711937020934	-0.515580002983	-0.476783953954
-2.05542109529	1.34731769865	2.12784119084
-0.0667342718596	-0.905830051304	0.418352070767
1.02029181001	0.139828973899	1.83427762121
0.565457019206	-0.740696019374	0.362805411087
-1.11484289291	-0.574052839533	2.39551156136
0.741599388839	-0.0910166457151	-0.664639990278
-0.0904772113174	-0.858599679512	0.725812963392
0.92901416041	-0.165718193722	0.330862766155
1.08396263835	-0.605990987063	-0.541152589408
0.44571753352	-0.545498824837	-0.709765392517
-0.859915808839	-2.11209020053	-1.81824280831
0.013354054563	0.718282699852	-0.695623197083
2.30261703951	2.76434303435	2.88681829338
-0.200154028157	-0.265676359938	-0.943055903318
2.67216095462	1.12012606336	-0.635817420598
0.738359054161	0.674407581252	0.000566998520531
-2.87968664794	-0.349470303202	2.90232152062
0.168496900148	0.575999274991	-0.799896011898
1.75277463299	-0.755259390212	-0.759116718735
0.403797944047	0.654598876029	-0.639099000066
-0.800228539165	-0.596001040035	2.83956715645
0.257160345761	0.578871112777	-0.773806688625
0.134151523327	-1.30531351248	1.84368090577
0.699356764511	0.342071713346	-0.627604221513
-2.91446512482	2.93533114215	-0.868414391906
0.212549935618	0.67810008614	0.703564352456
0.652257373246	-1.41210663708	0.38908501261
-0.674246473774	-0.536158778394	-0.507863620428
1.87317419698	2.92477769575	-0.67188648862
-0.788786519314	-0.4863616627	-0.375856568392
0.0196703710963	0.325075093029	-1.44783012539
0.331465622306	-0.224187435762	-0.916444507254
2.91898305655	-1.78680034796	2.81117088006
0.577022438367	0.317845671917	0.752342498111
1.39377607521	-1.35950011831	-0.96650866053
-0.94292880662	-0.0417870208675	0.330362090036
-0.416800119755	-0.757763632625	2.92825664297
0.428230983116	0.460541173646	0.77750887614
-1.71044985225	2.82243100235	-2.67464968966
0.8284076318	-0.266896896003	-0.492449837527
-2.2656650746	-2.62916067157	-0.60549164929
0.689485649524	-0.468861607701	-0.552067325535
1.68332538003	1.87510917511	-1.6414941993
-0.818802560413	0.505189793413	0.272663968453
1.04872917233	2.03042434264	-0.483699126606
-0.30218357435	0.0568399125911	-0.951553630506
1.37893527939	0.657395824168	-1.43308152839
0.727912421123	0.67569408197	0.116537610948
-2.75706860114	2.41402001176	1.21866220295
-0.125162371973	-0.688454129258	-0.714398553015
-0.670007528727	1.95538539899	2.95204950935
0.228633295726	-0.671563167455	-0.704790556267
-0.280306755067	2.23423023521	-1.80805767238
0.344556016333	-0.680923668518	0.64623843066
2.14070511721	-1.95576850955	-1.30523234322
0.00236171222903	-0.368442797426	-0.929647420983
2.71719201412	-1.70313236629	2.57209431229
-0.627392666667	-0.413496413688	0.659847829185
-1.24889521872	-1.00868915306	1.14461391273
-0.377762774105	0.685353601491	0.622563834015
-2.30913359161	2.53227788008	-1.9913009221
-0.4677774701	-0.820074706598	0.329638762988
-2.69841886906	-0.376866211599	-1.18147450056
-0.855164533283	-0.506064274845	-0.112216624174
0.282498934339	-0.04938316844	-0.628024250754
0.45828269311	0.0218200868905	0.888538607492
0.671627556452	-1.73566156907	2.03587341759
-0.787973479307	-0.548935395476	0.278868656364
-1.27868433524	0.155924081598	-0.545956060555
-0.0242154373068	0.799013264253	-0.600825612091
-2.45509417113	0.132518890849	-1.37239229855
0.573066149489	-0.438466200882	-0.692345707717
0.303732931659	-0.145417394512	1.8157731438
0.417646129398	-0.886157452763	0.200740328563
-0.884869743267	2.68224445369	0.343994607293
0.262757947078	-0.850313668504	-0.455987857737
1.8214870741	2.28033905108	-2.73536132524
-0.313762306252	-0.915438893959	0.252041358915
0.702328736531	2.39530794701	-0.731775426744
0.545296908429	0.491453657643	-0.679061546582
-2.33068929129	0.486809825045	2.92349726633
0.428100483775	0.842903202261	-0.325951173354
-2.4404415721	-1.26637625531	-1.18454676009
0.729315719566	0.683933399204	0.0182670919199
2.36226040495	-2.91785317317	-2.42458924359
-0.089489239957	-0.506219606075	0.857749022941
-2.39533832637	2.12406964552	-2.54260697626
0.757780502033	-0.520167849692	0.393946847792
-2.3615039677	0.435627394658	1.12524403706
-0.513864630359	0.444901830629	-0.733488583939
-2.8560680238	2.53932065765	-1.98155642874
-0.565284027174	-0.79655106801	-0.21438368565
-0.512298641382	-1.34539418673	-2.82513271303
-0.254247857778	0.54873858664	0.796394368606
-1.53319601537	2.71712903814	-0.889777691193
0.918822019303	0.0658046394154	0.389147589321
-0.959068586464	-1.7767696986	-2.9060755363
-0.825354651259	-0.558946171526	-0.079805244073
-0.00621708670941	-0.418908022335	-0.411900740554
-0.650273911124	0.525059803258	0.549050128417
2.63818812102	2.9161315448	2.47556888938
-0.770511734352	0.402430199964	-0.494329446203
0.381420480495	0.471827169134	-2.14686844397
0.698177747907	-0.457968495115	-0.550284190042
-1.590010397	1.34215814802	-0.973989190974
0.0668690997528	0.741497407177	0.667615247465
-1.07909986417	1.87437928453	2.7988094374
-0.294322596094	-0.209013649358	-0.932570374723
-0.0874622315942	-1.4265678747	-0.83704215166
0.839119040356	0.312387186355	0.445301562891
-1.41272076899	-2.86177461529	-2.96263426936
-0.306919237387	0.297927936564	0.903902387615
-2.30089077437	0.298106070416	-2.22090160345
0.607305747213	0.58335071505	-0.539334471968
-0.998166464337	0.326587189731	-1.4055774817
0.712274139369	-0.653615644435	-0.255836157993
-0.581472147572	1.55822602151	-1.15945643034
0.862020486851	-0.0213995345305	-0.506421504451
-0.431458792874	2.71376281973	-1.9406920033
-0.640708972318	0.668583198221	-0.377476515625
1.19344739933	-1.93722391306	-1.5482081362
0.422455717855	-0.718618742216	-0.552375116915
0.880959862914	-2.90816737226	2.0921292033
0.389209317035	0.921147902606	-0.00162759268108
1.61544626016	-0.154673345028	1.44457748455
-0.582265199611	-0.23044499407	0.779655271277
2.41103234626	-0.679247563202	2.43353975065
0.550703322764	0.0569479093766	0.832756138323
-2.80004855154	-2.45944137049	-2.28645786993
-0.148041830875	0.677377501601	0.72058541245
2.56830436981	-1.26107926156	-1.87454538554
0.403910733242	-0.90933540478	-0.099826054642
-2.10629869854	1.33069932207	-2.16771537897
0.855131422289	0.155058627977	-0.494678756876
-1.42239930696	-2.03665986287	2.27175153012
-0.0961581802441	0.909906957379	0.403513238054
-0.801149588428	0.628540396446	-1.95821841834
0.3713458727	-0.459309119665	-0.806930836827
-0.845925379141	2.06423447082	0.459528340849
0.0208540378631	0.587335863792	-0.809074590015
-0.146272181946	-0.457643078243	-0.692831064071
0.419275195689	0.296466676851	-0.858088468514
0.416881842765	0.810009688971	-2.74714850153
-0.832909690756	0.39004711813	-0.39258717845
2.63481126693	-1.44466379317	-1.73378919563
-0.638393841227	0.391784244476	0.662539364312
-2.70511852201	0.303875887248	0.651269783959
0.53364688338	0.0203495817834	0.845462535173
-0.69473248149	-1.90326456048	-2.79120094912
0.684522500557	0.728896158094	-0.0118041072389
-2.62078476216	0.267921509315	2.77478262543
-0.28911935101	0.635906375123	0.71556486984
-2.07579129701	2.03550704788	2.81762038424
-0.0999748505517	0.926596943829	-0.362523286071
-0.929046163737	2.03248688666	1.29548929742
0.946906555788	-0.318004581668	0.0473398420292
0.435533317627	1.46008885158	2.36811510214
-0.0192344027707	0.396876617053	-0.917670413921
-1.91367844724	2.88515885541	2.33337224124
0.898129990438	-0.183664231467	-0.399537195208
1.85530872039	2.6317792704	-0.567163228513
0.972329305666	0.210924820987	-0.100431276182
-2.89399891687	2.33919881208	-1.09033273755
-0.357121466838	-0.808117349552	0.468412859854
-1.93176946941	1.35967574995	0.549522677903
0.633969269614	-0.403671118708	0.65964580883
-2.70780624911	0.749416263903	2.74784969012
0.288336497271	-0.3652323624	0.885136930535
-1.87921349957	1.26975242695	-2.798188981
-0.548283542735	-0.00635063187245	-0.836268393664
-1.58192390412	2.48736270154	-2.86111025291
-0.542360284422	-0.641538282607	-0.54247023313
1.56589197562	1.11917518262	0.189422538399
0.920466308464	0.101869388602	-0.377312075938
2.54329953346	2.8833886827	-0.216514190394
-0.361508116946	-0.685464247352	-0.632021081123
-2.85190403398	0.687268778574	2.597017594
0.854653312574	-0.0554690426828	0.516227566689
-0.548243724916	2.24997319935	-0.95681270325
0.00754130626651	0.332391349695	-0.943111403466
1.17691666482	-0.0560543783124	-1.63429159805
-0.0490049827597	-0.105164310185	0.99324668614
-1.45109480752	-2.4968823146	2.01515061808
0.676349495916	-0.266365903367	-0.68673179983
2.69530567278	0.928258819715	2.62250389672
-0.311134191921	-0.653760445885	0.689777351045
2.43435697548	0.555669895545	-2.19701160702
-0.740515444051	0.506345546838	0.441872226236
-1.59090469515	2.85508984757	-1.02300813381
-0.218510281579	-0.966991032786	-0.131078599915
1.14946729525	-2.16700369831	0.260072982464
-0.389385715448	-0.192180747417	-0.900802600422
-0.574756813358	0.742335018241	3.00194450808
0.341890787411	0.909164100379	0.237763176428
-2.36912996236	-0.0134623729222	0.00916309873726
-0.264559793995	-0.460518974633	0.847307730051
0.739762026251	-2.99690034323	2.4442057126
-0.088531188256	0.0315421727068	0.995573864687
2.87018878928	-2.82234764599	2.32826366553
0.664664354795	0.0800690903477	0.742839307142
1.8192652621	0.218889737996	-1.39543388059
-0.440490103509	-0.183469711308	0.878810180724
-0.436735387188	-2.64519314178	-2.46727939534
0.399436030691	0.736899133379	0.545371914029
1.0334080646	-2.05745181143	2.78534481625
0.737357148017	0.583626267554	0.340124706672
-1.89603746949	-0.83673538801	2.55298933673
-0.617136183723	-0.128167381218	-0.776347894395
2.80650062055	-1.01897349707	-0.477841191494
-0.664267408378	0.432803963174	0.609450194543
-1.26057375058	-2.99301012253	1.55239839813
0.0730742912295	-0.940768237945	0.33108196936
-0.451208440814	0.868417000454	-2.68666153199
-0.596747159929	-0.527120547426	0.605009715292
2.70943961084	-1.75281779222	-2.55617110284
-0.815528637849	0.540658068906	-0.20640226107
2.48454356429	0.50491702384	0.86485510189
0.514957075094	-0.600979496076	-0.611263327958
-2.73905213865	-0.2556791492	-1.48419357424
0.481922833542	0.837461278545	0.257699416859
0.136383249664	-2.51751731229	0.0976066517647
-0.660761691055	0.313202616668	0.682127633619
1.11642103487	-0.774907301574	-1.57538066242
-0.566963666587	-0.256311046382	-0.782851740927
-2.4015794568	0.936272942789	0.619201998225
0.490650486275	0.647107965292	0.5835352445
1.02897231663	2.80121363043	-1.82281414942
0.824661677291	-0.532074110781	0.19191211177
2.25698275743	-2.22159626954	-0.231313870298
0.649223002575	-0.759441310414	-0.0419331487438
2.20969922601	2.72970854452	-2.68838909549
0.194939537984	-0.759671959758	0.620400749587
-2.56858241728	0.16289761955	-2.93175775109
-0.431533140983	0.483565703318	-0.761540122914
-1.31937574341	-0.113232424389	-1.63355057261
-0.216611384233	-0.961865890347	0.167013524027
0.853129801735	-1.64629145707	-0.399214285747
-0.516604951399	-0.809496864011	-0.278987726155
-1.90429343091	-0.0360230673052	-0.665765130229
0.441300175492	0.851254120932	0.283937628199
-2.48321727268	-1.37975877023	-2.18048873814
0.695508525596	0.52568303434	0.489821639202
1.98140484997	-1.92708202953	-1.67158465636
-0.581997718412	-0.649222359729	0.489682533271
0.713472062864	-1.68586742677	-0.807740284762
-0.446099353694	0.627764141474	-0.637893054762
-0.613361911991	-0.819548683574	-2.50014131503
0.396899633293	-0.821431823537	-0.409536860823
-0.620275250089	-0.224546712621	-2.6460904024
-0.525368186436	0.667212451724	0.528030125035
-2.83180921029	-2.76105848039	-0.0233839225507
-0.314501683718	-0.908756596814	0.274317587272
-2.99941254503	1.3364479409	-0.391674546262
0.846780812487	-0.531931322437	0.00336508764809
2.91832740653	2.27225421397	0.584539903459
0.638169755424	0.663050081377	-0.391285002073
2.66797226555	1.08040999328	-1.10211514351
-0.656197830554	0.618777721305	-0.431877921169
-0.995043958859	0.609646910959	1.62354594431
-0.6088499629	-0.491558057584	0.62263343847
-1.47378615417	-0.230194379938	0.198772265004
-0.617340137238	0.768977034513	0.166028537748
0.776410156699	0.0926104169537	-1.66962441956
-0.908979385298	0.416812650602	-0.00486738133089
-0.486896513494	0.526421412129	-2.92243096956
-0.462075325732	-0.543950807588	0.700431233079
-0.632942697341	-0.303005586374	-1.43569564832
0.883220059044	-0.216213564643	-0.416141828908
2.82033761756	1.44973972374	0.599615467419
-0.224269261293	0.0729108361973	-0.971795919113
1.09795123153	1.60020173006	-2.5788770087
0.683966934977	-0.291304056636	0.668828212956
-2.85126342194	-0.743744287328	-0.665234027495
-0.845494942114	0.120979314944	0.52009836398
-2.34582979059	-1.50136621875	0.427517063905
-0.474229605817	0.484976897613	-0.734781389087
0.183167285308	-1.0643963787	-2.46372112632
-0.79601996616	-0.128133433573	0.591552226499
-2.97264046146	0.923942968158	1.84517282258
-0.255439197257	0.125209029823	-0.958683219502
-1.96144395602	-1.9243210063	1.49542859094
-0.736960192104	0.143987320517	-0.660422082296
0.18125882638	0.130768953023	-1.02981661709
0.18931954844	0.894915234626	-0.404085178414
-1.00069315673	1.80602367045	1.8831096771
0.0748877411819	0.379169527485	0.922291871181
1.29625863922	-2.79337318077	0.149268370263
0.0814667973312	0.990048985953	-0.114743916379
-0.569372346149	-0.342635289055	0.40283013163
0.606143214707	0.544454362033	-0.579792937977
-2.07932882399	-0.708325059398	-0.0476092898757
0.812755088843	0.421895529124	-0.401787665397
-1.73993402324	-2.06198549588	1.98385945936
0.181217909497	0.152048844723	0.971617835415
2.04591871225	1.64863766976	-0.906263962366
-0.927142179986	0.369842839749	-0.0601967771301
2.28181588898	-2.65326923199	0.859840831492
0.795536700178	-0.601674727916	0.0714764328846
2.49240305009	0.517265194609	0.248310529068
-0.765920415005	-0.125154081086	0.630636483139
2.57993763174	-1.71663251084	2.15607784024
0.632090019006	-0.339912978978	-0.69636296182
-2.90042747872	-2.0998844312	0.898114538151
0.151561535	-0.947057765053	0.283038320307
0.415199040159	-0.524528151909	-3.01187760722
-0.871700317524	-0.414962420062	-0.260662130668
2.66589583386	-1.6969078895	-2.28128303096
-0.0487401854458	-0.0136978577915	-0.99871755918
-0.25752907185	-1.71579479006	2.69673256776
-0.416647699825	0.835332255458	0.358642882574
-2.00744645908	0.780231728869	-1.263975543
0.722795190345	-0.223430123491	0.653946551892
-1.04962191763	2.83388169049	2.15761883658
0.338011823182	0.650799216567	-0.679859093566
2.49914973972	1.23954774887	-2.74763584727
0.237014495228	-0.0525001325901	-0.970086524559
0.967570721977	1.83293797001	-0.886329299732
-0.317547998697	-0.81089020299	-0.491548926577
-0.0314381091794	-1.08263628499	-0.0815446124445
0.357033107057	-0.880449516902	0.31198719309
2.10077555478	0.730675173606	-0.906871295655
-0.502791997461	0.831861885582	0.234959593556
0.36416011885	-0.310363821679	-1.98746046468
0.996763715783	-0.0256387724236	0.0761888984498
1.49185878874	-2.6396402991	0.587302872195
-0.461935645079	-0.595386508156	-0.657366234082
1.2027078443	0.545665523169	0.925695334204
0.493758306541	-0.694652056548	-0.523126423587
-2.48346393214	1.66012703433	-1.6367814568
0.462203688404	-0.690771063496	0.556060327898
-0.017082452509	-0.866821150213	-1.09483692078
0.617285765262	-0.197055519479	-0.761660952293
-2.62279891047	2.88955522003	-1.83496261822
0.499682007281	0.862365263162	-0.0815110083984
-0.856454596339	1.09309455652	1.67182239225
-0.695128972673	-0.00392026887119	0.718874358176
0.010605339768	-2.02230622223	2.93578330268
-0.75513986298	-0.271128859328	0.596869272938
-0.282359440222	0.175700747201	-0.13722316285
0.856154051057	0.224509340037	-0.465398535769
0.357586647628	2.28424798999	-1.09123597129
0.687252732229	0.416637923421	-0.595060100167
-2.36260240175	-1.99569899724	1.98356963079
-0.747839206875	-0.0685509181938	0.660331198926
0.628295105555	-2.39350295831	-0.831343017823
0.716923684488	0.563552272731	0.410401348098
-2.82632269007	1.67874354592	0.44998741855
-0.219205139799	0.786749455255	0.577039341243
2.47354582613	-2.95288841999	1.90852808234
-0.241848861199	-0.10277055576	-0.964856124614
0.472051290674	-2.5645965351	1.56363534944
0.0367786584009	0.824978216779	0.563966552311
0.818834518512	-0.124817218306	2.53778450962
0.323298726955	0.393609516193	-0.860551847311
-0.204193675028	-0.967255660552	-0.214587695942
-0.669117634917	0.662750964563	0.336218306483
-0.652699201725	0.265113571985	2.72972012597
-0.759515981869	-0.198298216863	0.619526666476
1.71760567513	-2.50692655899	2.45456059392
-0.330639832543	-0.557405067261	0.761562139374
1.90670121292	-2.05093933995	2.31303547782
-0.699592652558	-0.712663450355	0.0517776690728
-0.200294241544	-2.21356353021	-1.85162508722
0.552940974059	0.592951009899	0.585376271356
0.0910788132416	-0.204101958617	-2.62090606519
-0.560955249089	-0.588393623586	0.582341954733
2.97055266659	-0.855796426964	-0.810578649168
-0.561225192754	0.132978686419	-0.816910614435
-1.91607226739	-0.916991647367	2.23381167157
-0.54995152936	-0.443871807655	0.707482249758
0.0960689820154	-2.9347589662	-2.98152557698
0.799833525689	0.209977317364	-0.562295169263
-0.894090535118	0.0335496762679	-2.92275130442
-0.16230058666	0.371747582493	0.914036243527
-0.70266454652	1.05993932109	-2.06723904603
-0.205817352953	-0.971263932539	-0.1195223434
0.466153696853	1.43763735072	-2.02917685963
0.498057719993	0.651638063307	0.572106932318
-0.33291794437	-1.07751725856	2.50058872996
0.555652724628	-0.351929333796	0.753256791292
0.213647002435	-1.54336291503	1.36493485084
0.332192816793	-0.845218031106	-0.418633983766
-1.70957439528	-2.85933887841	2.85178764914
0.471554141064	-0.743537339837	0.474119095074
-1.13623213246	-1.22762368707	2.44187938098
-0.369710959843	0.66406940528	-0.649865856268
2.86532319398	2.89780443592	1.37693862956
-0.165164042425	0.599792146811	0.782924146845
-1.95056812669	-0.474430753487	-2.02897931443
0.660500223215	0.546588097579	-0.514762961681
-2.53171111594	0.868866259552	-1.61764741591
0.494025277781	0.463736970892	0.735450234035
-1.61715976763	-0.596387703206	-1.74312417464
-0.53366248029	-0.760082150395	0.370782256563
-2.89544489854	2.74546704524	1.97108580871
0.31684118885	-0.544349894893	0.776720575869
1.29914129029	-1.36991955991	2.70619660663
0.193958970512	-0.627791014894	-0.753829131419
-2.78762602347	-1.77059596881	-1.78426600962
-0.695163087459	0.71685725022	0.0535160222922
0.609602403542	1.08522403736	-1.07822995665
-0.123464737956	-0.24024467139	-0.962828622523
0.199753473752	0.572329746885	-2.83803970731
0.119825705437	-0.435637794234	0.892110706444
0.135860355318	-0.296236629682	-0.549890421146
0.53433128543	-0.60363589476	0.5917041355
-2.4609772442	-0.0739350577344	-1.64447408496
-0.33555583901	0.191533114386	0.922343398632
0.894817820482	0.55030162735	1.52267495739
-0.0619272489103	0.834110677965	0.54810983639
-0.00867567518049	-0.464248993353	-2.39030508504
-0.544730120232	0.492325966027	-0.678884555199
0.240097076393	1.37387906433	-1.01333206628
-0.794258935718	-0.252064840189	0.552825523446
-2.44500736283	-2.40930635923	2.88496812621
-0.330061477975	0.860098342167	0.388960489715
-0.995136507987	-1.12429784004	-1.59905594472
0.886002939498	0.143918018187	-0.440779304463
-0.962872166432	-1.28636058553	-1.71957739924
0.834532542189	-0.212383016466	-0.508378687934
-1.38522946845	1.29987572259	-0.99669282969
0.406491024888	0.539854766414	-0.73710370903
0.717370669331	1.52399733978	-0.725395601172
0.461956763765	0.859381854261	-0.219223121453
2.84624466983	-0.982561079737	0.381839724341
0.671012282206	-0.430698374121	0.603524173217
-2.39412145786	-1.69165407561	0.480771052177
-0.765707596162	0.564480364624	0.30830795503
-2.4167678204	1.22912200087	2.09822232691
0.730038430886	-0.649474820554	0.212664869915
2.96988231377	-1.92271135741	-1.7480508218
-0.642901187732	0.694192626079	-0.323689142095
1.16615589698	1.3725706961	1.49174375764
-0.630733678316	0.737837446558	0.240355839318
2.76155465715	-1.21370496318	-1.93199022617
-0.772642944218	-0.41607803821	0.479480913978
-2.48151526251	-2.88987159047	0.33942109206
0.0273671071832	0.875505530126	-0.482432490782
0.97669436854	1.02396918865	2.91966694385
-0.0362459955234	0.310123436212	0.950005095839
1.6096210879	-1.77729303399	1.18244902421
0.0487626508335	-0.46092794072	-0.886096855512
1.29432949196	-1.31670433522	2.50615801225
0.608162764637	0.748699999755	0.263792270689
-0.597154559895	-0.270558120802	0.601197746284
-0.79824058199	-0.222891807454	0.559581285815
2.78273133705	1.06975867271	1.4617516399
0.801301021833	0.597433617043	-0.0314602230885
-2.23457789783	-2.37055514614	0.315391499667
0.608264775501	-0.745986939325	-0.271141013574
-1.75180862262	-1.36789921271	-2.09000970429
-0.654190465236	-0.539850109304	0.529713785623
1.8564106153	1.30944788876	1.30487382494
0.69253001076	0.720755479499	-0.0302278508678
2.35007926305	2.63256918596	-2.28274776387
-0.805353435982	0.136083191106	0.576963784176
1.0657408639	0.145525057318	-0.707484085269
-0.0411030822946	-0.925989513458	0.375305152632
-0.675521977237	-2.41266818536	-0.0798232694189
0.855386149192	0.488095840949	0.173427177277
1.87214640956	1.25734921927	-2.83486457793
-0.699355077652	-0.652600577416	-0.29157325275
-2.70733092755	-1.2835233362	1.80722630866
-0.943074392257	0.0508422443072	-0.328672719986
1.96124082865	1.47819583544	0.2260805797
-0.334538640477	-0.68980396808	-0.642070388391
-0.405526060628	-2.04107879425	-1.05364364436
0.804645616405	-0.587642442252	-0.0849811276893
2.01772234379	0.937161873357	2.98273308304
-0.338312691002	-0.109971023244	0.934585949581
-0.314743289044	2.92734726163	0.101321094374
-0.377993830838	0.476326019802	0.793872903372
-2.92695918787	-0.000191815809752	0.0189908684417
-0.484068581197	0.519184977102	-0.704361106429
2.62885914668	1.03251125673	2.37972837242
-0.830225872232	-0.271546174213	0.486813800489
-2.76005914975	-2.21218670941	-2.60402711469
0.248500935416	-0.684427934814	-0.685423728174
0.921307778799	0.794119524565	0.355395528444
-0.315781890919	0.766600398122	-0.559111462025
-1.22533039935	-0.266134857689	-2.18194757094
0.494263629931	-0.814162979003	-0.304700029125
2.35046795248	-0.297597229466	-2.02038610576
-0.498667795306	0.68528289681	0.530770931066
2.52978577469	2.08714963548	0.23975554154
0.0396893001912	0.982903847736	-0.179790949593
2.62832486504	-1.49034589777	-0.479112318421
0.721170755782	0.31881411377	-0.615036829682
2.70801475571	-2.01705426308	2.78473565482
0.67739531027	0.735394704178	0.0181720304546
0.383821457395	-2.87407908505	0.170510346382
-0.272660519107	0.398465063304	-0.875717896726
2.31114277934	1.28814136281	1.59295211366
0.555281113938	-0.0832880398345	-0.827481713951
-2.77772258549	-1.64045788037	0.958018756978
0.721863188676	0.526123758636	-0.449563485432
-2.5514787041	0.110826743488	-1.55669849851
-0.43355210514	0.615326935319	0.658335275373
2.15799561553	2.75506059871	0.00611088276609
-0.295905217449	0.703805790314	0.645830869351
2.12516274273	-0.812790498154	1.69223342471
0.398074279375	-0.891805087963	-0.214989658316
1.45393240884	-0.642635125165	-2.45046268866
0.708298253544	0.48800776577	0.510060785177
-2.04612630069	2.35231241068	-0.0903301085019
-0.345305107726	-0.937504552384	-0.0430069394003
0.947603685488	0.607443277493	1.27283584702
-0.67782702294	-0.0615764613227	-0.732638291644
1.35262351956	-1.83826251853	-1.7883926863
0.464691553246	-0.619820270924	-0.63236428749
-0.365599017071	0.418661307952	-2.3935470624
0.956445948878	0.280688073284	0.0801582958383
0.235906387546	1.26375222211	0.0812054816242
0.7601511525	0.624913222635	0.177914837857
1.53937794897	-2.95477079907	-2.08232808712
-0.835734759703	-0.539491959123	-0.102449194561
-1.86796511577	2.30155707693	0.856650508108
-0.173084369012	-0.711043477163	-0.68151227046
-1.84387254302	-0.274545586603	0.67645505555
0.488124621329	0.571069320469	-0.66001074633
2.6670836757	-2.91607456599	-1.26943846402
-0.768610732746	0.29563183068	0.56730887724
-1.02704792645	-2.40057542374	0.55566232892
-0.0516666610838	0.875512289964	-0.480425630306
1.2027208623	1.62716763904	0.0724531314363
-0.677127496775	-0.700852080116	0.224287126043
-1.49570981075	1.05046017712	0.962903916476
0.800280991766	-0.128961044607	-0.585593189161
0.619555259841	2.85981646874	-2.07673091972
0.67200125707	-0.677986513115	-0.297907030012
1.38124102548	-0.0826738923877	-1.11223273231
0.58476056105	0.466247217158	-0.663828757086
1.61381203032	-2.11715989575	2.81412320593
0.793422217969	0.0637498915589	-0.605323992057
0.390368083753	1.38008076008	0.721110739749
-0.429033211504	-0.617531815045	-0.659230582447
2.02556805114	-1.72610435579	2.72595200493
0.529242732918	-0.701998788634	-0.476549924362
0.982166600788	-0.903263041059	-0.838627197996
-0.656566710984	0.441915652851	0.611253392459
-2.5228713418	-2.01686514982	2.74149350715
-0.81745625068	-0.219794470902	0.532405549168
-1.94806176213	0.626790374978	-2.16401892156
0.58494435785	0.427936580021	-0.688992294369
0.958064384	-2.36154325894	0.670066659675
0.334358359848	0.137096893547	0.93242100415
0.489109883937	-1.37234643348	2.12694173095
0.401556141465	0.400245741414	-0.823745113328
0.637109510685	1.35906341692	2.64759980017
-0.58168382309	-0.667113681198	-0.465406560239
1.92478168453	-2.61186197626	-1.63016465882
0.20961239368	-0.977682731126	0.014111047929
0.946559340573	0.514838865004	1.7697131609
-0.63342876283	0.766123804594	0.108730485394
0.54434643126	-0.0937461938118	1.64000798008
0.893333481453	0.19141327144	-0.406591011254
3.00410115328	1.99242532652	-2.6085361197
-0.0591619516972	0.680423518935	0.73042706573
2.73530845632	2.55047290852	-1.56959894708
-0.815694872953	-0.558200847783	0.151834409051
-1.64661784545	-2.71230123206	-0.991438759836
0.114340357147	0.585824055843	-0.802331887888
1.37687124744	1.56507038946	2.87501948307
-0.530482563707	0.811017516062	0.246655302483
-2.09372103881	-2.72100998292	0.278023383021
-0.0845652800341	-0.711838371908	-0.697233709521
2.70166430879	0.262217361111	-0.885977487911
-0.455207680821	-0.543652342128	-0.705144026579
-2.35260414856	0.0748526536575	2.82006942636
-0.552929443292	0.542053602683	-0.632808756702
1.21536020621	-1.79387327709	-1.95272341308
-0.771320977965	-0.63391688433	-0.0566862656444
1.57800074782	-2.90056374751	-2.29888551362
-0.428993363958	-0.902329225186	-0.0420316910929
0.657884895628	2.40193963929	0.0827848941704
-0.487823131187	0.869522472917	-0.0771962548996
-2.02499672832	0.775026440675	0.587540412375
-0.732126504485	0.295406235232	-0.613780040093
1.92684710697	2.20206118243	0.319501697137
-0.519639116239	0.818245919027	0.2458633866
-2.32950464934	2.9598273294	-0.104173397822
0.854555024893	-0.492563318188	0.164672666237
0.157355056657	-0.226370884622	-1.94621856697
0.531349668598	-0.480181517054	0.697920654774
-1.08578791447	-1.71038406588	-1.39332619669
-0.313804419199	-0.930741204059	0.18774343546
-1.2434349781	2.89902316473	0.936304111718
-0.981682603166	0.189774234707	-0.0168821349928
1.73700647468	0.0912738696387	1.91315029574
0.408527973969	-0.506923414887	0.759034614444
0.234666102357	2.31311390993	2.28454973656
-0.40021504266	-0.818660174906	0.411853660481
1.09518491422	-2.25109161253	0.436004566994
-0.747998020088	-0.304600803571	0.589675599299
2.83399313798	2.9850428896	2.98372188106
0.388260685731	-0.656557224185	0.646673218316
2.48301453551	1.85999693902	-2.61261092463
-0.676278857129	0.734051528221	-0.0617678016205
0.293611653674	-0.197011075855	1.62049920607
0.347989313732	0.119796311489	-0.929813035659
0.625875022728	1.51196954362	0.988927501243
0.952830005458	0.182043751431	0.242847798557
2.58449889374	0.246728340898	-3.00569843113
-0.404171307259	0.903496415548	0.142617605787
-0.480832568534	-2.97267688253	-1.36371634964
0.854570092963	-0.114964437256	-0.506451512367
0.650172651152	1.31118303788	-1.3233395564
0.357578632599	-0.834420695949	0.419380046832
1.36679436988	-1.02822095024	-0.253950980948
-0.295375627902	0.732364790902	-0.613510433073
2.90716892715	-2.31914843948	-0.930445663353
0.657383865903	0.735140631296	-0.165573865897
-2.65432501454	1.79712048555	-2.95224395684
-0.0605830902764	0.240340188131	-0.968796306321
-2.18615376735	-3.01735424121	0.480762946927
0.772443087508	0.00224018571332	0.635080040727
2.25877963596	-1.86447722582	0.322900720553
-0.308587564931	-0.0857370388275	-0.947324060152
-1.87470855663	-2.71825876695	1.27112015428
-0.703447276044	-0.125789758694	0.699527602339
1.02380761951	-0.445814816182	-2.95587644129
0.276571948124	0.890102416643	0.36225080455
-0.452940951712	-0.708058022638	-2.39109607133
-0.244338151518	0.803851386927	-0.542329987598
1.83451839789	-2.80504917279	2.37796091488
-0.261132729501	0.31023689504	-0.914091224408
2.15713854601	2.49925729404	-2.18554508753
0.488255469667	0.847338173422	-0.208865066975
0.183584282254	0.360212856629	-1.04804460042
-0.311532439709	-0.687582447957	0.655879498285
-2.38256699287	2.58108594218	0.00353320078261
-0.526981951529	-0.727885104081	0.438717788584
2.56984272677	0.985747008944	-1.25097723153
0.577403178229	-0.320632117696	0.750866575946
2.15803708234	-1.49824089645	-2.24789329891
-0.939223275938	-0.300105679436	0.166721981475
-2.03797117345	0.605184003686	1.81327310103
0.59106831869	-0.675107867756	0.441438115182
-1.50876954318	0.95106441911	0.427017377254
0.617042880678	-0.281431811164	0.734883813313
-0.0119152192469	1.04465128993	2.99480270614
-0.817241411389	-0.569028225848	0.0912324158407
0.995929436181	2.87587545409	-0.250157436967
-0.375401441221	0.836967999256	0.398193829874
1.24199678775	-1.82960431906	-2.78366577079
-0.6104630059	0.104527828833	0.785117094087
-0.536781799164	-0.941813618059	2.43823376486
0.593491182579	0.729854432417	0.339235498854
1.34373496487	0.867109790703	2.40931009437
-0.526863457279	0.712740903397	-0.46304999947
-2.49860383109	-1.33014547028	1.28220656009
0.319545719083	0.418092635267	0.850346448074
-2.48692043174	2.48997981801	2.19202002624
0.0443800625795	-0.903267042407	0.426777530039
0.674088362999	1.69536921568	1.81501976658
0.301720671494	-0.829702036152	-0.46963727237
1.93127443739	-2.35737541505	0.419655576626
0.601835371851	0.724753591473	-0.335449574207
1.0507464495	-0.811612026792	0.323315424774
0.357891735561	-0.718224174563	0.59671395215
0.452369859844	1.25204929178	-2.1096816889
0.944906075662	0.311579644181	0.1003525461
-1.49683431312	-2.67095913992	1.03642096564
0.624815350065	-0.637556610615	0.450696512728
0.948334786329	-0.552713183264	2.34703862093
0.672534062862	-0.663519453274	0.32778021511
2.88954994596	-1.56421264507	-2.07897371316
0.16349087946	-0.852901033965	0.495813027859
-0.844736926391	2.70247198449	0.8650035551
0.242209142805	-0.865568688604	0.438321316445
0.281688419256	-1.01571998669	-1.78602356043
0.702417539468	0.394187321144	-0.592643194593
2.27158389484	1.16295876174	2.78856017558
0.404777151701	-0.533566106674	-0.742605324025
2.94990932009	0.74353948954	-0.0745527595742
0.71515788891	0.596358003912	-0.364563197676
-0.523741757525	2.12248409435	-0.324617562423
0.476436922117	-0.256684368992	0.840904866176
2.18381427465	0.509695320762	-0.166363878706
0.556394549778	-0.534499563389	-0.636188118181
-2.1708663039	1.92208573833	-2.95881048783
0.305107497965	0.814819327572	0.492928877325
-2.14944513875	0.189003869068	0.273463470282
-0.517403839563	0.305948247726	0.799180165244
0.50095219203	1.04836047399	1.9595631225
-0.360965020592	-0.0716136879548	0.929825646886
1.28407331535	-0.462721921094	-1.52135190988
0.49068329613	-0.0235498507431	0.871019694054
-0.521543286149	2.27462362796	-1.57233612826
0.829658885186	-0.354133949992	0.431573029387
1.04915321816	2.72144406848	-0.487802995029
-0.118880824273	0.976102915275	0.181907801957
-0.463336473026	1.10700756211	1.70495502363
0.222202790585	-0.800153776572	0.557117450539
1.60875092881	-1.48856733238	-0.888273946724
-0.572547389248	-0.599614997202	0.559152342564
1.02917844489	-2.61536650593	-0.0939712237851
0.363572892863	-0.652125608485	0.665242017865
0.109081995547	1.5774871664	0.342680539801
-0.266297596867	-0.750864999331	-0.604390058391
2.16928738984	-2.29509511983	-0.404194692699
0.061116630205	-0.231449177783	-0.970925350177
2.84983773919	2.63266891314	-0.471389389268
0.505503348533	-0.736323178933	0.449771654052
-1.00181628537	-0.843724663844	0.558011399662
0.621210452263	-0.767185808798	-0.15976078611
1.03083426395	1.37558149629	-0.335478614147
0.647674281404	0.222427493729	0.728727682499
2.73424868233	0.321456732146	-1.49816130473
-0.549640038694	0.618021342215	-0.562090249364
-0.606085167043	1.26829759013	-2.67116572624
-0.742061482032	-0.491390950434	0.455938253184
2.72882967138	-1.91870467069	-1.29673163582
0.212528786259	-0.863919190337	0.456590787882
-1.36984573438	2.26310793154	-0.309913091772
-0.64240096237	-0.466798964635	-0.607799087003
-0.524503648905	-0.435875426982	-0.812784609373
0.882327220909	-0.46450549061	-0.0757187191932
1.22261439877	0.835307656306	-0.78125706412
0.266297366254	0.915012508657	-0.303047556874
0.611296338161	0.0509391378244	2.55444606936
-0.753099386451	-0.44604666888	0.483615222369
-0.364660672282	-2.38017500533	0.579803273115
0.404855823959	0.414582586738	0.814992662899
-1.06077827001	-0.789654532835	1.28777061097
0.895558674383	0.38310015568	-0.226293905035
-0.821289895706	-2.13887435433	0.926432749025
0.159834872819	-0.478133269186	0.863621091873
1.71851329908	-2.61210213999	-1.82906102598
0.0419900864874	-0.835910964003	-0.547256514714
-2.56834650776	-0.372655356835	1.4967458449
0.65452945454	0.587038555829	-0.476420955783
-2.20808029118	2.17458067441	-1.20110661416
-0.68755717573	0.628269814656	-0.364063414935
-1.91071880562	2.57080471315	1.60779120853
-0.173580803276	0.968799728872	0.176908988104
0.7050307953	-0.937242044856	-0.558503020609
-0.318958364048	0.878187229629	-0.35644459839
2.91277700408	2.93694145578	0.0336944447204
0.801575356074	0.433805602302	0.4114482324
0.245691691637	-2.79765727458	1.10503958761
-0.741751423543	0.355775056034	0.56853226397
-2.39787561599	2.10223761131	-0.780755084504
0.79840490893	-0.599202661824	0.0592095554741
1.21591977872	2.55855979739	-1.94768329527
0.58756410421	-0.77988324853	0.215755746405
0.996360123716	1.37172349566	-1.53848461691
0.261824205771	-0.772429203761	-0.57862009164
0.763678120648	0.260651298964	0.947015271144
-0.509950763239	-0.501040150017	-0.699220270832
1.74058159225	1.52669411395	2.91853260462
-0.556462841009	-0.54766882625	0.62482634654
2.68654825394	1.24268518768	-1.30879190444
-0.607852881885	0.614987915342	-0.502299450495
-2.09799998837	2.80846903669	1.03051305383
-0.82378465232	0.07501267478	0.561918094765
2.99186413446	-2.24208217059	1.12442474603
-0.912747262084	0.332752695506	-0.236998057357
0.957558693969	-0.532006484634	0.974936199713
0.145373227489	-0.881073171748	-0.450085203884
1.03200872377	2.66964804195	-0.681938986851
0.977642651338	0.111688960636	-0.178158419273
2.77130894905	1.53740996158	-0.0717108304002
-0.97976560594	0.174253503412	0.0984635666867
-2.57226010929	0.974970624505	1.26681920637
0.589356026875	0.594261779911	-0.547277270241
-1.19063280143	2.97348638822	-1.35948016579
0.390467281964	-0.799605761521	0.456252044223
0.795247266031	-2.96548337648	-0.489921891851
0.519419104096	-0.708245462437	0.478113123892
-1.98968702671	-1.45106680746	-2.90501976247
0.356227842448	-0.64232992598	0.678611811315
0.148465090028	-1.20286292049	1.47364968892
0.256739944647	0.444863130993	-0.858010137181
-2.05508308221	-0.851539409128	2.01576503746
-0.215815957735	-0.637081759961	-0.739966420529
1.6679530125	-2.83109245084	2.49526053872
0.34686885421	0.792376843863	0.501817631504
0.670965961213	-0.0780964237868	-2.89702352955
0.192529631785	0.719841839115	-0.66690334198
0.0253168985271	-0.377956828928	-1.9278876198
0.822870060221	-0.510048383855	-0.250470577353
-2.03339166126	2.76790906723	-2.53314599871
-0.433199515505	0.89641655335	0.0936778663587
-1.0596709946	1.62611178247	2.81867804101
-0.819022656154	-0.565746534565	-0.0955654086681
-1.97918363727	-1.73468826088	2.8676937417
-0.709401477387	-0.641987179233	-0.290864239091
-2.48714505845	1.42050194212	2.70168439251
0.621500669235	-0.488571156498	-0.612401129309
-1.91094389771	1.07549453388	-0.668208948638
0.240995151439	-0.862036130926	-0.445886808463
0.92786771699	2.01863960423	2.07395222245
0.819078646307	-0.109512877491	0.563131512906
0.504147109314	2.58507631973	1.8857131488
0.40620596328	-0.712990068636	-0.571525920166
-0.546872048369	1.47330029824	2.56438661722
-0.128606868825	0.686570890679	-0.715598131191
1.05260393027	-0.86292082085	2.17806711628
-0.363040025156	-0.301591346951	-0.88161476824
2.70038968596	-2.97221869802	2.55316606964
0.697106400333	-0.715716329749	-0.0423414920109
1.73727194066	1.20133679271	1.16221337594
-0.448124677938	-0.847675377142	-0.283955503573
-2.1054925805	0.575625288355	-1.95177371837
0.452151638794	0.498017140403	0.739957987592
2.86477678717	-0.93893047524	-2.38862159919
-0.92755070628	-0.366470973667	-0.0731348941237
1.5435028873	-2.00941680984	-0.573902500519
-0.760707513217	-0.165942343654	-0.627524675146
1.96737680963	2.34350044097	-2.9638315061
0.762962513708	-0.621065063331	-0.179349908798
-1.22751533492	1.04658096543	-0.000838614211248
-0.549348346068	-0.0964204884542	0.830011737314
1.87723216218	2.26889165813	-0.401233016013
0.638294977109	0.0882326602316	0.764718588676
-2.16217292036	2.99295907114	-1.03012981255
0.756799988321	0.327054668526	-0.565940828597
-1.5131722979	-2.04528865998	-2.02996217054
-0.635417758878	0.537682776485	-0.55420348571
-2.08056013268	-2.72297710739	-0.81086864562
-0.256255100659	-0.368229957612	-0.893722564168
2.51668881331	1.12537214811	-2.33404360251
0.0785433378917	-0.53960220897	-0.838248411956
0.637085697481	0.926485157268	1.87577370298
-0.818713125233	-0.105023092496	-0.564516579573
-0.383423656	-0.951405515268	1.86824301221
0.58544004624	-0.439179593644	-0.681455234616
2.90770276923	1.16900519441	2.53716521633
-0.721309254102	-0.324428065406	-0.611930870543
-0.274260404569	0.446538380701	0.498611894256
-0.500070722671	0.760876035451	-0.413517751739
-1.16699296745	1.88950402767	1.05012705749
0.777557974119	-0.0781510043517	0.623935908089
-2.59950854387	-2.16355365915	2.02225235912
-0.372328539066	0.614317499813	-0.69569064132
0.497343431055	-1.53485645331	0.262643642515
0.60921686054	0.588434755231	-0.531600748372
2.84292040026	-0.616209987671	2.65561518013
-0.464124640254	0.885690317733	-0.0118734739136
-0.929925516421	0.212203247978	2.06662378044
-0.145583952907	-0.59358564337	-0.791493143774
0.811659277147	-1.54103164235	-1.49005188431
0.597518942772	-0.493935722209	-0.631663371865
-1.83010772116	-2.81712333307	-0.87038191294
0.615398847789	-0.77565967059	-0.140129702632
-0.241397429481	1.37691755619	1.11925286022
0.460172319397	-0.791028400843	0.403132119189
-0.24499342413	0.393069783518	-2.23211549119
-0.199849611139	0.451872029753	-0.869408880593
1.02238022348	-2.46813643883	-2.32406729068
-0.831276150346	-0.265359978411	-0.488430183059
2.79711395151	-1.97842892326	-0.594431173228
0.780140848074	0.251495927791	-0.57282637463
0.616427599617	0.449564933779	-0.305504850347
-0.580098007029	-0.7426122911	-0.334683861799
0.192296623528	2.17025701704	-1.10098252309
-0.987748465616	0.00557678461244	0.155954699019
-0.331542870701	-1.63713197243	2.3431608493
0.763117224149	0.586393641259	0.271651614571
-2.8759324814	0.343013107289	-2.33850325938
-0.451504968152	-0.779659785751	-0.433905383945
1.47159973869	-1.94971709446	1.79305802784
-0.774251540995	-0.631181702559	-0.046305611114
0.546566737118	1.38166286204	1.92109017233
0.357816685449	0.933383979705	-0.0275964860798
-2.1205354243	2.62179922751	2.73032801897
0.291786492049	0.721591187738	-0.627827046914
-0.965194220867	-0.0183986307385	-1.42559986844
0.067968661589	0.853204774548	-0.517128488608
-1.40348532233	-2.02575402604	-1.64495186243
-0.261944788284	0.683184767433	0.681647637301
-0.866967643786	1.31927230027	2.53503536314
0.361199829558	0.640377926858	0.677827997298
-2.4266199628	2.93846525381	0.103364888671
0.040727105284	0.966739345495	-0.252500179737
-0.539296845706	2.310750177	-2.37068988119
-0.615793990186	-0.695677477322	0.36990621676
-0.794001540734	-2.09986208469	0.153115036164
0.72993819001	-0.65424801327	-0.197863023068
-0.898906853092	-0.588931178785	-0.188344490646
0.282139063149	0.95494643313	-0.0920589968296
2.88733468403	-0.948084011878	0.791324208956
0.405980895971	0.709048570202	-0.576567114221
-0.0606114160137	-1.4733520709	-2.15171010805
0.321396243322	-0.528637192525	0.785650796129
1.50262869471	-2.5581283504	0.0932555321705
0.703182221146	-0.66180396673	0.259904354495
-2.41335442207	0.63967785274	2.71750406629
-0.923349825772	0.103799754696	-0.369662968353
2.56102977347	-2.47607696331	-1.00026778054
0.0186510741824	0.954223529081	0.298512301221
-1.51120322327	-0.602161009274	-1.5117520013
0.95619109967	-0.291115645986	0.0308263129971
2.45016934326	-1.53748803817	2.07423886818
-0.0175629046567	-0.999176021758	-0.0365899156032
1.9815898464	-2.9404702231	1.05191191583
0.652295301077	-0.721511897869	0.232231396298
-0.0609706454985	-0.624789150332	-2.1319433591
-0.579228530773	-0.804818875289	0.129463844825
2.90092650608	2.4789736467	-1.35000477397
0.705149870797	-0.101919499462	0.701695144165
-0.612600349779	-2.39599809511	0.184150213811
-0.25539111905	0.546037875139	-0.797883459676
-0.72127289981	1.44136305411	2.39301576646
-0.535510454157	-0.57899552262	0.614811140331
-2.50119311049	-0.524656089769	0.787776355972
0.272867029633	-0.828942962526	0.488259305102
-2.03909255144	2.79465744101	2.9581213196
-0.564457714313	0.742377404611	0.360920043604
-0.0623064252226	-0.652259540309	-0.789837865675
0.882613375956	0.465255862489	0.0673098135701
-0.40074147373	2.17376601675	1.08959488801
0.512070587956	-0.313552135718	0.799667913034
1.33404675933	2.9373814143	0.673380587195
-0.0895750047212	0.515304817479	-0.852312890675
-2.64003856802	0.374299984355	-2.1777992991
-0.996703338644	0.00777873150057	0.0807585665563
-2.6132897925	-1.3389200725	1.49673839227
0.770407241033	0.410645737087	-0.487691256407
2.58372043987	2.2279056832	-2.93538717453
-0.950587886564	-0.207849174383	-0.23061090743
2.57964604507	1.64403501493	0.786302936755
0.253149084171	0.569047401646	-0.78236858057
1.23428632772	-1.18473604223	-2.60443076317
0.336829530383	-0.901043676065	-0.273251095672
0.149084756401	-2.72607888154	-2.53606742139
-0.875877212718	-0.438539217358	-0.201301920212
-1.78690998531	2.72097478098	-2.44027512642
0.586654147943	0.704890569541	-0.398705650416
2.77144575248	-0.844013252293	-1.36428350267
-0.27897980442	0.25099976452	0.926913904813
0.375001567916	1.92114264062	-1.68544408139
-0.750244077215	-0.466642103327	0.468379090062
2.76366502435	0.570478891098	-1.01151543406
-0.01516228257	-0.386650024595	-0.922101872717
2.75627083125	-2.09422134819	-1.82454878993
0.427109716419	0.656268536612	-0.622003937281
-1.47035085466	0.875036416586	-1.49268171695
-0.798609294463	0.0644721672662	0.598386609514
-2.17826962058	-2.08412483986	-1.86340365904
0.884468135319	0.313735096998	-0.345378642243
-0.00828427905728	0.953131093631	0.906472158357
-0.312385464923	0.622099380954	-0.717918993704
2.30396853276	-2.3079734573	-2.14260540573
0.000787172134445	-0.407873531066	0.913038095052
2.24494130889	1.10975754583	-1.05493358009
-0.109059171764	-0.983526137369	-0.144161139585
1.16097046734	0.528782616176	-1.05217223293
-0.224086706593	0.301443197489	0.926777830235
2.09671515834	-1.22450977841	-1.41715393052
0.128283515879	-0.450137335851	0.88369662126
-0.0813233254579	1.76363818097	2.11337797475
0.323696764749	-0.490892877476	0.808853872671
0.200763990361	-1.06205497488	-2.6648228259
-0.752051798871	0.542993705742	-0.373598617958
-0.953883618537	0.927268643103	-0.302922305227
0.804494337219	0.576984445329	0.140988691855
-1.93755409062	0.178105169867	-0.320850737479
-0.547116864902	-0.441088852599	-0.711409699296
0.189919408978	-1.03314017047	2.10798135748
0.499347470979	-0.4710684547	0.727149650494
-2.6246215607	-0.763505083979	0.561417762921
0.771626647821	0.635986552498	-0.0106499490583
0.100047670123	-1.52016043668	-1.34417336306
-0.790308054162	-0.397714152834	-0.466086507166
-0.737735777328	1.24013523519	-1.84809328718
0.40464998477	0.88934261513	-0.212903975397
0.597248364216	0.180761352029	2.21374056784
-0.70370575193	-0.34964404522	-0.618504047152
-2.84139264011	-1.37952667549	0.545528727516
-0.737025192418	-0.436799222073	0.515752174342
-0.166044872592	-0.715288257244	-2.50058485377
-0.529026446867	-0.719058146482	0.450651085089
-1.17256722171	2.75295563027	-2.58962215778
-0.371538559155	0.466167526113	-0.802899082487
-2.04608816101	-0.0245240038524	0.310446179597
-0.521970398956	-0.561036615497	-0.642483321718
-0.611990279841	-2.92223064906	1.96104656827
0.349081318175	0.329599704136	-0.877215063901
-2.02639901184	-0.789625556088	-2.43112782123
-0.419761402299	0.653001955359	0.630387826213
2.72148329534	2.41177271961	-1.24165032054
0.838342868837	-0.442615543072	-0.318233743184
1.11296205292	-2.77007612385	-1.03723359638
-0.88993597717	0.0240211276309	-0.455452458513
-2.97869581856	-1.9351847915	-1.80697733323
0.418428507403	0.591918527449	0.688875925734
-1.25822511322	-2.51105451034	1.14420958977
0.138225144687	-0.723292568191	-0.676566087072
-2.43451122231	-1.10666047974	0.40372376602
-0.266018548999	0.175500517013	-0.947857426049
0.362004393587	-2.96016561157	-2.83944748478
-0.650653339805	0.270679759068	-0.709494678931
0.211619951398	-1.43102469449	-1.48606504614
0.95047352888	0.246809700189	0.188904851159
-2.19359464599	0.768843466918	-1.9371053167
0.22696178977	-0.949946482844	-0.214685876845
2.02460592406	-0.558694644187	1.7653951056
0.733304600492	-0.441362756141	0.517168522232
-3.00599332786	0.850735049168	1.29173870363
-0.747504544974	-0.600500691553	-0.283964565901
1.74204276017	-1.8983282144	-2.39079353481
0.333706171428	0.927715030077	-0.167287220429
1.56261120335	1.83448604888	-0.684986901796
0.365017325361	0.504226415692	0.782635339034
1.64208531328	0.743873647888	-2.46884305247
-0.524091590968	-0.574974170009	0.628277572495
2.29367794265	-2.18418089603	2.18660326996
-0.697922835706	0.454501861674	0.553472468271
2.948054921	1.84196190477	-0.339178294336
-0.548022513921	0.164558664397	0.820116924717
-2.47004282518	0.575537076824	1.98832258748
0.239590766828	0.60244243669	-0.761353646426
0.781871155887	2.76895175115	-2.72657264769
0.942629715994	0.333804818882	-0.0048540103622
0.510975907172	0.840149908832	0.730875128149
-0.925176175217	0.347494586143	0.15263209824
-1.17112118578	-1.82765060834	0.473601886153
0.546212994353	-0.549755976724	0.631996622504
-1.0303435321	2.13243873657	1.89437747903
0.980203052579	-0.16592531578	0.108031316285
0.497409738144	1.15004304529	0.946824449904
0.727709388419	0.574334015129	-0.374939308519
-0.900292082009	-0.199963945342	1.03350573481
-0.691924794009	-0.696906908999	-0.188575819302
2.90680786858	1.47619930214	0.367495218271
0.356540246297	0.011043627093	0.934214692173
