400
0.998048803347	1.53010416945	-1.07756511379
0.522044166888	-0.528619102448	0.669351725437
0.554023915951	-1.97175291202	-1.23040233917
-0.272844005756	0.96127129436	-0.0389056186446
-0.880678757148	-0.799696692753	0.44373734445
-0.996065078987	-0.0833561921663	-0.0301015556248
0.0721188908116	-1.81803767773	2.2785101166
-0.676767890214	-0.420679400516	0.604163938643
2.18689162326	0.640701807302	-0.881860690391
-0.401166044564	-0.186479838499	-0.896822766505
-1.00340202765	-0.11103711704	-2.16076639503
0.957758906873	-0.176916365352	-0.22671231986
1.65031381943	-2.30395920503	-1.4976912748
0.180632260301	0.977111015214	-0.112365699775
-0.998444891682	1.41125544064	2.50132252636
-0.817580651842	0.548437395845	-0.175437454873
-0.398752921073	-0.100109895476	-0.0429145240826
-0.734448889978	0.132238317196	0.665655958792
1.50986904652	-1.11276677124	-2.25964574089
0.78001687492	-0.610174572942	-0.138782799275
2.3313045379	1.10437924234	-0.431893266184
-0.456030541859	0.881108546272	0.125235276893
0.525889902718	0.938992407682	0.555521790567
0.127466756067	-0.0234316762575	0.991566025359
2.20458077614	-1.7479924093	-0.925647625182
-0.827384234689	-0.510998052094	0.233058616968
2.47846093163	0.969301861958	2.2377036047
0.341180854916	-0.729576587683	-0.592717155938
1.82668571102	0.264725477	-0.3162117107
0.469064051709	-0.758352973563	-0.452636369376
-0.340893263956	0.871218912653	2.18149656317
-0.513527771558	-0.18477656103	-0.8379420328
-1.42621557741	-2.08483599645	-0.555449112418
-0.216332380192	-0.735024290811	0.642603760647
0.193443093364	0.613245914308	-1.8630399638
0.935439818608	-0.307711893861	-0.173970503645
2.46724792138	-0.330730022421	-0.679207033811
-0.664461508938	-0.6338219058	0.39593016413
0.723796280054	1.30264527786	1.55080147065
0.0587738659697	-0.977714700476	-0.201543040447
-0.0461679208629	-0.713167570611	2.13599974808
-0.10191288468	-0.793441536239	-0.600053574697
-2.39014129289	2.48814356818	-1.3855434091
-0.523940590708	0.285102109297	-0.802622604144
0.230238370587	-2.36543746588	2.01196638853
0.699043044467	-0.686548085895	-0.199976367945
1.92056306245	0.30968226127	-2.00588935932
0.53151776695	0.380356111055	-0.756847469573
-0.780470692965	0.364029122946	1.22974851287
0.565235017243	0.240711055037	-0.789029507221
1.32047264322	1.95792346488	0.424205919793
0.665998256845	0.454885442499	0.591206864035
0.0113249865306	-0.495837696222	1.40347335005
-0.47626162189	0.748292488471	-0.461771825919
-2.24918497159	1.90780827229	-1.96601750278
0.567745136978	0.449932139061	0.689366759916
0.294269754199	0.257029681534	-1.18451510713
-0.752819628045	-0.518065642913	-0.406042605231
2.18069705518	1.14963024354	0.272846494893
-0.502102618804	-0.704499670055	-0.501570707959
-1.30508588375	2.20549382792	-0.999046012006
-0.859931670786	0.475851578628	-0.184615266695
-2.33531560569	0.238328842057	-2.25518465904
0.617037728888	-0.28328341906	-0.73417637228
-0.438601042522	1.70706101605	1.02053263584
0.686741222989	-0.675141413825	0.269389242521
0.329728260535	1.52750373863	1.96238040174
0.106323060458	0.979471768813	0.171261381852
1.47090768225	2.0294874691	1.67346388267
0.898212765135	0.262946368999	0.352240025521
-0.792432042323	-0.253438555395	0.144895626368
0.231686549873	0.347294929214	-0.908684529829
-2.18960399408	-1.06103077308	1.616091858
-0.829350526898	0.166625094589	-0.533304585943
-1.46259885162	-1.13021845634	-0.546978990802
-0.140389160803	-0.0718963582719	-0.987482555388
-1.022815204	-0.524218557574	1.96905877197
0.567776552406	0.770619592541	0.289439510313
-0.0788332569751	-0.0557096718096	-0.286349918085
0.210021800069	-0.826554090887	0.52220606884
1.04573032054	0.495612598991	-2.17588972968
0.405364071581	0.401366882481	0.821330989991
1.11011034686	-0.909642693442	-0.867684089059
-0.961080095244	-0.0434191861683	0.272836626569
-0.138425421995	-1.95840135805	-0.41727054818
-0.535731197253	-0.835722666839	-0.12066361681
1.14051613529	-0.705445647132	-2.12314686613
0.520864230808	-0.642472000925	0.562076668341
1.2773248491	1.04843486905	-0.374488382735
-0.376060869155	0.319227437462	-0.869868993505
-1.6420268157	-0.941421812267	1.24175225018
-0.490889372445	-0.816896406834	0.302833096806
0.270601447993	0.80257550846	-1.57487023373
0.524421190888	0.643933158815	0.557074951444
1.59923030713	1.0432531171	0.0526872393877
-0.636149275345	0.694636472233	0.335848583326
-1.43120869176	-0.770779663203	1.72572217049
0.419680374593	0.347544828781	0.838499239814
2.20637161011	1.09130168257	-0.18747658438
0.817475708477	0.454930218146	-0.353230749889
-1.40518576415	1.1820541318	-0.465777651652
0.344300425473	0.293402030656	0.891836568787
-0.535409571198	-2.40361286638	0.567063887136
-0.543323791451	0.426081466502	-0.723362869898
-2.37571500498	-0.178594758257	1.97594926057
-0.0956845608755	-0.403718968141	0.909865627207
-0.987934714627	1.72908994381	0.570935640492
0.544064507317	-0.615250022321	-0.57049208751
2.4692528388	1.7798380311	0.813994152849
0.47825175867	0.0136155932158	-0.878117230756
0.731617878492	-0.273507828656	1.1502290869
0.433327039505	-0.868400824205	0.241055357446
-1.02970444042	-2.04819513001	-1.52247804095
0.0459260574755	-0.00604319181751	-0.998926562405
-0.348845727933	0.338576926498	-0.8953047402
0.549804735957	0.320364321438	0.771415227921
-1.85722331375	-2.25404008233	1.89934941484
-0.709721147803	-0.701829374157	-0.0610853659349
-0.337643139383	0.961096073786	0.920252284968
0.324368292741	0.346280500176	0.880269859681
-1.7267230643	-1.13526903675	-2.0069727353
0.9945134026	-0.0969163629831	-0.0393739842316
-1.05738113738	-1.36877675304	1.10459847614
0.73537102765	0.436629695752	-0.518250866358
-1.46580368039	-1.7968107981	-0.343584536214
0.315779712417	0.351540863748	-0.88130709423
2.35095558608	-1.41459715826	1.96880748088
-0.349758498753	0.824623266143	0.444595840609
-1.24810572009	-2.26991299331	0.0101975318744
0.965630783835	-0.107137205134	0.23680964631
0.669795907317	-0.743390042703	1.92720665544
-0.577164902761	-0.812276811897	-0.0841846534441
0.892165932591	0.629426881925	-0.198189608486
0.131367346088	0.774940987833	0.618230608882
-0.361916668443	-0.961297916293	2.22522271601
0.69233676469	0.707926273291	-0.139678902637
-0.27731091343	-1.8612868886	1.85081092638
0.0408474243891	-0.622479630457	-0.781569317199
0.120900890933	2.10548988354	-0.0709550973471
0.376258817511	-0.210228020484	0.902348869146
1.36591110196	-0.113690536012	-1.85345100416
-0.610686200423	-0.504521121543	-0.610344822645
-0.664759495499	2.44899569861	-0.322106283869
-0.466184406937	0.519257250694	-0.716270902892
1.73609633848	2.33122876731	1.80612375961
-0.500725492707	0.862910265095	0.0682631331462
-0.446639360697	1.85262660741	2.30016824143
-0.296220380914	-0.174099569878	0.939118110623
1.45224980965	1.62323401266	0.195459631383
0.524070260661	-0.436940908186	0.731049249123
2.46093293353	-1.95507318121	0.183929488766
-0.460628667233	0.548542539641	-0.697798189399
1.99391788461	0.120875368627	-2.37505619524
-0.576312515049	0.554750356091	-0.600096598403
-1.55366607151	2.49197801719	-0.725870912237
0.501281416059	-0.778262540354	0.378185616062
0.299111396049	0.542710390678	2.23280822901
0.634948254359	0.438941413167	-0.635744563558
0.862715679423	0.261693767095	-1.38451273815
-0.0712751213163	0.549833753886	0.832227553118
-0.453070233608	-1.74348783933	-0.433016547446
-0.975135275139	0.0682616152246	-0.210835355352
-2.30962430032	1.34133540055	1.06536417064
0.759279138448	0.176281997278	0.626434232264
1.62427260361	-1.74421361783	2.30881626567
-0.388744717291	0.919771054986	-0.0538400519039
-1.85141751401	0.178006711181	0.487035919602
-0.747690738413	0.551369244922	-0.37006825782
-1.22103946436	-0.0789036287931	-1.94395396823
0.704693079534	-0.658447644912	-0.264299758924
-2.39211531061	-0.337599001217	-1.66413277765
-0.65832370818	-0.515814396727	0.548220214309
-2.13367285197	-2.04833793144	0.551903486
0.75694324611	-0.376045651234	0.534440446033
-0.747046067374	-0.0120450301826	1.15861115188
-0.393199431762	0.737316461779	-0.549325624791
-1.94614582931	0.359611053276	0.84784378541
0.033639885862	0.942309747363	0.33304759135
-2.44133706385	2.25961620097	2.23319515727
0.0407858891274	0.0482867054275	-0.998000453571
1.92361784977	2.49411672994	0.545903005233
-0.56030523953	-0.766360781558	-0.314243840108
2.48478763429	-2.42716635376	-0.832516576531
0.717199645576	-0.690115901867	0.0967714336714
-0.823369740268	1.30655360005	-2.02353716224
0.567983881012	-0.666921091762	-0.48229717838
0.260019995733	2.371118577	2.22863855971
-0.611822527133	-0.239998157564	-0.753706892404
-0.0948888958407	-2.23757074142	-1.87260136468
0.201852312818	0.684492073338	0.700518554606
-1.42003460578	-0.244657438664	0.679116754003
0.756046877118	-0.56726677522	-0.326498890246
-2.36215658274	2.25111890161	0.186613195055
0.58821185577	-0.480161053255	-0.650732030615
-1.24916275815	0.224347553846	2.30072675411
0.30341376863	0.682679265948	-0.664747399281
-1.05998016209	0.860760371181	-1.93749784678
-0.715727620748	-0.670752652564	-0.19448612284
1.0611263542	1.38312547193	2.01158181762
-0.699915223598	-0.713064827524	0.0407091086045
2.09272432965	1.93232748223	-0.295449927944
-0.82529513252	-0.468051715532	-0.315935967921
1.66165313736	-0.288411502263	-0.976359047455
-0.566949178201	-0.521735207005	-0.637464511255
0.964272156867	-0.172635583902	0.453866644872
-0.296044578253	0.66332869109	0.687279168362
-2.29070637177	-2.48800622573	0.973189380013
0.748941413378	-0.0455388040399	-0.661069570207
0.138146800465	-0.174866240871	2.22865571942
0.613871627628	0.562003615432	-0.554358693478
-1.25542260923	-0.518001702913	0.781365383533
-0.172557140548	0.203357181887	-0.963778963155
-2.05478740045	1.88846427132	-2.39271103615
0.607396168901	0.293713482986	-0.738107230635
2.17633505879	2.06561183684	0.676337282423
0.532063763108	-0.477719782504	-0.699065062345
-0.588473941951	-2.33038151303	0.897124533234
0.506666791213	0.633485122132	-0.584795145944
-1.86134757828	-0.138129411808	0.0837431589137
0.436293897695	0.74000489855	-0.511898803433
1.99546345929	0.102070803089	0.266825687613
0.561355145991	-0.690317184091	-0.456445599625
0.203109836228	-1.63482418035	-1.62913097684
0.467382144478	-0.562141093919	-0.682313213672
1.11596205205	2.45098434546	-2.29113360591
0.655943730476	0.206250571506	-0.726084378157
-1.90354864842	1.76984414046	0.217122419189
0.469031421083	0.883114491052	0.0108775793004
-2.15927893596	2.36962382945	-1.19216148241
-0.285080396641	0.552015719551	0.783586506277
-1.4266063148	-1.46031595829	1.15941610875
-0.687507930216	0.43383942435	0.582336843906
-1.36891932536	-1.71551446556	-0.687836740544
0.632145925168	-0.604429170364	-0.484826677594
2.49787161026	0.85836002107	-0.489771144949
-0.683793234691	-0.062142007619	0.727024884774
1.87710759769	-0.00592081977996	1.43945589381
0.962887128371	-0.259055563226	-0.0757535027551
-0.612158338217	-1.67245211551	1.52288118585
0.539840061355	0.747929917244	-0.386229914749
-2.4565502481	-1.40144879473	0.806255029738
0.524126476337	0.629131801086	-0.574007503143
0.603832284537	2.37683312572	-0.716755714925
0.284339128144	-0.710816348825	0.643343903717
-0.469353412396	2.41222508324	-2.48995774947
-0.985486060868	-0.166364399473	0.0337655212037
-0.295755039936	0.338692646107	-0.579566827601
-0.337329974527	0.727117898978	0.597919768256
0.764864110523	-2.01199465219	1.83215481691
-0.114320872382	0.848630591736	-0.516485098437
-1.41535747896	2.38600179094	-0.968814122342
0.167287992317	0.12050374502	0.978516006544
-0.449083762541	-2.16340964926	-0.607860261207
0.858056483456	-0.30255750334	-0.41496750279
-2.25303146062	0.278038910197	-0.142339044892
-0.806835979755	0.303394159289	0.50691980222
-0.784621780464	-0.240925497916	-1.96259837965
-0.599317540838	-0.570885459824	0.561166888729
-0.70344792957	-1.51625363708	2.04799210994
0.636088983454	0.112660178154	-0.763346899769
1.67596901386	-1.06908314829	-0.0931523726636
0.746173871021	-0.665746656565	-0.00243792476406
1.35338119016	0.35023918379	-2.50217999377
-0.631750691008	0.627589122951	0.45499775512
0.606807048541	-0.568719288611	-1.93390996705
0.847966274906	0.529029945263	0.0328711672504
1.51916553025	-0.647107969186	-2.33007114603
-0.668123137544	-0.371036981298	-0.644936455465
-1.50527279702	-2.02491369953	-0.0640738060354
0.0875009932714	0.14119724861	0.986106948136
-0.809584431225	0.474490060656	-0.684805923009
-0.0237872634263	-0.294780037806	-0.955269017298
-0.306116098615	-1.08945326968	0.721106741395
0.667664460103	0.743081595831	-0.0453200910336
1.92550895036	-0.569074791711	0.480967556716
-0.894373147398	-0.161908431386	0.416992005989
-0.228753239304	-0.498495954134	2.10594911742
-0.337658374511	-0.818452850128	0.464888969797
-0.922090338955	-1.43945902032	-0.474861762373
-0.180271247566	-0.78582704453	0.591589497359
-0.385148340236	1.04954386111	0.617853101098
-0.536745674856	0.620555242599	0.571677593934
0.985148485123	-1.47517966619	1.13539281571
0.744278417374	0.652472309396	-0.142581635923
0.83165026744	0.777034376434	1.23447124518
0.571761187725	-0.585041161841	-0.57516604834
-0.783646103521	1.96109479869	-0.140884911388
-0.255210346164	0.332113415949	0.908057464127
-2.36504938061	2.34172071811	1.87320054197
-0.247548618289	0.394177485837	-0.885067111151
1.44236346293	2.00165421102	2.26738079755
-0.170955205715	0.627032116896	-0.760003317111
-0.713211319387	1.93585091294	-1.49618661816
0.502638951313	0.65328496883	-0.566191517177
1.83297383478	0.829088146873	2.14535616388
0.708315564018	-0.683332323002	-0.177048010749
0.516520041577	-0.0519560350891	1.85818960977
-0.807178104993	0.562215245771	-0.179937556511
-2.39082899043	0.841969300566	-1.58649953291
-0.321138302998	-0.946949756621	0.0125039506934
0.366466494187	0.0473367959579	-0.573177975216
-0.00626163640204	0.163465794518	-0.986529130808
-1.79999773017	-0.0925838274572	-0.301295218272
0.373040083063	-0.890792040064	0.259481478699
-2.13648418113	-0.202055212343	0.305381379747
-0.138415613861	-0.632737058226	-0.76189561817
-0.785480428345	0.384112695481	-2.4589737624
-0.484440927735	-0.328029244301	-0.810995562515
-0.358281679569	-1.48955270845	0.809278952218
0.680793942062	-0.00198019980691	-0.7324723116
-0.530548230754	0.761593763175	-2.21071063449
0.116729823735	0.396326911748	0.910658622797
-2.00722765619	0.440052925194	-1.637343793
0.46509022018	-0.504461379748	0.727468077262
2.15766987562	-0.0908879491543	0.732992843654
-0.739191264322	0.339107420332	0.581895550958
-0.132922094754	-2.02811298169	-2.39204203829
-0.563126459588	-0.53495039985	0.629854475424
0.364853780926	-1.79107389949	0.155773647907
0.621407548461	-0.508481767297	-0.596069585738
-0.988688828771	1.51462504538	0.712253698195
-0.119953529356	0.714985230733	-0.688772292292
-1.00258129178	-1.59906736301	-1.33410891294
-0.50205280924	0.675176277003	-0.540444235519
-2.00523028092	-0.0988856389974	0.611786501777
0.711006221356	-0.429680671957	0.556636931347
-0.142332552123	-1.07194894908	-0.486614358013
0.91811004961	-0.396000049966	-0.016059179059
-0.27080133934	0.613397441998	-1.64811227508
0.518119399236	0.846982501807	0.119050114527
2.00286365446	-2.49173314778	2.45385318185
-0.777499961628	0.60738433184	0.163027859903
0.407687828782	-2.31669820906	1.91559128685
-0.818653612017	0.50931672665	0.265335138053
2.01323417972	-1.49169317577	-2.1829285877
-0.560681414164	-0.300392494352	-0.771622123288
-1.034406921	0.869557795497	-1.59456242343
-0.53301879634	0.763358849901	0.364930444093
-0.784891623926	-2.44170254808	-2.28047976008
-0.335273071846	0.577672362793	-0.744235586734
0.810148807004	1.30120689192	-1.74584019284
-0.68896326097	-0.260365726348	0.676416523731
-1.51015170681	-2.14734027999	0.830112188627
0.799348518312	0.124569431606	-0.587813238182
2.43692931474	-1.00269533422	1.00460034461
-0.463234615939	0.13551676493	0.875813277485
0.758216030332	-0.863409124919	1.21597954612
0.69165615258	-0.270297625869	-0.669739471771
-0.806663607449	1.14320625712	1.09473863433
-0.563269451378	0.776236692715	0.283168010247
2.07712167034	-0.357710612122	1.20097996001
0.520764497224	0.325045704881	0.789398269677
-1.5411544895	1.79108536599	2.49627848739
-0.652153092927	-0.53285808924	0.539220363225
-2.15381476443	-1.022261243	-1.82222104299
0.450092797093	-0.218608124884	-0.865810003257
2.36492250003	2.04438938081	-0.125934976254
0.36283342012	-0.904187156536	0.225382996695
-2.32860069613	1.59149401409	0.33792816397
0.455694366203	0.686823650068	0.566229563267
1.25392598492	1.49214165341	-1.15699056544
-0.519178301332	-0.471750068471	0.71267507626
0.967305760045	1.06219873517	-2.1288904046
0.591841303013	0.624072865484	-0.510153830343
0.636253910493	-1.48912178452	-1.966494724
0.0221846096409	-0.786422853043	-0.617289996118
1.83885719951	-0.674367254624	1.94534948569
-0.611077879913	-0.194385990504	0.767331682766
2.3178967624	-0.618348359954	1.42872321263
-0.590485204666	-0.738618011929	0.325224008224
0.0795348384433	-1.02108273048	-1.89148271862
0.844680253057	-0.292671800575	0.448172385633
-1.84930791382	-0.679605835788	-1.37476604137
0.647002920994	-0.235752120556	-0.725126304777
0.0137422290484	2.28401394557	-1.07339230234
-0.282350986948	0.882705339722	-0.375645049743
1.31188480046	-0.391737768802	2.41035819868
0.0715836987391	0.470166793045	-0.879669802137
0.919966073055	0.341584425195	-2.14549696806
-0.188046866194	-0.66301651265	0.724601600929
1.37011261301	0.523155137299	0.820765034837
0.973706171318	-0.178194473124	-0.141926113472
1.67986189304	1.52971949938	-2.06561553233
-0.839585275319	0.488589777085	-0.237437560625
1.70989914984	2.47558546331	0.101462199767
-0.69826484684	-0.68334861221	0.213215566643
-1.77290455599	-2.03317113185	1.14716991674
-0.560139617095	0.183722632348	-0.807768285911
-1.74957499318	-1.77873207798	0.405567518087
0.961456895628	0.152608833319	-0.228716378606
-1.3464449428	-0.309619329418	-1.04296481057
0.778137169876	-0.0528541216696	0.625866588564
-1.51425212293	-1.06799059552	0.0666870716674
0.0792530318785	-0.461889309574	-0.883389621084
-0.93948196739	1.69692973091	2.0804476076
0.809631335185	0.238645177484	0.536232766949
0.960141326518	0.810169605759	-2.00223947137
0.636683325806	0.768799634779	0.0598453356901
2.12076747701	2.21350991896	0.0922938043579
0.422064968766	-0.0920454507299	-0.90188070006
1.07649902035	-1.93638420225	0.404004727013
0.492878018313	0.0248129915464	0.86974454555
1.63531940189	1.54064816034	2.48676364196
-0.722476211135	-0.679730689127	-0.126468630904
-1.17350322626	1.06718850483	-0.323332765077
0.768760188472	0.284383278414	-0.572829750954
1.62869356275	-0.200906003783	-0.210849319673
0.736122625755	-0.224303443582	0.638601162736
-1.55193301371	1.06257942169	-1.74036514603
0.166670532096	0.939595512719	-0.298966898183
1.95808679334	-1.61716523192	-1.67323096578
0.758856613028	0.648371810688	0.0612424360147
0.492912271229	-1.39535890146	-1.84302582821
0.642477213331	-0.492564273859	0.587029357416
-0.220518872515	0.88595420594	1.20431488611
0.26775408681	-0.843225059029	-0.466132222467
-0.2147449001	-2.0605008073	2.1733732856
-0.160076062294	-0.976328309831	-0.145460254721
-0.227534424271	1.83056008056	0.4109074998
0.506957232077	-0.114008715904	0.854398254646
0.843142643338	-0.0666928383575	1.05322335748
0.00545854684773	-0.84377612307	-0.536667549236
-0.362423212723	0.785402787353	1.09903461178
0.531369079918	0.80359994764	-0.268093314089
1.10142103928	-1.51049205279	1.7629013879
-0.0667034811986	-0.702077604231	0.708969451552
-1.94034310569	1.24643190758	0.883935833906
0.422829974304	-0.901709334647	-0.0901947262334
-0.891130796887	-1.21581148453	1.02094003354
0.616617025617	0.664036318412	-0.422893853761
-0.313400486901	1.2813603519	2.18424464428
-0.77433105893	0.346314310159	-0.529601557546
-0.189249573632	-0.890098233619	-0.87723646819
-0.224098682905	0.432017476512	-0.873579235278
-2.49163988942	-1.40013541745	1.79322074528
0.70032114422	0.11542673999	-0.704433788694
2.42663949689	2.16780872191	1.85490861617
0.0080464264432	-0.999370446948	-0.0345537955633
-0.689093334653	-0.773750786146	1.76596232197
-0.177777052981	-0.845213057599	-0.503994252644
-2.13358740783	-1.60307529139	0.565975104193
0.083916786294	-0.969317881812	-0.231042889908
1.9783525208	-1.43211131515	-1.27270122594
0.727332392691	-0.386233287516	-0.567284265741
-2.0754021219	0.723917297143	-1.13916398917
0.243795471759	0.824102561815	-0.511291243383
1.55681099207	-1.77741385284	-1.46305430057
0.544354488001	0.0871041437093	0.834320717436
-0.517242002078	2.09189547866	2.07843669438
-0.353359624778	-0.560484043603	0.748995735932
-2.12534176656	0.0963297238352	-0.173325454748
0.536151566608	-0.620168222374	0.572654235627
0.420885922361	-2.31446545512	1.11141104213
-0.24742560574	-0.315221334732	0.916196529001
-2.03363988788	-0.8736557547	0.78702489934
0.785154937251	0.577539539835	-0.223561634537
-0.548866913321	-0.116791463576	1.37817313973
-0.0577444093589	-0.628855276945	-0.775375150393
-1.20072402067	-2.29165800173	0.967400828391
-0.80515100979	0.482659988318	-0.344631958922
-1.42515979319	1.35858372412	-0.692577902119
-0.702979031696	0.685659388406	-0.188922428755
-0.56061693834	1.02772381674	1.73509005341
-0.775527083627	-0.0759820795912	-0.626725191884
-0.72905435356	-0.929029097811	0.508695010044
-0.496879574218	-0.0712915488999	-0.864886237479
0.536387068485	0.893351521207	-0.837336963138
0.572021025113	0.819214976774	0.0409727794895
0.465433581917	1.74937230574	-1.88493832341
0.945160945329	-0.309880423361	-0.103174176236
-1.60425001878	-1.74500237293	-1.73935153815
0.701990065978	0.552319981791	0.449613817607
-0.0590984204953	-2.40524726197	-0.0439165362902
-0.0545814245829	-0.993367809666	-0.101199124555
0.0898675354106	-1.53384336551	-0.856311436407
0.502024486297	0.661142566667	-0.55754992754
0.463989306088	0.469580497584	-0.0195709285598
0.0449192446696	-0.980045138352	-0.193633127981
0.729976831992	-2.38189809029	-1.40062096847
0.304986043229	-0.684034839864	-0.662631006886
0.821020450094	2.30878168329	-0.556334156241
0.508557778955	-0.835873869556	-0.20660072521
0.14310808349	-2.39139818594	0.330207548524
0.504775529958	0.4250981264	-0.75132765641
-1.89221932044	-1.88876248617	2.10227861283
0.456607042745	-0.640764217195	0.617196262528
-0.770539327352	0.922301149987	-0.583441761734
-0.344853624582	0.31054393365	-0.88579819535
-0.916291817618	-2.13826536399	0.857946584332
-0.0524380755345	-0.984704321833	-0.166155489822
2.06014840369	1.486078355	-1.26591325681
-0.550859930728	-0.340483346237	0.761987157145
2.38092064828	0.318719025504	-1.43838680518
0.0604627944131	0.927864133406	0.367984239377
1.69855239061	-1.6017880247	0.752274058282
0.402269752765	0.880453074512	0.250961012096
-2.43925928091	0.225933034198	-0.0844845055826
0.43998443186	0.182974768527	-0.879166613221
-0.785596174006	-0.452021025246	1.40556654831
-0.400236719603	0.7344411655	0.548093735323
-2.16722734993	-0.99019961535	-0.725790292584
0.702525778089	-0.611405683393	0.364198601638
-2.22034098737	1.35570589181	0.88007274703
0.75798215229	0.462668769879	0.459783281763
0.228122493103	-1.0711999208	-0.593482371685
0.743497263747	0.576591915721	0.338752980099
-1.46392773013	1.48821898751	0.366530124
0.448296937908	-0.404752049211	-0.796997888405
1.91442492002	-0.581013348246	-0.433066517964
-0.59287513333	-0.642743203875	-0.485160025303
0.519198946551	1.5613556107	-0.586356399039
0.0156353132161	0.982277372278	-0.186779819283
-1.3776853424	1.34911401269	0.682019949274
0.181336826835	0.844056620003	-0.504663628035
0.142918957511	-0.200926986089	1.66004380699
-0.823184253819	-0.499295809902	-0.270317181248
0.470008382358	-0.981374116377	-0.933740466073
-0.37402189774	-0.204487516122	0.904595199944
-1.73648073889	0.981906384023	0.597836377158
0.728447611747	-0.603081632196	-0.325048645356
-1.69413114351	-2.12023908662	0.914959233771
0.654174517711	0.201327972375	-0.729056066374
0.387743138321	0.397907847058	1.60839606992
0.549779388894	-0.659979234952	0.5120254222
-0.369695931162	-0.83390449661	-1.07282713325
0.71116993768	-0.683560633762	-0.164262532889
1.0291081247	-1.77183853648	-1.29703405251
-0.842933942092	0.0254024945878	-0.537417047123
-1.48862653414	-2.1898211804	1.31164739678
-0.0944384047414	0.791845494405	-0.60337558842
0.137290675461	-1.19353773747	-0.383473231397
-0.53037886932	-0.593255772049	0.605595445747
1.74062060285	0.727811223214	2.48148122956
0.25733440296	-0.891465255893	0.372919163611
-1.94800759798	-0.935682836428	-1.60601602033
0.320840012487	0.295158970418	0.899968259757
1.53922351118	-1.50607326328	2.35020309433
0.503881115134	-0.860529404399	-0.0747861349209
-2.36792882631	1.51252482245	0.149763589451
0.819510491677	-0.476575107232	0.318243179342
2.35707422515	-1.6646515485	1.73677101517
0.328243370806	0.907271382644	-0.262897180962
-0.0580183406061	2.34145456621	-1.25428803875
0.624508805954	-0.0300485944602	0.780439512875
-1.52836117604	-2.30053422958	-2.40297726499
-0.278883022335	0.603467095399	-0.747028596926
1.99286059177	-0.643224247022	-2.20338727658
0.785659823869	-0.576082339307	0.225538864713
0.137378348195	-0.698332971545	2.2703157251
0.080842610419	-0.53787007333	0.839142572247
1.70613110282	0.233880035191	-2.36972750859
-0.777995587764	-0.467517131915	0.419702986391
0.119143588287	1.73484086658	-0.425773338605
-0.238665858577	-0.65979812687	-0.712534237583
-1.30377269093	1.0682400934	0.977420202521
0.671305885838	0.634515860084	-0.383064003713
-1.28940803989	1.37287095313	1.63081446254
-0.629953020763	0.570052265242	-0.527446306769
-2.45873098248	-0.9536628506	-0.258955573452
0.383420784441	0.920831222565	-0.0711221597535
-0.0392656911678	-1.54685452108	-0.172422110981
-0.310754421282	-0.888905970282	-0.336567772745
-1.39455212601	0.68969086946	2.32673491064
-0.383469476001	-0.523352599671	0.760955463476
0.293960659499	-0.294455452959	1.41199602047
0.177166526642	0.26609870183	0.947524935145
0.982019080308	-0.471634236257	2.3285942813
0.462938255064	-0.783605236756	0.414307862497
-2.24714992438	2.4256688381	1.09973402235
0.149267413029	-0.210223367099	-0.966191169145
-1.87082249557	1.40426756436	0.318816873946
-0.61323097721	-0.788503160473	0.0470163217846
-0.340052771078	1.32346040799	-1.09769416541
-0.43792742863	-0.281341632535	-0.853853882732
-2.47620702015	2.44784093684	-0.271883041872
0.612697297021	0.134600403866	-0.778771310143
-0.00479926895704	-1.55356124377	1.18147770738
0.446778390284	-0.834628965691	0.322154558566
2.29632188497	2.43577239759	-0.172906739259
-0.497385039167	-0.829998906055	-0.252408277915
0.512935287785	-0.848131733598	0.329762651082
-0.208792201785	-0.568702173802	-0.79560269858
-0.209627368296	1.70954537747	2.38335599197
0.560714372014	0.0334922558904	-0.827331651644
-1.25503889154	2.33969957536	1.87931762377
0.280924926831	0.191194197108	0.940492405327
-1.78335050539	-1.12306064197	0.723806071205
-0.509941375457	-0.787253471699	0.346686839806
1.17320945417	-1.93393642798	-1.5705187463
-0.0951441509123	0.980693509324	0.170844465281
0.649045192261	1.0370166362	0.42902783223
0.417818613473	-0.896400040007	0.147968153709
-2.17867668463	-0.579816355922	0.309825592395
0.330940230948	-0.245148922086	-0.911252198648
-1.88865231914	0.717366860474	0.0345207616812
0.500120757589	0.864950602759	-0.0417095026917
0.0114386791995	-0.269106756503	-0.929530134997
-0.127276065375	0.742890786025	-0.657201706649
1.05743044457	-0.573550754887	1.32570115702
-0.513585084356	-0.688555039725	0.511978826122
0.628522266725	1.40831464262	-1.39670910064
-0.82823632072	0.289529641593	0.479788686486
-0.126279623589	0.487043645716	2.10286116131
0.484409873333	-0.793540902275	0.368293240549
1.75841063393	-2.04181821006	2.48480340288
-0.107706115985	-0.757947736295	0.64336196781
-1.79648302434	-0.213601128074	-1.82569588473
-0.701494233761	-0.35903453354	-0.615629794378
0.175946964531	-1.25382216438	-0.734901730883
0.132503960775	-0.812750651478	-0.567343880642
1.10592794467	1.15809567862	0.28898555269
0.981079261469	0.0924197361222	0.17012370526
0.861922813464	-0.445795861785	2.01921507875
0.352281108258	0.131786769555	-0.926569084383
1.22187294092	-0.577825206236	1.20514965565
0.0128698855035	-0.76522482524	-0.643634471484
0.140236163074	0.441747991762	-1.97236213704
0.62900761968	-0.715580951879	0.303798149589
0.726086849152	0.233735863238	0.573061339571
0.840034734367	-0.129393996624	0.526876492827
0.691484798841	0.0471800353633	0.488445155508
-0.699546142025	-0.614436450302	-0.36483289835
0.862219593922	-2.30196016377	1.84465922905
0.804827821941	0.587731716759	0.0826051217839
-0.269472727307	0.73087525587	1.58973879039
0.897006948534	-0.354762059405	-0.263671036497
-1.12348274595	1.14866978091	-0.599387645199
-0.505057180267	0.811724156609	0.293293604154
2.24956073774	0.495960434574	-2.47599141591
0.534195393527	0.544381532756	0.646748813937
0.23157728851	1.52955594271	-0.00427597205543
-0.437704484755	0.890484625655	0.124305733971
1.49394936189	0.488904478597	0.347360558999
0.0660323609265	-0.817223854814	-0.572525019919
0.394018858738	-1.77181776358	-0.71780530333
-0.118395441426	-0.324502597152	-0.938445834287
-0.585117906374	1.90096390181	-0.470767946146
-0.508082812985	-0.648912369348	-0.566360832029
1.60942399536	-1.50382002962	0.242658576774
0.686851128027	0.119995725509	0.716823934999
-1.33169085773	-2.08141566425	-0.330510245147
-0.593293275097	-0.427365501874	0.682174330749
-0.629091246663	-0.85332884984	-1.72838561313
0.596782510775	-0.768248147272	-0.231614807487
0.0809354428634	-1.35865943461	-0.280108643804
-0.162159671817	0.528337117511	-0.83340514223
0.143616901507	-2.42061714106	1.66587975745
-0.216655748495	0.961305674359	-0.170151952941
-1.36500572025	-0.385073735499	-1.30575855776
0.561201087571	0.499922182825	0.659644715305
-0.696701592077	0.27648325941	-1.07386984368
0.189427688102	0.666482871017	0.721053211366
1.41613438008	-0.972017641844	-0.705619990551
0.149098630114	-0.904675842238	0.39916314831
-0.408702301481	0.589610201001	-1.40728499453
-0.738868036567	0.0719255990421	-0.670000546822
0.449146457076	-1.30918701918	1.37887836184
0.485581961993	0.822852277866	-0.295168235075
-1.67118733942	0.133858885161	1.70989011237
-0.365173122018	-0.423290988751	-0.829140114696
-0.580283760505	-1.2310227539	-1.40971858339
-0.450260311527	0.689792332179	0.566967539045
-1.45395009156	-1.0425853345	0.564032012374
0.386926631633	-0.290018973044	-0.875315244359
2.08517390296	-0.490496174971	-2.06381323701
0.601329410372	-0.173227866119	0.779996824751
0.533446159292	-2.30955999872	2.13446052288
0.717877001779	0.6558259277	-0.233548630638
0.356911288568	-2.15610611939	2.48198941553
0.614160128421	-0.624779677334	0.48213866413
0.500577606435	-0.0992313568137	-0.545285566816
0.683976298608	0.35835491711	0.635419685189
2.12202375482	2.06889561295	-0.474253866254
0.188696043916	-0.57040748915	0.799392956769
0.189672663211	-0.92542417954	0.0396102206906
-0.413952667713	-0.596377797073	-0.687733023819
2.12932977227	-0.219151771865	-2.32223098627
-0.13882402873	-0.771451790242	-0.620958955471
0.278015487203	0.915372320078	1.28838596791
-0.413819671167	-0.659346484212	0.627706534547
-2.08596670176	2.23124371595	0.719776360157
-0.267358708067	0.4084813453	0.872732669128
-2.46301357132	-1.8444165295	-2.03583210928
-0.785700239052	0.408793103053	0.464287985252
-0.84107560821	1.30042181364	2.29701579928
-0.813103736961	0.245187285788	0.52796354782
0.755626262421	1.56257027069	-1.36134521445
0.802552172838	-0.466614153431	0.371727375493
-1.57868697835	-0.123105894386	0.0119284348231
-0.379942198302	0.739599840789	0.55555017906
-0.776866945761	0.924051019044	1.69397663814
0.513751731003	-0.53732419355	0.668836205597
1.40848316627	0.151168050291	1.71560730093
0.207729796538	-0.883282434016	-0.420309972984
1.36042338753	-2.00973281493	2.42704478226
-0.361783717778	0.182488045155	-0.914226807158
-1.85530508748	2.42982855247	0.264249801298
0.251756330294	0.548309582218	0.797480628106
0.442344098818	1.59551286631	0.0609550670995
0.892709377365	-0.310407418008	-0.32667598995
0.505824178845	1.2019154237	-1.39700732747
0.270448963991	0.611221582176	0.74381821392
-1.38574164526	0.0933804924798	0.188663504752
0.313929598586	0.914642556799	0.254710032043
0.507198940034	1.98334873163	2.36556686239
-0.647804613392	-0.677360294704	-0.348614707129
-0.377968568772	0.677705758993	-0.440119994831
0.674625677585	0.147724265747	0.723227306213
0.889695639124	0.472326959696	2.43697612017
-0.506613870301	0.503884287397	0.699602037829
2.28776772897	0.511396656198	-2.09682239961
-0.93368354937	0.354535138501	0.0503970753598
0.848417833499	-2.43432644589	0.446615132584
-0.749162713759	-0.408672863077	-0.521288518287
0.279475877035	-1.60187632859	0.150058877646
-0.397138035936	-0.382725629488	-0.834147752467
1.98126058561	0.927230705197	-0.144825276933
-0.959787713688	0.0688904630392	0.272142699253
2.00860649337	-1.43384230841	-1.75940038591
0.0834944205575	0.829359903662	0.552440794958
-0.861686272715	-1.28175372175	-0.0968652582544
0.710120432855	-0.651632725359	0.266652886884
1.19980500515	0.450676436829	-1.88915338194
0.506626103861	-0.528139556932	-0.681467973782
-1.27250310718	-1.33812810472	2.23449745445
0.627298008218	-0.429661595316	0.649529154385
0.595334553061	-1.76842597168	1.92332739157
-0.742875973201	0.640891715953	0.1933729476
-2.35791432205	1.93663597216	-1.78321256831
0.528606355679	-0.494565357632	0.689913348012
-0.37411946626	0.469774000783	1.304088332
-0.672785971494	0.626180897801	0.394026039483
2.14019115925	-2.05667654351	0.628576910852
0.553373433941	-0.832144811473	-0.0362333457912
-2.32136657674	1.13538886271	1.76364910987
0.669016431156	0.535594994876	0.515320304575
-0.41065769928	-1.29375060522	0.847691919847
-0.246314689052	-0.669843559336	-0.700456051422
1.95798487819	1.68297112814	-2.17246622839
0.236109519462	0.480633655466	-0.844537497127
1.27309558598	0.538723913667	1.87077017394
0.546136850585	-0.675689823191	-0.49515432268
-1.69943070227	1.34377112933	1.24161158613
-0.762806660752	0.29349982434	-0.576180398334
-1.1369867972	1.74536409405	0.958232368753
0.465422528062	0.554428340116	-0.689921072333
0.906153046316	0.0281381027716	1.57661130155
0.0771361669115	-0.441238550583	0.89406853945
0.308431617235	-2.49497848424	1.15111451325
-0.27421455619	-0.650292564786	-0.708467329774
0.94248807991	-1.10710971605	0.285610982966
0.551670451341	0.669158481662	0.497882154266
-2.24718854002	1.1510554099	-0.723451559701
-0.737599184482	0.105339712827	0.666971504603
-2.30992133244	2.46175769428	2.32029912795
-0.41417191611	0.835428963593	-0.361275615971
0.536002019601	-0.151258967263	-0.136013259427
0.623228302856	0.697075430428	0.354502929202
-1.62469617531	0.208849120553	1.3388596931
-0.485141873475	0.386874105251	0.784197544811
-1.76768223065	-0.631416365337	1.69512769415
-0.00116947827795	0.986301146275	0.164950541609
-1.63153390655	-1.8205395253	1.81125087816
-0.281086253007	-0.93269808444	-0.225975223536
0.959477978561	-0.385673380371	1.33633720381
0.536443791467	0.585910483744	0.607401813988
2.44862066911	0.935646182657	-0.0230118316481
-0.483816616552	-0.702036182613	0.522557824409
1.79214682759	-0.505624595452	1.7669788372
-0.672772847593	0.61038362065	0.418101101629
-0.97863321762	2.12116662905	0.0125043371001
0.471604537426	0.468563894162	0.747018766409
1.74813184734	0.227416235695	2.43890587863
0.0840658733597	-0.750127597976	0.655927980567
-1.90071578594	1.04152449786	2.19476824738
0.503647765525	0.699990249142	0.506312728843
-1.70040486822	-1.94834178883	0.714804160803
0.357973427467	-0.928819397917	-0.0956532868289
1.75050092077	-0.564821986018	-0.118359720667
0.603758541156	0.312804621575	-0.733231813755
-2.47908368754	1.12832783398	-1.9908203796
-0.101289033137	-0.873162469432	0.476789087272
0.791650141385	-0.953714934529	1.41988923194
0.651208123838	0.599098272977	-0.465842504247
-1.91757330436	-0.891700271477	1.71870077075
0.840223490772	-0.420971977175	-0.341770507781
-0.522121095917	-0.188578285789	-2.30537551789
0.760550626249	-0.625613561056	-0.173696335987
0.126666235601	-1.36569248198	0.734122689366
-0.799285198897	0.591579402953	0.105721241133
0.167629527854	1.47942869978	0.90463278214
-0.8021036857	-0.5871489473	-0.109021975172
-0.0342133893228	-1.14404592216	-1.41580529787
0.214905151749	-0.898304975983	-0.383228320818
-0.594656924508	-0.594662101534	1.14496367328
0.704565381074	-0.640489686239	0.305549645087
2.30650888014	1.0652389364	0.621561693524
0.88765271112	0.262980001716	-0.378039922678
-0.0181247358149	-0.841358209005	-1.64756486417
-0.281233869263	0.473197740208	-0.834860113697
