960
3.05565390568	2.70466485522	0.583690188994
0.668042197488	-0.734770856411	0.11760701911
-3.1851342113	1.16222933899	-0.99646017014
0.235054129872	-0.23989253029	-0.941913546957
-3.30107809898	-2.80145003919	-0.727353650734
-0.470383871776	0.395273913179	-0.788985137207
1.63479283926	-2.4008052042	-2.15847467679
-0.701180875454	0.112457565446	0.70405871621
-0.516834029268	-2.31063690192	-0.341162465568
0.403408874637	-0.58228776868	0.705834424146
-0.494418718593	2.47353214319	1.02234012717
0.65637606367	0.0779640839754	0.750394605958
-2.55487061427	-1.66970594768	-2.97427466284
0.806569527942	-0.455821311459	-0.376394113416
0.783967895968	0.5688054855	-2.22664156094
0.745515410789	-0.633992729592	-0.205572350039
-0.42888223885	3.30134720993	-3.29153406324
0.755714554456	-0.567505817856	0.326852656227
1.8978076458	1.20806348865	-1.53460471362
0.750633913622	-0.500843057222	-0.430934983209
-0.498627048849	3.19594811612	3.2515533558
-0.446735915738	-0.38401692848	-0.808058178741
-3.05532353349	-2.11719959707	-1.15658731704
-0.226956736702	0.226663142421	-0.947161263742
2.42686579528	2.64423245956	-2.88781218327
0.802566893816	0.0956809237841	-0.588839147624
-0.0846980885031	-2.48086913505	-2.74485206038
-0.0686314501543	-0.636590495089	-0.768142086864
0.847031868619	-1.05618860591	2.26576550039
-0.484724924255	-0.245327108074	0.839557239174
0.759310164748	-3.10639402506	1.41834451206
-0.616862826752	0.783657780467	-0.0732170477717
-2.66150092199	-1.21515485408	0.661067435488
-0.48044407632	-0.869176873625	0.117068577695
1.06475642834	-2.63711864391	-2.19957971569
-0.499530930729	-0.745283061039	0.441612961963
1.15742162916	2.35736710364	-3.04297277559
-0.163602252801	-0.732897597335	-0.660375207514
-0.916389611809	2.33120083369	0.217318912128
0.230159919989	-0.751929451647	0.617760884952
-0.75038051718	1.31633161575	-2.65986134264
0.58108736302	0.599948211621	0.549908737802
0.16791551018	-0.356664979235	2.73706827962
0.668637139074	0.224070166947	0.709025342661
-2.66934690414	-2.02211819388	1.59987995945
-0.44570742162	-0.75601408315	-0.479361659285
-2.47038110523	-2.83733621747	0.448862269705
0.0793015328275	-0.627420808443	-0.774631780929
-0.751808916096	-2.59019638956	-1.37006110361
0.243399217062	-0.760683948014	-0.601761374938
-1.67256055238	-1.97942368619	-2.51607063987
0.792534305227	-0.532379623741	0.297424463121
0.458638794713	0.757698802938	-1.60117915923
-0.842675774965	-0.357442954895	-0.402656270637
-3.05676364672	3.12230867291	3.12272882993
-0.0088722643995	-0.126936028171	-0.99187122535
2.08696335896	0.761177339693	-0.645358211499
-0.837055350193	0.156837172763	-0.524156886774
1.21489388225	0.553078836822	-2.63432303785
0.342990745156	0.807460497363	0.47996342979
-1.18448681519	3.33372117849	-3.13620548981
-0.572617525231	-0.447945055242	0.686625368948
-2.47926169353	2.98682783736	0.725895640545
-0.158620934318	-0.711821313251	-0.684214744943
-2.58452662915	-2.06241616863	-2.77641856573
-0.107673810194	-0.226303818984	0.96808725439
-1.54290658017	-2.36202827867	1.48088970302
-0.254843295238	0.708678563743	-0.657897855417
-0.687727328926	1.85428620087	-0.0922689143641
0.94156528588	-0.0387744879901	0.334591320131
0.831306340466	-1.59221456985	-0.896337427927
-0.530736601544	0.512798355157	-0.674801086788
2.13201600985	-0.242450582422	2.32118320437
-0.635595842211	-0.7333213815	0.241366271047
0.463824604623	1.62321321536	-2.05080726283
-0.734810474348	0.487087940034	0.47201578942
-2.46161385471	-0.098599881435	2.10764533157
0.529777058968	-0.787483971297	-0.314968669461
0.104039426048	-1.93685353551	2.7929741441
0.677383167485	0.547453265294	-0.49137253355
0.0809063803326	1.64389291256	-0.985022378923
0.955391136025	0.115433639882	0.271850789935
-0.419955599454	-1.54544203596	0.0066931461443
-0.610000773036	-0.578061589845	0.541981415955
-2.02072234714	1.62333911515	1.43374113543
-0.00960259095284	0.903280372983	0.428943303982
1.74864096962	-0.597999570013	2.2668733178
0.779814319278	-0.595762044727	0.192242590262
2.49071184344	-2.49990168609	1.36416201431
-0.538620505579	-0.146067298207	-0.82979051294
1.44064381138	-0.165174770608	-1.41322901478
-0.643302461539	0.376398119509	-0.666698131547
-0.472541416917	-2.74623576443	-1.45703011069
0.785837534802	-0.554046648457	-0.274757493493
-0.612282164599	-2.7030108594	-1.80094929412
0.433241991831	0.122664435238	0.892891265968
2.3365312986	3.25622961118	-2.00928189561
0.790928867561	0.415509463155	-0.449203086018
1.17278688735	1.58899298684	-1.53822476392
0.511930017769	0.0695810094461	0.85620449662
1.99559882447	-1.35483767559	-0.691040095161
-0.871506981996	-0.0367533243531	-0.48900385835
-0.024349546526	-0.493888347527	2.67750454916
0.677539860882	-0.47235621581	0.563754682732
-0.579332248178	-0.224330360764	1.1439988518
-0.518677968087	-0.848940466859	0.101357037989
2.02844493409	2.30466354182	-1.16529669153
0.601075707215	-0.790848816993	-0.11517874308
2.91407112962	0.19496153791	0.00501452968644
0.569920523021	0.616468439593	-0.543283775227
-0.61332990482	0.045023723113	-3.24903555976
0.600370044873	0.00394123802414	0.799712620797
-1.42469097859	0.89577806468	0.26844264427
0.784672640383	0.619195042109	0.0297715848192
-0.568204095524	0.0378709397083	0.992562448719
0.16075115899	-0.905522573591	0.392667713979
2.90514819549	-1.31460718142	1.25539332781
0.469013429835	-0.83200936028	-0.296288418674
-0.827087442206	2.80894709664	-1.74746877606
-0.67690290934	0.660499142025	-0.324874336801
-1.40604465521	-0.121834384194	0.687069587296
0.463811874068	0.848285837716	-0.255518459224
1.60227071751	-1.41383564689	-2.45719202088
0.134077359779	0.518239891022	0.84466009551
-1.26275221158	2.54973593757	2.012578042
0.623321794475	0.721187706709	0.302255243501
-0.873163577392	-1.94203892568	1.2806349292
-0.506258127438	0.107731428583	0.855626465052
1.67214204959	2.27791216406	1.98499973506
-0.550109304074	-0.768735083409	0.326230171976
-1.55941384551	-0.326740121283	-0.797674005778
-0.784121297794	-0.506335515716	-0.358856706599
-1.731231414	1.1534799989	-0.615402698507
0.0150235455059	0.311483795146	0.950132695176
-1.40003653226	-1.96105400993	0.411542150327
-0.605602828283	-0.508866420674	0.611800768458
-2.79124488305	2.67402757982	2.35311134625
-0.288088779027	0.239099348905	0.927273614826
-2.77017093379	-0.884724507593	0.576391560261
-0.987755489344	-0.0905948622057	-0.127010488594
3.03788264543	1.30102106241	1.58510890528
0.0760654263894	0.967258879004	-0.24212457929
-2.71863952401	3.09866334542	2.67508849442
0.0241759959661	0.748337991679	-0.6628768901
0.672414415657	1.92046368924	-0.426252173747
-0.944763568918	-0.114830028766	-0.306978604042
1.70611999649	-0.683507530417	0.621946191139
0.194331393852	0.317991606102	-0.927963710396
-1.76706025218	-0.533903244517	1.76208642089
-0.621091621698	-0.526246324697	-0.580783955701
2.84679017825	-3.03794199824	1.63703865216
0.219554037411	-0.10891525648	0.969501671769
0.48860625717	2.7416715821	1.74074816239
0.439039353077	-0.283569987405	-0.852544725333
-0.439677983967	-0.514178619963	2.8455185304
-0.25097185546	-0.913388862514	0.320521315362
-1.26774042574	1.05825309237	-3.30336637104
-0.733522776059	0.635978877587	-0.23973986791
-2.55645164802	1.98891476597	2.76492963499
0.622625640336	0.432193423632	-0.652338988997
-1.7747062075	-2.758901953	2.67306294803
0.831780513329	-0.53238274177	-0.157193491948
-0.0302320813267	1.06098290363	2.06425350654
0.660306211736	-0.194005668781	-0.725505001515
-0.926335907293	1.34214532602	-1.6158839993
-0.324755844689	0.0489514339069	0.944530252802
2.46570176077	1.17279044087	-1.2071866281
0.992016768397	0.11001420634	-0.0616409411299
-1.78828262766	-1.90421710736	-1.38338479372
0.511796561258	-0.29527031962	-0.806771168446
0.447978455622	2.87855890656	2.66397393289
0.549738362253	-0.62682459836	-0.552158180197
1.715376195	-2.19900743764	-0.0479527306648
-0.946652925235	-0.180156899543	0.267192310316
-0.151556436693	3.1899820316	-1.77295524887
0.594931993207	-0.62724810863	-0.502608927178
-2.77768465183	2.47640740417	-2.33139613069
-0.10324763506	-0.38906132293	0.915407675768
2.11371740764	-2.39816766179	-3.17420678097
0.337658101793	0.491046979235	-0.803031674642
-0.379446200642	0.244955556018	-1.80056738358
-0.00372576064258	-0.426979319641	0.904253714013
-1.40293647948	-1.78874557826	1.12775721681
0.490852207791	-0.450285393348	0.745860023492
-2.06546436947	-2.39682002192	2.59822561855
0.789081075086	-0.502365676602	0.353524799573
-0.675539556603	-1.39680558085	0.430633157807
0.625432189719	0.763638095685	-0.160285479323
2.94855312026	-0.447611762284	1.66837813413
-0.745263763672	0.325124924043	-0.582130317304
-0.278538160709	-3.03036608782	0.940639707545
-0.39031070033	0.117040294449	-0.913213625984
2.8836079088	2.12123154913	0.596048857725
0.018869926345	-0.993003494193	0.116567518633
-2.06652886215	-3.21197669324	-2.11382942779
-0.785069875972	-0.0227416090849	0.618989587196
-0.533114750595	2.66944499381	2.52691270565
0.632009468429	-0.314539507302	0.708257672152
-2.10630449992	-2.50935630916	-1.23050561846
-0.242739281359	0.827560022058	0.506183811651
-2.65521890502	-1.36128792069	-1.48460584041
-0.92377310537	0.135241955166	0.358263678535
1.91107359439	0.819395703554	0.575887231343
-0.867033245604	0.366656750153	0.337366534476
-1.28330247709	2.04325384641	1.76411982664
0.548304331562	0.609334758829	-0.57277701741
2.78012679892	2.10557335851	2.43967542351
-0.114608366167	0.96438354282	-0.238388977814
1.68611716681	-2.19457901436	2.95195343884
-0.696711726198	0.507513962625	0.50697371561
-2.2939398038	-0.427248528283	-1.48344186087
0.678068470993	0.231881428263	-0.697462652671
-1.75611186792	-0.500155816182	3.06826396362
-0.720862332641	-0.483442150821	0.496629826117
-0.983106546954	-2.95829987003	2.18295551211
-0.210165804636	-0.874038904185	0.438048317579
1.75831748207	-1.48632499114	2.01992257737
-0.164955279981	-0.437590494239	0.883914201129
2.35183343205	2.06719612576	-1.21170399375
0.690461407036	0.722524050884	-0.0349577071478
1.36826430788	-1.63073525655	-1.75652533362
-0.818705128424	-0.30276854403	0.487906877835
-2.49899389876	-1.04499736006	-2.60285163701
0.740435268941	0.151308370989	0.654875094485
3.23112604268	-2.14008821916	0.928038812859
0.817374888677	-0.370494689272	-0.441171142054
-1.45288781079	1.46560209048	3.12884184467
0.803073526796	-0.569077984576	-0.176700758432
-2.81599660107	-0.0504909872793	1.76623960492
0.737191276629	-0.301442156246	0.604716171522
2.47365962814	1.98530593667	1.04331163155
0.884830742244	0.434721468566	-0.167606092811
2.57383776977	1.33237958111	2.0286499008
-0.568296886869	0.754394348954	-0.328523689619
2.28926153771	-2.58783561829	-1.46662367137
0.828272285747	-0.15971247578	0.537081879926
-2.88673116625	-0.897493511084	-0.665009217203
0.217807592539	0.570401237138	0.791961035218
-1.80947080464	-1.95610317141	3.08394429267
-0.0864211084394	0.996209496471	0.00990106848822
-0.440160028225	-0.590436749804	3.0982252599
-0.777590132774	-0.0325234006152	-0.627929784152
3.32524635779	3.34319350639	-2.48040910506
0.213149062238	0.772124880784	-0.598657369237
3.25633938089	-2.40569303929	2.46695545787
0.119786153866	0.825806203996	-0.551085647412
2.39753528757	1.14577374429	0.832176854329
-0.474556999637	0.617719110239	0.627071570828
-1.31903576415	-2.73591004815	0.352827448067
-0.123532492763	-0.0375369412216	0.991630324907
3.07312514244	-2.14679735987	-2.29301872401
-0.743696512104	0.493148424363	0.451353663365
2.57137393662	-3.24311256451	-1.10344238788
0.705550778107	-0.305414320799	-0.63946867958
1.46792583492	-1.65467841429	-2.25138249451
0.635681197438	0.491625275904	-0.595158805124
-2.63143957512	-2.29807263706	3.2388280047
-0.406724893969	0.553787448563	-0.726563364366
0.816094230909	0.0985506663531	2.04376340641
-0.35133572055	0.505799903399	-0.787863991554
2.86981801292	2.13485026703	-0.926368451433
-0.136737944799	-0.983097000722	-0.121749832131
-2.78847566167	3.30691631634	0.421299571804
-0.866609165094	0.0153310975232	0.498751954807
-0.30297700111	1.03287979613	2.37523436398
0.934892555603	0.0530276040486	-0.350947264823
-2.06171011685	-1.69947672984	-2.05777897846
0.988598076011	0.106365729207	0.106584125263
1.9289876512	2.90588987453	-1.11206530627
0.822141390811	-0.438635780497	0.362880401212
-2.58614448031	-2.55852711435	-1.55746758245
0.551560586972	0.424997618694	0.717745040389
1.43136094974	1.08880409326	1.94014215699
0.212683604751	0.609564083067	0.763673564361
-0.0968367240826	2.93158378665	-0.635480747672
-0.388250394197	-0.23323395862	0.891551205458
-2.93766421461	1.31208516854	1.91051688873
0.636394032951	-0.433585206819	0.637970613157
0.151897007379	2.14999870734	-3.02242569137
0.546657175966	0.211667771391	0.810162135945
1.39021028999	1.78550135404	-1.94678740518
0.778520531994	0.490500461681	-0.391554693951
-1.25966896165	-3.31521995017	-0.364540469609
-0.422500596434	0.285521738499	0.860215428168
-1.49982324896	3.24747913788	2.35484164625
-0.666524751031	-0.503639353078	-0.549629109759
1.92036662132	2.93815883119	0.43984861521
-0.619682937854	-0.392586946114	0.679609112853
-1.66841457483	1.73990763209	2.0206448933
-0.410116826756	-0.573436559229	0.709207093134
-0.388432108197	1.78033563334	0.345813803949
0.456631748444	0.393164220976	0.798066000815
-0.288190595759	-2.14647339733	-0.299387383408
0.63539667108	0.278912070984	0.720054947236
-0.24297839184	0.921932170783	0.667785033841
0.689883475779	0.312419655219	0.653035028831
0.0825709075924	-0.723516994435	-2.15047871631
0.194639424835	-0.792912220048	-0.577412942008
-1.94335873488	-1.77413079086	-1.20973323432
-0.795005409397	0.387892404086	0.466375258651
2.23137324948	1.05696020741	-3.27966707751
0.832286977137	0.240854911419	-0.499286790666
-1.04502080776	-0.529828078175	1.29310217013
0.224699229225	0.41489838602	-0.881685650141
1.48290495262	-0.88112950313	-2.58755513855
-0.254897038148	-0.610205997125	0.750117418152
-1.53806369138	-2.65901623608	3.21131175661
0.0682234200752	0.842125029126	-0.534949530584
0.984377327626	-3.03417515282	2.86175845051
0.573875416347	0.700093790056	-0.424894918348
-2.97658946212	1.6549429293	2.97095269013
-0.241269462468	-0.688544535175	-0.68388264312
1.98179037779	-3.00585674718	-3.0056886783
-0.472488875231	-0.240297077832	-0.847945503654
1.46889147561	-1.27769727776	2.34810720701
-0.486547426173	0.675963726805	-0.553484093834
2.06411971389	-3.17695382001	2.9308489957
0.617327906826	0.730178322626	-0.29282396183
-2.75571719702	0.751012411303	-2.218019192
-0.86061204893	-0.383575379591	0.334987804864
0.551682626769	3.1027951967	-2.21503360329
0.502327070361	0.599970482598	0.622657959391
1.46890459389	2.18739374496	-1.24427931848
-0.762156430853	-0.528290402982	-0.374201583411
-2.88755984097	-1.54528639358	-2.32532696751
0.405312651413	0.0295579818842	-0.913700158866
-1.95307706743	-2.37608963312	-1.58991289234
-0.759000260169	-0.606677415574	-0.236349568427
-1.1221847704	2.90401194481	2.04464389601
0.488639393039	0.00955332290552	0.872433537636
-0.111330896729	-0.483345953664	-2.15951718766
-0.984834154671	-0.14083023953	-0.101333762524
-0.522449510402	-3.27829179318	-0.00772039062894
-0.634260611704	-0.429501416826	-0.642839022918
2.5481339562	-2.04706642499	1.53523987909
0.683809056478	0.257433320581	0.682739525539
1.13796408341	-3.18525434052	-0.560359805938
0.180777382737	0.581906584985	0.792908736389
-0.614545716375	0.869191567803	0.962754038202
-0.932509138902	0.329435090815	0.147983873463
2.40909490022	2.91186708879	2.39523595758
-0.671904348102	0.585979695466	0.452959538484
-2.71388389386	2.11362197145	-1.73441107237
0.536600328723	-0.29427316474	-0.790862435401
-0.948694278744	2.51959817227	0.523557919673
-0.282376021932	-0.705360677435	-0.650176973574
2.07233063757	-0.313647722136	-2.94460036613
0.248502011741	-0.760353526693	0.600091046931
-1.75380016502	2.07481646659	-1.28083995096
0.0906312943869	-0.74033218501	0.666103763925
-3.31050431062	-0.442585461652	0.841069137493
0.147797932472	0.798071210647	-0.58415589862
-2.2945695303	-3.32629884026	-1.81006595093
0.817721552409	0.254649230173	0.516222076532
-0.0271311967323	1.1141588092	-1.74824187915
-0.873960937558	-0.485989241422	-0.0025955430822
-3.24811632823	2.85823052275	1.18655739262
-0.662887950559	0.703426102095	-0.256459127144
1.6931491739	2.42925188357	-0.887488210619
0.525489439648	-0.470331723378	0.708977375381
0.969755645275	0.557463823071	3.18189321489
-0.234043715319	0.463275731175	0.854750920575
-1.02210316421	-2.28569608051	2.84798586559
-0.579179474671	-0.195785982283	-0.791339993468
-0.549217578704	2.14243053852	-1.49125305211
0.57298763446	0.634015625671	0.519335495765
-1.46400686494	-0.613868197235	1.78718050816
0.729375577805	-0.513387645076	0.452155274641
-3.33007888761	-2.63962169473	1.36767208696
0.305061346447	0.627570666034	0.716304847141
2.66006505096	2.22891070513	0.885452452456
0.567874852977	-0.0386949089539	-0.822204874333
1.20029309363	-2.50788774222	-3.15935370807
0.632450564886	0.710330464561	-0.308928655344
0.261613473841	2.40154188532	-0.887874234968
0.131014727056	-0.771194597637	0.622971936663
2.50294231555	2.45289220655	-0.280656556581
0.548004662773	-0.779822154314	-0.30260254001
0.948172491186	-1.44994888969	0.5003608276
0.808578921252	-0.0718331510953	0.583986409525
2.51756062561	-0.721046245939	-0.494287742819
0.171733284558	0.972405357615	-0.157909782653
3.11761921728	1.75971207684	3.13352631655
0.893093013628	0.429274860204	-0.134565832983
1.58897769348	2.41842795333	0.192845866988
0.551924578956	0.62141376878	0.556079299304
1.54600773535	2.51041464471	3.29501064853
0.845573826965	0.0505201769043	-0.531462712593
-2.10361227101	2.40977758176	0.804898386741
-0.121097549833	-0.874179211803	0.470261724018
0.679800380648	2.34213429836	2.66143163424
-0.836320004033	0.353014314836	-0.419463638918
-2.91853607326	1.58697389344	1.2624196834
-0.880227801447	0.470049050617	-0.0652143203183
3.04343288298	2.35399747861	1.06526588071
0.452669732497	0.881835409146	0.132122762832
0.39236928271	-1.66296001294	-2.41177308598
0.551950070206	0.823652212339	-0.130185072524
1.95551175573	-2.89490721338	2.93187846725
0.812227834466	-0.545690684266	-0.206173766576
-0.79151913083	-2.55546229927	0.747403332715
-0.883994100959	-0.0405689933914	-0.46573445894
-2.46760343056	1.23443778012	0.280596471339
-0.700579342222	-0.316765052407	-0.639412610781
-2.52775358926	0.783943678458	0.791522899444
-0.319211994218	-0.709217356087	-0.628581295118
1.74598885793	-1.01646101679	2.00524952633
-0.181240912464	-0.754051832286	-0.631314157828
1.00003429082	-1.2903996169	-2.15676694171
0.151471159713	0.974439482924	0.165904134648
0.603024341903	-2.62077559484	-2.00184771492
-0.805391896662	0.371026485426	-0.462258845133
-0.195947055126	-1.92177062227	1.6479150715
0.125509685145	0.780798442263	0.612046657939
-0.54594367973	1.56820093359	-2.36100999435
0.136011941449	-0.0298721273208	-0.990256738322
-3.30393459511	0.223530462946	2.2167395231
0.70642377883	-0.0236953108814	-0.707392378349
-1.6142979088	-0.461462979981	-2.72553690514
-0.6961847359	0.689761125351	-0.198887916813
-1.84232657478	-2.01064486734	1.90095209298
-0.674692424672	0.191098471155	0.712931628147
2.22304995304	-1.38360265203	1.68802486185
0.226463385739	-0.725330305048	-0.650084827925
2.18265989896	1.61870665592	-0.310003137798
0.305840815373	-0.709244276762	0.635164507457
-3.2915542155	2.82119848672	-1.21654220257
0.936538617544	0.209983440596	0.280717602805
1.54929887796	2.78025754142	-1.82119306786
0.42705298542	0.893733679201	0.13735304258
-3.07031383126	-3.30058278008	-1.65006435858
0.568757337816	-0.441741050715	-0.693815490454
1.1728990637	-0.746378978185	-0.183238624546
-0.623115753138	0.108198678852	0.774609452618
-0.0106200884287	-0.279487819629	2.94815240646
0.583429531649	-0.426878641235	0.690930247751
2.02069828831	1.3591848261	2.90563367436
0.366221896015	-0.749010549876	-0.552145559661
-2.58854302693	-2.68892920487	-2.88399226504
-0.492726693712	-0.216393200519	-0.842848971093
-1.2512966709	-0.325218773862	1.08388425989
0.319222574117	0.207579421697	0.924666281348
0.0630164680831	-2.56507066165	-2.28646437358
-0.497446602911	0.573768940117	0.65064282107
2.97617048528	0.672540210409	2.81300978986
0.42152726398	-0.467963494574	0.776739939405
-3.08964303278	3.02404275442	-3.13500919944
-0.147251437463	-0.811269149889	0.565826281295
-2.36308979844	-0.635639813586	-1.30636325047
-0.107852877994	-0.694172062082	0.711683149254
0.199211381429	2.07537213614	2.25149249551
-0.708255845648	0.703146187737	0.0629213459497
-0.980239281946	-1.61288135049	3.02617990331
0.702330070799	-0.645791485471	0.299475923816
-3.10876737262	2.82420259423	-3.08291952594
0.835283854489	-0.403129444663	-0.373881710272
-0.282139877346	2.23127804964	-2.47479186471
0.113318951246	0.590369070395	-0.799139021704
-0.195052501405	3.15099367169	-1.96678519152
0.497858823591	-0.126724222978	0.857949627358
2.7926996666	1.24375417001	0.0523243729874
0.147481701552	-0.762411623973	0.630061634555
2.64835967168	3.21174650132	-0.313493255344
0.759157617693	-0.603975218465	-0.242680133056
1.47934547296	1.67842046674	-2.69962901515
-0.243343512757	-0.87659193054	-0.415175290824
-0.75980493119	3.01140549422	-3.32080898923
0.0999898475392	-0.674081346017	-0.731858162038
0.175751859272	0.737084294128	-2.71522450503
-0.843264162403	-0.361644678848	0.397641394561
3.21800899198	0.201858373031	-1.89743951224
-0.311058683438	0.848923470348	-0.427283789712
1.68426157797	0.718753396298	0.688134586132
-0.766078287696	0.559081973435	-0.317098413906
1.06591867299	1.75124584955	-3.34270033631
-0.307172623873	-0.946918045726	-0.0948219058055
-0.635396377335	-0.919077540907	-0.814166489608
0.555864800755	0.533982021633	0.637085177865
2.37863155609	1.93711608428	0.492192688982
0.326174685994	0.667798625207	0.669070303024
1.38122122638	1.8452553088	-3.04625294577
-0.349447492118	0.811823177154	0.467792239447
-1.25008652088	2.96457277383	-0.613500929747
0.632098208566	-0.696529904139	0.339555514413
-0.150524814193	1.00474123234	1.72243802067
-0.718797782947	0.130668903583	-0.682828957256
2.34810638838	-1.57668322149	-2.69602462187
-0.527475372339	-0.625802667416	-0.574578761382
-1.93540325238	3.05919064669	-3.16726781419
-0.536547751432	0.222290394659	-0.814066023659
3.22311920889	-3.26845127625	1.75080405897
-0.607053416469	0.384011354726	0.695716486074
2.91375001751	1.98722592514	1.3093076284
0.68096853538	-0.252419998439	-0.687434359202
1.80214244466	-2.87698328654	3.23550017359
-0.575121704418	0.644423313186	0.503938109821
0.193269299226	1.61809348898	2.16967283577
-0.525359508476	0.422428347788	0.738614701884
1.53136011439	-0.811750548983	-2.99090385621
-0.619565961606	-0.490404182381	-0.6128962042
-1.97750690659	-0.810153848118	-2.00783379316
0.640156867773	0.735697405952	0.221243105019
-2.4334450922	-0.120465743265	-1.63440644628
-0.63568783486	0.014138465608	-0.771816740166
2.52417423872	1.08289755544	-0.28816910481
-0.786867061311	0.600490836442	-0.142305949181
0.417064009438	3.17654669433	-2.08303302463
0.988113149515	-0.0396740730787	0.148520610288
2.94037470053	1.28578028311	-1.17624463245
-0.871207208273	-0.410154794039	-0.269761089077
-1.68767895517	3.09088029768	-2.72675851344
0.226436098477	0.693454099389	-0.68399422903
-1.74059044587	2.77724558407	3.00864211765
-0.450384905389	-0.0701605266903	0.890073557349
-2.02495775147	-0.45962925505	-0.591219866319
0.637702691122	0.442790070697	-0.630295352218
-2.58256950099	1.23721628031	-0.413895833108
-0.14534530924	-0.181420688827	0.972605405469
0.199161940143	1.56123288137	-2.63314622862
-0.532218428942	0.846031687651	0.0312078096927
2.62522849539	-2.12561734041	-0.557508459897
0.704780926765	-0.636573951414	-0.313141261495
1.21509308661	2.01920504319	-0.403563091817
-0.0665054124551	-0.56628900776	-0.821519196249
3.0621905491	-1.0059621633	0.920051789423
-0.83419137184	0.549993294671	0.0403996406531
-2.57640794377	-0.788841896168	1.22461050065
0.0925466546686	0.647866983729	0.756110764441
1.61391587155	0.855283661457	-0.132404014788
-0.556938411523	-0.636041574958	-0.53410740558
0.133211572671	-1.64569665056	-2.92567636039
-0.267101987324	-0.30481580229	-0.914190272887
1.20949869364	1.20154013149	-1.70007757568
-0.0555065156059	0.787438108543	-0.613889446024
-1.46890636179	2.67205865688	0.802753520677
0.229117010558	0.940657760896	0.250336518189
0.685342703697	1.54695292961	-1.04951717945
0.74480175474	0.580551362723	0.328983983464
3.31558455385	-0.394990002316	0.335826800923
0.587203152937	0.751806325556	-0.299966174818
-2.33593336684	-1.49245089296	0.488520000393
0.67359546188	0.601742990138	-0.429155598304
-0.0333671007633	-2.59044436747	1.00067531695
-0.735372522003	0.538334800934	-0.411610126195
-2.84106173291	1.92614257936	-0.00383747985741
-0.486810386341	0.55670770021	-0.673121225544
2.17947560665	-2.29591277111	-2.76780979091
-0.603822165766	0.57164363924	0.555537885158
0.740881485627	-0.402802074484	-0.113607146304
-0.844421461064	-0.533363349811	-0.0497587497189
0.515436210668	1.24548601335	0.427655222466
-0.0118189699818	0.641640341036	-0.76691458762
-1.9226382296	2.35174168404	2.51445348727
0.413877641089	0.885817792532	-0.209838358362
2.15713782205	1.60962731803	-0.667613773121
-0.586575137389	-0.684742894351	0.432500609055
-1.95679419363	2.35118843778	-1.89170515198
-0.61688602595	0.28060421189	-0.735331834791
0.659275885272	-1.40834072349	-1.24970927218
0.634309350533	-0.578858201016	-0.512420560616
-1.14838588185	-2.60377161447	0.753026912505
-0.524232713277	0.240713921884	-0.816845683187
1.58297447573	-2.13366316277	0.969605164763
0.922809858736	0.346369192808	0.168672306242
-1.79340833967	1.72772440443	3.13723622071
-0.0837193141622	0.791747686908	-0.605084024506
-0.540390516988	-1.84764944031	1.50705238566
-0.998151283935	-0.0598075066143	-0.0108201909228
-2.24329573706	-2.09078110221	-2.96110272677
0.381153284016	-0.896874631927	0.224361468817
-2.36811682085	-0.19216972101	1.95005377707
0.679668992221	0.391163183235	-0.620517062695
2.41601326066	3.0727285099	1.96152779461
-0.732171408889	0.465860279838	-0.496889552792
-1.46532163554	-0.405093760325	-3.07184881984
-0.184571886995	0.767899465643	-0.613403316911
0.876347075917	3.19928915537	2.88330170857
-0.651545020292	0.720074637572	0.238708196041
2.9252129488	0.686028201682	0.198695531314
-0.639603370545	-0.69897125777	0.319916722286
0.551320446495	3.17188659809	-1.8788662674
-0.492192429983	-0.666349390966	-0.560111686208
-0.0230717524153	1.77292044461	1.0826108266
0.897217020901	-0.0122159054714	0.441420875197
-1.57599994551	0.779597412684	-2.86496397778
0.539356842853	0.733746111008	-0.413171684229
-0.317057259502	0.116373886416	-0.568559440868
0.106830839072	0.621828286562	-0.775832941975
0.195801806023	2.53839478855	2.70226635121
0.484402771766	0.0278058631776	0.874403104225
1.40322354887	1.51255664326	2.85861138641
-0.467674433231	-0.749536692705	-0.468481985556
3.26475671526	1.81840440322	0.580955320877
0.125218326568	-0.782217059295	0.610292424039
-0.796534309134	0.901825868852	3.00658861222
0.582751961167	-0.629197068488	0.514306524129
2.65737412312	3.28334345876	-2.27806693215
0.753383777308	0.563181179933	-0.339469943674
2.56859795491	2.34469380818	-0.957807107947
-0.52381220583	-0.83442340123	0.171342815732
2.82204486939	0.160832490255	-2.75310829989
0.431728298777	-0.514944254655	0.74056943674
-1.25367133293	3.25533807911	-0.916803129752
0.686329929285	-0.706860954679	-0.171168977676
-1.84901237853	1.39324037536	-2.54241528267
0.555751199049	-0.587590047572	0.588114394272
3.02477501705	2.55495882762	0.0800241095958
0.58501027051	-0.523508112361	0.619437034484
0.607212284848	-2.60453913974	-1.07619581316
0.38729560477	0.907876023431	-0.160509316258
-1.92232476245	-1.42480042455	2.54959755471
0.740196189675	0.671825996655	0.0275577758435
1.45595443203	3.08466884334	2.31419797789
0.93875985203	-0.32793343134	-0.105780928465
0.638832652287	-1.25375545003	-0.540783754378
0.0826917072605	-0.689479101303	-0.719569767581
3.30825774757	1.89872164998	0.341368873232
0.281525454754	-0.786149670604	0.550192796877
2.79128551684	2.40815751018	3.02830737945
-0.159403174197	-0.972451925952	-0.170081979552
2.57328201791	3.10502597645	0.935993758862
-0.58650736722	0.797560269789	-0.14109119126
-2.21234096813	0.0386015615591	0.831630550661
-0.301770355501	0.584463586828	0.753217742895
-0.828416283971	3.2775583646	0.457994485135
0.147631889059	0.394737862966	-0.906855470775
0.09324182716	-2.49147870088	0.574262578688
0.698176852502	0.682360645435	-0.216640329097
2.69897504528	-0.497360339466	0.82912397311
-0.297326257772	-0.865489267913	0.403144420234
-1.30978113582	-3.07855257689	-2.07936682912
-0.0421299336812	0.754836070993	-0.654559068852
-2.8062850656	0.0961965059828	2.08458732018
0.891189746105	0.334043219057	-0.306913610383
-3.04570179411	1.97373531676	-2.55162703208
-0.535695668455	0.00492970838951	-0.844396736596
3.32427072011	3.16253184222	-2.37390929431
-0.202985089283	0.668893674382	-0.715107198887
1.42478237297	-0.60001368673	0.546992305139
-0.76576206282	-0.199591769482	-0.611368619329
1.04826301172	-1.55100186326	-0.0586200428156
-0.512506771142	0.852525420228	-0.102650949331
3.31953154682	2.19807655151	-1.32683589891
-0.518692566604	-0.852859315457	-0.0599083415589
2.48605766205	-1.38776914546	-1.34292931283
-0.301669112114	-0.694303206225	0.653405543765
1.55469332472	-2.70487294542	3.10371202723
-0.734235347297	-0.670627554429	-0.105627354503
-0.128773006477	-0.476509941688	0.563768398884
0.432852530318	0.382534659029	-0.816275640724
-1.74888214452	0.214946757362	-3.18453643602
0.62848806078	0.536272260615	-0.563395793339
2.88284583746	-0.349714231739	0.895234678848
0.795051663186	-0.589429479697	0.143058524139
-2.8220362516	1.4919927646	-2.61322101937
-0.628701101636	0.532411119504	0.566809778172
0.63010511815	2.0882405027	-1.4678431129
-0.513918586022	-0.382811187056	0.767686968761
3.20822513239	1.70242369168	2.96362123191
0.434453355592	0.585366776618	0.684540735564
-2.47846273939	3.29496707239	-1.36681765082
-0.78182862965	-0.374649932582	-0.498378793566
-1.66859864901	-0.70629017785	-0.649400219058
-0.0811750589668	0.985281803407	-0.150433964504
-1.31150322145	-2.84937084736	-0.663533254152
-0.74815932749	0.365069601615	-0.554059389116
-0.4867147059	-0.612487396	2.61984388121
-0.403772125939	-0.902023671507	-0.152713347013
0.814943877062	-0.636003141105	2.85738604347
0.529630444732	0.111400261534	0.840881426685
2.34945396632	0.308371718931	-3.24916865611
-0.439126488163	0.885902669867	0.149480389741
1.00435897279	0.304536074346	2.9653926328
0.216082284054	-0.668046813593	0.712054703914
-1.28688428396	1.72398676504	0.893872353573
-0.733577168977	-0.647057939977	0.207799324995
2.20409642451	1.73850759072	2.11060839706
0.0246843893078	0.765215421932	0.643300893021
-0.916378832418	1.87176907209	1.01124921518
0.419434320478	-0.658438215928	-0.624927169044
-0.289290074176	1.79490032802	-2.76519856877
0.476563047248	-0.831466528922	0.28557148541
-0.11085523851	-0.0384557129171	0.681218911361
0.991192674853	0.12214985018	-0.0511516902738
-1.66793934079	0.85254731824	1.97728657828
0.974156275725	0.190959614998	0.120639860353
-0.881323180967	-0.984999097429	1.95038576428
0.568768479588	-0.682444183521	-0.459099502293
2.28894746569	1.24733043356	-1.76380777004
0.609342055306	-0.417744841383	0.673937316917
1.07777607953	1.28521875355	2.54010398701
-0.460872186255	0.471205500398	-0.752038698692
-2.72659116318	1.11098511719	2.49734593241
0.459344919881	-0.206687870747	-0.86387636191
-1.48173408348	-0.206263745552	-0.605595367374
-0.656188406044	0.732586394216	-0.180925262979
0.334353719581	0.70822066917	0.308898678385
-0.0772603351153	-0.994529010992	0.0703056677197
0.446880543802	2.93265796555	-2.28806751936
0.0517735812731	0.785502495289	0.616689002802
0.507607238049	3.17636335648	0.849589911374
0.439438790285	-0.676384405906	-0.591098710064
2.81879722303	-0.607805107782	-3.23871854769
-0.285783831423	-0.427744914602	0.857532442377
-2.97289596635	3.23027808208	-1.64339447549
0.789693176316	0.605222729868	0.100449661678
1.2266194556	-0.544773439628	1.99542870818
0.635611888617	-0.501570603959	0.586876866381
1.06735684141	-0.503486341695	1.18101067875
-0.355445168148	0.0537618011129	0.933149720667
1.95896986076	-1.73653256546	0.845962362393
-0.919083052059	0.330005829884	0.215365957524
-2.94270743974	0.21699620692	1.57120650776
0.198203437009	0.144551485463	0.969443276117
0.293509539691	-2.01250023389	2.46558233685
0.691206081544	-0.400549074062	-0.6014936343
-0.224704172417	0.845341342548	0.977298948076
0.602639294068	0.422128512813	-0.677224777984
-0.271049340515	-0.850987635152	2.11035611701
-0.48782697799	-0.78254502078	-0.386843805685
-0.122525932342	-0.871904688108	3.16492085636
0.329545399153	0.58482978881	-0.741197644368
1.87763159581	-0.765156460569	-0.322276592235
-0.71167589682	-0.13508760238	-0.689397387266
2.48718819677	0.61963086342	-0.204806961607
-0.941128645911	-0.168095669237	0.293292887451
1.34846475525	-2.6255232786	1.23843963145
0.849409760252	0.132677445856	-0.510783471297
2.24563907491	1.43436705992	-1.18521059836
-0.763052106117	0.544815007344	-0.347747165513
-1.50511986648	2.6841116437	-2.48503809238
-0.517661099984	0.13624666072	-0.844667883257
0.385450497716	-2.59324789131	-1.2678081478
-0.492582117773	-0.158291378517	-0.855749202008
2.07580941501	-0.318419510647	0.708065545812
0.644363895072	0.326076245733	-0.691714863724
3.14853546623	0.8022757786	2.52973633453
0.953520535665	0.291090793194	0.0778764289296
-0.212896798816	0.34110624588	-2.56277789125
0.794422779337	0.606827548714	0.0255494381888
-2.3773642491	-2.10830652443	-0.739653439154
-0.773546634516	-0.632561561082	0.0386196280522
3.3057161012	-0.763523619385	2.77433710206
-0.517551207105	0.720742751489	-0.461162264502
2.07639064376	2.61117577552	0.560670224314
-0.906978241415	-0.419641919851	0.035932279412
1.11088364855	-1.76699666072	-0.976348742653
-0.171441617079	0.512017659522	-0.841692157663
2.11576192491	-1.44136926375	2.16631810595
-0.707669054382	0.2579889322	0.657758481764
3.09788325365	-2.75662649696	0.932312724957
0.39440463246	0.538514267117	0.744612227945
-2.49371389688	1.22793153966	0.757244128967
0.435142594372	-0.888683270189	-0.144543999699
2.3266328319	-3.08179884284	2.00809929158
0.212464664787	-0.13208029636	0.968201198889
-1.45442581346	-1.01907699851	2.84645574944
-0.836422519978	-0.548076500718	0.00308503378205
-2.3138483789	-1.62188513594	3.00274211798
-0.738491358311	-0.0311354865184	-0.673543684686
2.4598051526	3.0421613268	-2.57874208351
-0.611788228776	-0.631257521048	0.476685541265
-0.429816317862	0.836548879129	0.554855130228
-0.520947313638	-0.336638204351	-0.784403350187
2.03267918232	1.3588975059	-2.70104367662
-0.832855564726	-0.395212847054	0.387502792026
0.210743087213	-2.71634304019	-1.68715952387
0.198801567445	0.868305639634	0.454448295146
1.86721986635	1.05410769455	-3.17589344933
0.358171942896	0.599997736722	-0.715342977355
-0.111623114489	-3.12124503334	0.100181037638
0.659966935072	-0.627687566209	0.412858285419
-1.39791120614	-1.98716877469	-0.664682559429
0.282950053873	-0.618187842872	0.733336933435
3.06136907382	-2.54174453124	-1.19679408074
-0.668055339518	-0.534147044546	0.518062735722
1.59915796024	-1.2182960993	1.0331915119
0.751853854407	-0.435158237151	0.495331293431
-0.652841303917	-2.71732614846	-3.10026080015
-0.0347993438646	0.993935899816	0.104309312734
1.26333379817	-1.24434388172	-0.343772066655
0.00226316385276	-0.949866173242	0.312648574314
0.526448230184	0.620695412226	-1.34884575747
-0.444364556281	0.895841307403	0.0029142874578
2.41278279581	-0.186312957441	-1.20836587222
0.60787636383	0.734754916964	-0.301034114836
-2.48060530968	-2.92473144324	-2.86756752419
0.167875587536	0.799076826971	0.577316214658
-3.28331621494	1.34058984058	1.9905854162
-0.00883632957997	0.960340110121	0.278691212943
1.75614041137	-2.05512600303	-0.7505433466
0.469830986947	-0.395465627528	-0.789218462245
1.4213826057	0.408462612566	0.638578727406
0.184859173078	0.747870254627	0.637586988867
3.23439606844	1.16420380628	0.501089320117
-0.391989315147	-0.773342070201	0.498283472803
-0.23166131579	1.36200778685	-0.562311241123
0.628458071782	0.282292679699	-0.724811213351
0.933729592116	1.73249755267	3.34386176122
-0.87617751966	0.478740134983	0.0558644537979
1.87928602811	-2.55492339296	0.694839278035
-0.289694884384	-0.772724389113	-0.564777737196
0.194151548132	0.224002738126	-1.20729624525
0.0924241017467	-0.993555586077	0.0656131297156
1.34258304703	-0.368429309637	0.768413886698
0.709097190529	0.0969012248783	-0.698420594628
-1.18377583178	-1.30552175562	-2.77729406062
0.0208466175207	-0.881396382585	0.471917191152
0.403988294502	1.10589123578	-2.20213038367
-0.50710082226	0.861241739781	-0.0333379921695
-0.294498090399	2.51394154197	-1.25270475576
-0.0452236901383	-0.713632805958	0.699058678589
-2.9123180334	1.00101279294	2.86780174306
0.343875664503	-0.463498901204	0.816650657225
-0.589375004662	-0.168364401912	-1.47190150379
-0.670657269407	-0.355183651311	0.651201505552
0.198539082539	0.481801143278	1.96657939575
0.80682012863	0.410139101038	-0.425237813273
-3.09702002794	-2.78585779939	0.71874379171
-0.731715265388	-0.24898767268	0.63450603563
2.16270162788	-1.61602098442	1.15419143493
0.639540642962	0.543801517159	-0.543385384359
-2.05669488731	-1.78366642391	0.596811759703
0.692722456883	0.677314805103	-0.247750383489
-1.73414399719	-1.25292586732	2.1387123933
0.447865761776	-0.711699504836	0.541202433702
-0.490490068765	0.644016875552	1.13062637761
0.829570807014	-0.27824170933	0.484142362679
2.01906942961	-2.27639952768	2.3564287442
-0.388129975563	0.326198670803	0.861945212433
-2.05855249457	-0.769021683366	-0.685180480328
0.507983053639	-0.485805722524	0.711298824109
-1.10633496725	-0.888668975515	3.01217672858
0.119375743673	-0.984024960247	-0.132076907266
-0.579866060063	-0.860564917562	2.39223989724
-0.724230028673	-0.470284860637	0.504304486817
2.00534441829	0.414426382482	-2.71266903625
-0.621966597832	0.669080076935	-0.406803886203
-3.28448250995	2.87041845852	-1.01227477385
-0.319488532405	-0.742616159705	-0.588598604319
-0.750171003305	-2.06910390158	2.7777555813
-0.493613557315	0.823856953835	-0.27857741411
-1.29772146547	-2.53322996436	0.351286858302
-0.211563959145	-0.783979504184	-0.583623875634
3.15103739838	2.38526718986	2.10889521757
0.832476255476	-0.0153486194048	-0.55384808743
-2.77007066345	0.367510209741	-2.53488032506
-0.00755714790812	0.560135883783	0.828366272379
-1.32284392066	0.501622239171	-3.17646878263
0.0180717013173	0.701961823279	-0.711985261273
1.34896036318	-0.52064608391	-1.47586160385
-0.77806362466	-0.596190447414	-0.197924092502
2.36709733805	-0.433934347242	1.38310073113
0.526860389802	-0.812695888791	-0.248884555566
-0.094521672002	2.37876812699	-3.10679709755
0.508165299126	0.648788833965	0.566428351768
-1.19638834997	0.635797291919	0.439189624853
-0.486254600514	0.837563410638	0.24908632367
1.1202924499	0.992761023927	2.22084273239
-0.420081322354	-0.651592489498	0.631631942067
-2.23951251614	2.47231612846	-1.82913547141
0.625278349361	0.0528499433161	-0.778610216547
0.982288191713	3.2071961472	-2.64334264082
-0.85275648362	0.248065664611	-0.459640953011
-1.53099835182	0.1328119803	-1.57901247647
-0.836067973132	0.272914338508	0.475928679677
-2.54520408654	0.604827223177	-2.76955325089
-0.431518073482	-0.604122754608	0.669946154271
-3.08514278955	-2.43628146292	-3.29133743746
0.658577459122	-0.602212954072	0.451237507621
-2.43104940546	1.57841111064	-2.69445147919
-0.636709102614	0.489656236907	0.595683043494
-0.651143880092	2.71735203846	-1.33181560466
0.496562635589	-0.351880911771	0.793476762651
1.4996972073	-1.37639352007	2.89560046231
-0.259556876523	-0.903307714896	-0.341563171403
-1.58009710006	2.09271180219	-1.16469875218
-0.384812716195	-0.312752465253	-0.868392232193
2.92295758336	2.78891315869	1.9633158937
0.34502691193	0.774690917221	-0.529915477052
0.263259678032	0.951591587625	-0.898376517565
0.991380048219	-0.0967572853863	-0.0883381441884
-1.34646834818	-2.8810710684	2.48695020114
-0.732848942815	-0.492663342618	-0.469270985525
2.70172616626	0.228793705029	1.70254680282
0.519270489022	-0.716612038128	0.465645085919
-2.61228210409	3.20193300573	-2.00893096542
0.195691929679	0.938302691219	-0.285118796836
-2.91184404567	0.681902790528	1.63309810298
0.734227653594	-0.668123174212	0.120503845494
1.6392150112	2.1804523162	2.16443301515
0.214673431107	-0.815005215281	-0.538220974174
-0.0848598384501	0.893346639674	-0.83079645539
-0.854224734449	0.373361730491	-0.361802599853
0.562670612022	-1.16238070911	2.66687389452
0.895221757061	0.0153201556906	-0.445357495181
-0.429246759766	2.84447912927	-3.23927696341
0.176213733292	0.226694095747	-0.957892743032
-0.848386236817	0.991135537596	-1.44250024872
-0.990792388395	0.00644818563332	0.135236326483
0.809164512538	-1.75025699596	1.42842421343
0.819656779593	-0.30878559888	-0.482508256501
-2.9636628843	3.3012617321	-2.10463824994
-0.585928304662	0.534248728027	-0.609316271239
-0.215092760939	2.15025036066	2.41645569764
0.689037624639	0.719489787656	-0.0869574452903
3.18839840685	1.76340696217	-0.493723820445
0.645206375253	-0.258942330266	0.718788983589
0.693590910769	-2.78314206227	-3.1811071842
0.1687415098	-0.145959951655	-0.974793309057
-1.84568233479	-0.776636254042	2.60823388872
-0.492508601409	0.62046770425	0.610291000688
-2.3294830418	-2.9494832028	0.333288194671
0.73464144243	-0.0352692541181	-0.677538213519
1.3531392462	0.350340678992	0.292681626134
-0.328421248785	0.768037376247	0.549780021494
-1.47502399657	2.33312690619	-2.59665047382
0.722600536439	-0.336503987503	-0.60383237006
-2.30794926126	2.73017914191	-0.451043576273
-0.333731095724	-0.634193659469	-0.697439573035
-1.71107240023	-0.441978659773	0.891952989118
-0.554754915401	0.0802238773502	-0.828137134381
-2.91228802995	1.00526432229	2.55526205012
0.594439648156	-0.706996126091	-0.383142248249
0.25629130648	2.17313249486	2.48057216239
0.0664173603511	-0.70589701932	0.705193684288
2.01773111285	-3.26402740858	1.39685667128
0.0697839764968	-0.842665291915	0.533896434177
-1.22225655543	-1.99031496072	-0.548747379762
0.350186046107	-0.135069911326	-0.926890420798
-0.224847543553	2.00557430045	-0.718353543853
0.673030637626	0.64068740713	0.369525922178
-0.875355787032	0.0293087729646	1.06233752312
0.269288428734	-0.746587334395	-0.608351127452
1.00238244619	-2.53021275617	-0.143626857438
0.68729330407	-0.27070604588	0.674052038722
-2.18552175032	-3.25423603286	0.675887030385
-0.497018736292	0.70594391159	0.504594460398
0.594442299866	-2.26545784724	-1.75717760583
-0.749304236092	0.236124697568	-0.618698867765
-1.97174792203	0.979660660353	0.0814524726869
-0.579100418245	0.681217076522	0.447868284481
1.87185252303	-0.38527056121	-2.07633238942
-0.970510308269	-0.130998317928	-0.202359042903
1.55954189102	-3.35243867026	3.13761399374
0.221136613722	0.886898908239	-0.405596997815
2.28375431367	-1.36335518361	-0.685837648263
-0.548398712661	-0.458663469412	-0.69920431476
-0.0467556656713	2.09977608383	-0.352645056307
0.748739448639	-0.661466672627	0.0430241682726
-2.9846368336	-1.09820260012	2.1105281505
0.704537111443	-0.638502246781	-0.309745604416
2.22966856137	-0.0705798906482	-1.21261378159
0.195833373888	0.813274975125	0.547935310512
3.136978168	0.989784080025	0.516148749589
0.972954498914	-0.00661091105384	0.230902228004
0.189228326357	-2.60886076772	-0.919808891996
-0.881112893873	0.314140757661	-0.353490668374
-2.00805709009	-2.16434777817	1.60578208485
0.686508803951	0.0667521319482	-0.724050975401
1.54779688971	0.726390071137	-3.17918005151
0.965757294972	-0.126409101294	-0.226569164536
-0.35155844066	-2.53860449379	0.757734869438
0.660123653801	-0.445205885022	0.605002877377
3.10226095269	3.08078134613	-0.465438420359
0.696896580779	-0.11977315486	0.707099389813
0.0193103256023	-3.25342263748	-1.01550872463
0.310630082565	0.904497864436	-0.292220062686
-0.705615958833	0.996331564994	-0.328184309523
0.838580631103	0.397889020703	-0.372111344013
-0.944830156318	1.66792855849	0.036183181162
-0.945852894328	-0.270867979918	0.178865423561
2.51121473679	-1.36203680181	-2.01706132163
0.70433474282	-0.62116808969	-0.343602640281
-2.32250016632	1.42255321883	-3.29535498375
0.288665703885	0.844311926502	-0.451452635575
2.38921069596	2.35647533372	0.219340553359
-0.67469871668	0.675076776425	0.298417472077
-3.01552321295	-0.528126918569	2.80386805669
-0.447929329763	-0.651499477536	-0.612297106239
2.79466409888	-2.51990789914	2.59911041773
0.749140794817	-0.441481322074	-0.493844420644
-1.12789696985	-2.37606711811	-0.325696654295
0.0640814066307	-0.696606851391	0.714585521767
-1.20496118849	-0.321009616405	-2.5832930115
-0.864769934299	-0.16908398733	-0.472846239238
0.765086422877	-0.296699439675	-1.48085417197
0.804340282737	-0.0805175403268	-0.588688062785
2.11035539641	2.05185705751	1.54583564409
0.717359732424	-0.352704063516	-0.600828476252
-1.10765881556	-1.84444740165	-1.27767451685
0.461708917129	-0.869026050849	0.177816193832
0.186147295781	2.06524569992	3.19407034995
0.550831175325	-0.813903659036	-0.184785957526
2.59592274711	0.502573341079	2.45948918034
0.910821613026	0.256981204005	0.323055181097
-0.161691867469	-1.57980572709	-2.97132407556
0.532799047032	-0.77186935496	0.346904705005
1.78302272462	-2.78132290847	-0.99236302188
0.440086328525	-0.740038539647	-0.508593141206
-2.50422394352	2.4310113065	1.87043548189
0.848679380181	-0.306454873887	0.43107855424
-1.67509264899	-3.15012935215	0.204028076326
0.774055589813	-0.13228248061	-0.619143997147
1.57760566721	1.05562006638	0.319604154388
-0.0770413781718	0.360020117954	0.929758108713
-2.86760089803	2.12898809951	2.01685222257
-0.974780655311	0.201486321058	0.0959475714027
1.05193718114	-3.13793102204	1.74165484827
-0.638097488955	-0.604968900633	0.476281664413
-1.81593571836	2.84446161467	2.01277832934
-0.626706797563	0.237116720516	-0.742303341458
0.553735658	2.60671287932	2.38880376054
-0.876523608186	-0.466196251339	0.119864171172
-2.93270128321	1.17475921634	-1.80665102982
-0.0937887386949	0.0629642935989	-0.993599099348
-0.254577372156	0.725786436345	0.496237186324
0.167735722017	-0.72741387595	0.665382431865
-0.715498566423	0.391673351304	-3.07001877865
0.341159318043	0.872406864235	-0.350023689123
1.0283513167	-0.773340068847	-2.21824585522
-0.125359041284	-0.553619413358	-0.823280423623
-1.47944873951	-0.962605850218	2.58382417489
0.94799742211	-0.131444714289	0.289867512422
0.78325156705	0.0751186867974	3.22733619441
0.277728056925	0.694887994541	0.663323300842
-2.7325835022	-1.8350865072	2.79544765529
0.809289823739	-0.442748442218	-0.386036006229
-2.99692375897	0.842891243627	0.36629106235
-0.817221999994	-0.407975640607	0.407067659484
-2.24713700798	-0.773507980517	2.49584056413
0.223672780656	-0.829159587848	-0.512313248974
0.855790680235	-2.8455374664	2.52721926096
-0.536307807015	0.808813744561	0.241234870498
1.37317053955	-1.15036086134	-0.20348954936
0.0972730679677	-0.670743911413	0.735282636508
0.665388406502	-1.40204851211	2.11207059993
-0.31721645294	0.498575652139	0.806719307491
-1.20489123304	-2.02969432706	0.491386444667
0.716631758584	0.693301139213	0.0759766605916
-2.53852563849	1.13814095118	1.28564680405
-0.067236072015	-0.658976401161	-0.749152463343
-1.96455408525	-0.470992241999	0.468771194989
-0.620907014663	0.495267203814	0.607605855772
-1.21352916765	-1.3001715369	-1.7737846754
-0.0820715234052	0.693260602702	0.715998604598
0.82674697018	2.53354626781	-0.814760176133
0.48764551285	-0.8658540511	0.11179720923
3.27379796323	-3.18750571272	-3.27627435751
-0.49454712336	0.790708299577	0.36083725938
1.67904898305	0.545717581479	-2.66629740115
0.6233492152	0.0457179990985	0.780605931612
2.16764216384	1.8090540358	-1.92963497486
0.935207826106	-0.217072425927	-0.279760404438
-2.81167150711	-2.54944059201	-0.332130491519
-0.174053333353	0.303795359167	-0.936703697493
1.26236799751	2.21078027561	-0.964634848531
0.865798658286	-0.355462165789	-0.352192180497
-0.789424313749	-1.45648173088	2.58670867229
0.989747613626	0.066516432511	0.126393138771
1.98663257353	2.11999867047	0.643716022761
-0.546474930548	0.582429358422	0.601781681951
2.48219576648	-0.950403222546	-3.07496779071
0.2116439502	0.779630311776	0.589392411984
2.64272261879	-3.01316374479	0.936402200293
-0.559164228482	-0.241384402433	-0.793138661173
-0.333544349181	0.240545994608	3.09803652076
-0.610918897967	-0.765725446281	-0.201103557961
-1.13092365611	3.00778433442	-2.81227818021
-0.734146102187	0.658532516129	0.165421963005
2.64509968781	3.02217763032	-2.73219680828
0.60732412165	0.559685475889	-0.563834709237
1.38452571838	-1.18499954849	2.74670390502
-0.389293794164	0.85970933616	-0.330681416389
1.18072202605	-0.843492868959	-2.80852547721
0.0245615564392	0.385378479155	0.922431654785
-0.157274878382	2.65921428158	1.16698273612
-0.47333887508	-0.854443441761	-0.214188501489
0.532698933702	-0.375278230253	-0.3409366867
0.721209540811	-0.623194580863	-0.30246539079
-3.09340900643	-0.908682764302	3.0697573719
-0.108958544286	-0.564360470233	-0.818306357831
-2.48226718276	-1.61677961457	0.676538791954
-0.440514452438	0.876378136502	0.194700742305
0.607141377197	1.3556428403	3.01029585245
-0.716995337416	-0.432399680677	0.546761558885
0.984752071671	1.25986657214	-3.27797686412
0.290117600692	-0.942524580381	-0.165768492622
2.1884281056	-3.12759464465	-3.00233286595
0.383382038828	0.681142152154	0.623749613918
-2.32827221976	-0.0865802638438	-0.759526571534
0.936562817234	0.175447601566	0.303427468236
-0.507638170718	-0.446692508682	-0.710801796363
-0.539212127734	0.552521760406	-0.635586332123
-0.486181838203	-2.4554940187	2.89634184536
0.431943808655	0.843551304254	0.31913279878
-2.16124809494	1.62905865972	2.77092697045
0.861105464682	-0.0352197908296	-0.507205032536
-2.84930414584	-1.25237616216	-2.39005041438
0.807633072645	0.57129753566	0.146109362187
-1.9782960408	0.0921321105456	0.897121178432
0.853673269585	0.364027623316	-0.372459176635
-2.14369377565	-2.12807325372	-2.63567767907
-0.685019959181	-0.266043792975	0.678209669456
-0.339513205416	1.06730248256	0.548675448393
-0.616636359132	0.675659272874	-0.404034834607
2.41033988535	-2.3730920338	-1.19686181173
0.376010588192	0.680241955827	-0.629195453814
-0.328227526269	-0.190393661111	2.81651534557
0.160533062593	-0.987026058398	0.00294887400422
2.66165353485	-2.44228644307	0.0166352177769
0.166371862059	-0.602088681298	-0.78090308193
-1.80473964676	0.966415801757	0.2462415163
-0.56407482359	-0.818652451249	0.107832079907
-1.04756250932	-0.26156180248	-2.88333013781
-0.237397574278	0.887011853225	0.396045911437
0.875195010299	-3.06763906952	-0.274092837701
0.434199904825	-0.863871284498	0.255336731532
3.21270913019	2.83069285923	-2.42870647012
-0.536740862114	-0.535088227386	0.652372467115
1.87892331145	-1.96919891635	1.81424920443
-0.729059225811	0.472231912027	0.495448954508
1.33311794772	2.71775211275	-0.328634604963
-0.124480631993	-0.580743889578	-0.804512962591
1.29466299444	-1.48186996707	1.73772823272
0.536310734131	0.806624720905	0.248449906583
-2.92170482037	1.71002738727	-2.73724895683
-0.69742514655	-0.319298127076	-0.641597125154
-2.15212561467	1.03786194999	0.146205251748
-0.410278606137	0.909306074873	0.0695264521184
-2.65062426348	-2.604906924	2.63827589439
0.874469328126	-0.403930619309	0.268595325632
3.25743199432	-2.51464581365	0.0569839644896
0.61943864622	0.482977322543	-0.618893100203
-0.701062364237	-0.210711795773	2.76238528824
0.463063053591	0.543268736341	-0.700308281054
-1.72205027861	-2.24777455658	0.323554244775
-0.866129543663	0.217346218328	-0.450089141141
-3.14761428429	2.05239893583	1.61833754393
-0.477425615481	0.663024317613	0.576596510513
2.09118551573	0.0789215209316	-2.99992578732
-0.527794214167	-0.486007169418	-0.696584739114
0.316364089695	0.754180307961	-0.932823278943
-0.697590885371	-0.66746895213	-0.260484461319
-3.12934222643	-1.50726468676	0.162807047985
-0.567350244187	-0.552628124299	-0.610504591838
-3.24937530764	0.77257952464	3.00015133175
-0.555867431104	0.73020283978	0.397259627719
3.01516929611	0.797918567514	1.95858006925
0.255591900258	-0.732803991808	-0.630611679334
-2.93280256741	-3.06544816677	3.02482041009
-0.727244850128	-0.592156897655	0.347080878935
-1.20538245929	0.658798871048	3.26852093763
0.716417317245	0.587699591243	0.375972629328
0.490491046067	-0.420092155185	0.611506306354
-0.606390278854	0.210363723522	-0.766836314697
0.963727027491	-1.42055418309	-3.07367271254
0.680788478754	0.301284723971	0.667648532011
0.783080675038	1.47496299073	2.42086016654
0.819470488301	-0.281265159513	-0.499357616191
-0.896962833837	-1.57197306744	2.09196063901
0.739986379667	0.453160449838	-0.497057103974
-1.11995129955	-1.09859096589	-2.71475592645
0.929004415274	-0.238025512964	-0.283363109066
-2.00001326316	2.45736954492	1.7151120415
-0.115966081415	0.760278157427	0.639162726777
-2.27970981785	-1.35714446874	-2.13363389334
0.677664726297	0.528417115614	0.511415555746
-2.28127910207	1.94122296734	-0.801833331007
0.157984008165	0.490194331417	0.857175927456
-2.42214799267	1.28637613974	1.8212597508
-0.780248852223	-0.0484366460782	0.623590907503
0.232897816718	0.948061149033	-0.114238658613
0.125434674676	0.928920355431	0.348386445853
0.751375988808	0.0109935485358	-2.92276755538
-0.412980367423	0.615314299736	0.671442870737
1.15454741694	2.52501834246	-1.51330084058
0.43862885298	-0.891094807414	-0.116424969548
-2.73771418275	-2.24680054763	-2.88752621844
-0.0965771172122	0.907807023701	-0.408116733484
-2.31290973661	3.17842627819	2.24962258368
-0.428945286445	-0.77902636835	-0.45730062175
2.29114651228	2.10338864309	-0.74614661348
0.258671290618	-0.0803203951818	0.962620276915
0.0369185151785	-2.59241170559	0.0127775398493
0.588996895744	0.735553721203	0.334728815654
-0.883317010729	1.75126527296	-2.29458314558
-0.907768360654	-0.15513429815	-0.389730615852
1.92262939945	1.41326032895	3.29531689047
-0.952937450529	-0.300485071477	-0.0402360186638
-1.00526431253	-0.0393885663472	3.22628581298
-0.534269204275	-0.224957750613	0.814831533387
-3.34486487736	2.22393171253	-0.37342716873
-0.0132211677271	0.936655921949	0.350001263715
0.988718179919	-1.78276816018	1.80738429583
-0.348542779258	0.139600298896	0.926838544502
2.37969645187	2.43825048642	0.902945553278
0.913906964686	-0.367194939173	0.173037384816
-1.65084666928	-3.14071902058	0.680062662892
-0.473986656913	0.530066881129	0.703111478073
-0.888235576167	-1.22746712059	-2.05485981155
-0.400619519903	-0.161159727948	-0.901959834117
-2.82703310458	2.68185106964	-2.02323168791
-0.724423186388	-0.647497998838	-0.236553141016
2.46487698262	0.0359804882077	0.462351435584
-0.0972374192184	0.752799547206	0.651028206786
0.0634891508704	1.05391708807	-3.18854383458
-0.893488820484	-0.230239496879	0.38557424933
0.61373094652	1.74096349656	2.15237338388
0.726684211674	0.625260959177	-0.284567723806
-2.14549952473	1.06706383687	-2.99819997117
-0.703448197957	0.672216551137	0.230836611414
2.39736371205	3.1123040674	-2.13818213815
-0.590110294137	0.584778985301	-0.556599837499
0.963354510532	0.0479983332041	-3.14512017455
-0.0504397505015	-0.65888839034	0.750547747078
3.1879948967	0.245698864086	3.01328404328
0.539699747884	-0.835302102056	-0.104855044869
-0.799999505796	-1.62596908746	3.1483480747
-0.349465994726	-0.773525369082	0.528707879568
2.92378138235	-1.89126458837	-0.12420601053
0.916220620173	-0.396324019349	0.0588816342976
-0.109783025942	0.816234793102	-3.23176859867
-0.372158943135	0.777460767129	-0.507003428608
2.95540938102	3.22999723783	-0.727402430688
-0.403236096066	-0.0107706074672	-0.915032592231
-0.978471957599	-1.12282292209	1.4345216058
0.81042683207	-0.582106225908	-0.0660355330113
-1.24446638157	0.537886736838	-2.83832800908
0.889703337203	-0.0648113650444	0.451915322522
-0.435293825819	-3.22673659153	2.78077318806
-0.361136987078	0.200970286707	0.910599264454
3.09588621998	-1.63830183556	-1.74042642894
0.39223039004	-0.873977477273	0.286912339135
-0.356796483012	1.93757639757	-1.55108855832
0.354791826581	0.797250452009	-0.488379439128
-1.90516401631	-1.99173067065	0.900883319945
-0.26514250858	0.963757498444	0.0295115966411
-2.26050454908	-2.39814908776	-1.41320773243
-0.581443544694	-0.652551209327	-0.485901557458
-0.881424078592	0.483945668879	-0.25058434244
0.728737799849	-0.398763791366	-0.55671236538
-0.778888758373	-2.85340122952	-2.86563293379
0.40300432821	0.738103265047	0.54110172941
2.94757565472	1.38295956999	1.75343884132
0.581056150125	0.0183853659686	-0.813655780241
1.88448035673	0.910191140734	2.0267284145
-0.534436496923	0.523658320755	-0.663445245563
-1.93493757477	0.368562091087	2.71596688168
-0.461910566042	0.765328594278	-0.448230712645
1.63085423282	0.775150482217	0.377445140937
0.434889449514	-0.635256760383	0.638216276108
-1.28696680673	0.926227141305	-1.47718860048
0.795687256603	-0.271076262117	-0.541663594675
-1.30692706636	-0.984781839776	3.03480716407
-0.143442654702	0.954589454801	0.261119086999
2.41441128405	1.31973415265	1.6919589615
0.442729690882	-0.820036183961	0.362672135415
1.83494717037	1.54216846688	1.04231115519
-0.682831561734	-0.536336431728	-0.496068836254
1.96965982878	3.23311575223	2.82655804225
-0.625452322843	-0.101261619066	0.773663671342
3.3225785312	0.603673563442	1.07893108285
0.789915349397	0.261811311355	0.554516526384
1.74914162316	1.15373795862	-0.307312199457
0.805590959219	0.585467636886	-0.0908342038213
-1.70111613148	-2.32110176929	-0.414445864657
0.69958570119	0.408741798831	0.586097251809
0.207698098829	-3.10641410399	0.319451788783
-0.0191471112282	0.84195432857	-0.539208954612
0.517467235128	-1.51848202168	-0.0946406209664
-0.458847121557	0.652056183574	0.603557828631
-2.45379203986	-2.60705938483	1.20551458272
-0.3016058513	-0.666844109603	0.681434401795
-0.00545410682699	3.30381786753	1.77436476965
-0.846876975474	0.193207530151	-0.495449531946
-2.91665890408	-0.451864603362	2.35667563112
-0.29739790055	-0.204760883808	0.932538186462
0.0355508568244	-3.32283075382	-2.5520489513
0.451251530693	0.100981932842	-0.886664934058
-0.621371173734	1.41902075764	-2.77861482601
-0.622162558098	-0.737982168953	-0.261335167186
0.892623185801	3.02202486279	-0.248516392193
-0.0396512130949	0.559675402254	0.827762783297
-3.32488053391	-3.23379732563	1.74848508765
0.00810151601231	0.801455759487	0.597999189819
2.79944328115	-2.99603039004	0.412166965636
-0.668745247175	0.50836752508	-0.542533182234
-0.832289752534	0.730052609877	1.67215656489
0.738634130308	0.422074118342	0.525616837792
1.10902792962	0.16474085183	-1.57450254748
0.617231898273	0.499210912039	0.608122725324
-0.260015699032	-0.746971408256	1.93741105152
0.962494244871	-0.0335369193229	0.269221291195
1.517055744	1.4474074788	2.70724837104
-0.548137760453	-0.794913080189	0.260111880753
1.64008354671	-2.63104791649	-3.02147096587
-0.787927815108	-0.598736154404	-0.143822027481
-0.112648201258	-1.72956223722	-0.231593414934
0.700055398632	0.3125124217	0.642073535609
-1.6067632539	-1.92920787554	1.07568319997
-0.916103309764	-0.092871451201	-0.390037971729
-0.230375999438	2.80118484673	0.397140560229
-0.00254245896808	-0.406651224787	-0.913579945753
-1.16702335625	2.36980410957	-3.34243261583
-0.426229547664	-0.782729689459	-0.453500392434
-0.998997788202	-2.61531306472	-1.48682921835
0.857679509989	-0.304375059293	0.414417279351
-1.4784034122	2.38023013993	-1.49656158085
0.792418922857	0.421871600667	-0.440563960452
-1.64199512715	2.21073539496	3.30916022643
0.636598053032	-0.588789706956	0.498065858957
-0.499085027876	-1.83478016407	-0.347302713298
-0.333337777425	-0.574507828878	0.747547109351
0.74741285235	-0.224551432083	-3.00392098631
-0.640839016519	0.448104552459	-0.623319873719
0.975229339085	1.44848910692	3.26750938513
0.855922303098	0.121717613015	0.502575202076
-0.117301862404	-1.84798397361	0.203924452661
0.127387015461	-0.991790780115	-0.0111174084979
2.60637740722	-2.40542297818	-2.86185295344
-0.628313171224	-0.624829659618	-0.463476488431
0.185113807522	-2.6484662045	-1.1764804647
-0.606322167367	0.754000527289	0.252698702425
0.00264829420052	-2.31176497938	1.61067407145
0.781627029318	0.500955937146	-0.371621226623
-2.5878525777	3.34202551315	2.98522378395
0.508011626628	-0.658131738164	0.55568588468
-1.42810067368	1.29621802926	2.82194854852
-0.403594093084	-0.670432979367	-0.622600536624
3.26071989613	-1.34251985801	0.529033575969
-0.506554618393	0.187748445275	0.841518235026
-0.968180210201	-1.26833398411	0.134793651407
-0.0936300860312	-0.265544187701	0.959541396381
-2.46606310055	1.4497601825	2.31170251431
0.660598517376	0.230874294914	0.714357514686
1.45053432057	-2.25655142714	3.27773005388
0.404097291091	0.703670321327	-0.584425750815
1.29076211474	0.26491285749	-1.19239560129
0.351579222301	-0.661861237004	0.662066275684
-1.69871473025	-3.16367257842	3.03305093316
-0.300117585533	-0.170747438042	-0.938496002792
-0.176852453664	-1.68009622563	-1.85096231256
-0.0567454224825	0.998283768973	-0.0144732039447
-1.12448069212	-1.87702466238	-1.66279825749
0.609943742763	-0.590697178402	0.528247550011
0.184699305306	1.22662799983	3.32308061489
-0.853912802795	-0.306865153263	-0.420317383575
-2.41212539084	2.75917312495	-2.76021129387
0.0654400635849	0.486708974568	-0.871109621203
3.07132595426	-2.21352980158	-2.4870555541
0.523101526405	-0.111157344425	0.844990436545
2.86104096005	2.83090104717	-1.97555347621
-0.157892728651	0.424776823729	0.89142275956
0.258713780467	-1.8235574467	3.32477473474
0.0910882887405	0.732914282505	0.674195504401
-0.888230112294	-2.66580051795	0.274026090597
-0.632077518234	0.304106710799	-0.712739166449
-1.20288388222	3.01779160344	0.829005119654
-0.533918789673	-0.313436477771	0.785295040374
2.75452869045	0.483879064784	-3.1075066151
-0.718503220183	-0.643550798624	0.263809575597
1.68017132531	2.77618473003	3.1919960308
0.951947188445	0.0400527091824	0.303631900331
-0.143434610864	1.55621491217	3.32327260425
-0.641597484979	0.746470049759	-0.176451500649
-2.40475431252	2.03270893338	-3.20770593571
-0.475266339746	0.601263055014	0.642343089774
1.4352567324	1.83044617544	0.0795813660213
-0.565946122376	0.807646878347	0.165564206469
-2.60546543933	0.419855760045	1.7827161978
-0.8205649709	-0.0384469992233	-0.570258675324
-1.84753637213	1.10777451526	2.71479279655
-0.396613035061	0.550692146312	0.734463246466
-1.59683572537	2.99026529113	2.38219024198
0.475459035319	-0.448371385906	0.75690277185
-2.46233404587	-3.30740463523	-0.405981192255
-0.278307502583	0.343163330668	0.897097465436
1.74964295562	-3.12093900502	-2.5881238331
0.513788647137	0.822518185134	-0.24389559487
-0.451695484508	-0.416239733979	1.62423943194
-0.279494075371	0.734715208733	-0.618123469777
-1.99509161233	0.66520777644	-0.729551687579
-0.297314248338	0.132074409814	-0.945600649327
2.35286901518	-1.63990573857	1.53546919606
0.475509795788	-0.772823092113	0.420279552687
-2.74413445496	2.85463107684	-2.40524102971
0.0617568401843	0.41387160081	-0.908238069414
-0.14720884116	-2.9314361057	1.63861447602
-0.31507878402	-0.70736354335	0.632741793625
-2.84758622808	3.11963346072	-2.49369683147
0.0181363873986	0.519818851616	0.854083973012
2.47639330248	3.05858689986	-0.482625327203
0.182822673874	0.676282787815	0.713594745512
-2.61411451176	-1.46912158963	1.16825765768
0.525111067102	-0.842571225459	-0.119716737496
-1.93920506654	-0.975827770763	0.799369369242
0.540086636755	0.718889610344	0.437611874767
3.12728020944	-1.09428148082	2.34700634535
0.229727817419	-0.47293258603	-0.850623241497
-0.506651144842	1.30067517778	3.07633245988
0.609716716301	0.404061309902	0.68189440803
2.95659518418	2.28437022199	-0.650726556514
0.799001683468	-0.590572283517	0.113228475907
-3.22875602926	-3.1216940511	-0.827970095509
0.854899371558	-0.463282773779	-0.23348690762
2.15932430663	0.434017942853	2.47030332934
-0.50182574335	-0.773138556752	-0.387850093948
1.8977858007	3.099112306	2.0414568516
-0.98733789324	-0.131260789465	0.0890757527121
0.54161822123	-0.163831199616	0.101478145802
0.886923941867	0.460615962297	0.0346245089559
1.97497822271	-1.20907836221	-1.14814665685
-0.430642470275	-0.618219742999	-0.657534342952
-3.11177518583	-3.24427647572	1.50625927467
-0.467893451305	-0.764708625795	0.44305353611
2.19992287134	-1.15473507834	-3.34793782013
-0.896843237578	-0.436054303758	0.074356246442
0.721111916798	-3.30772754411	1.41589707311
0.563539384603	-0.514107167181	0.64661981307
1.41851974394	2.18131892197	0.594241518786
0.0646980364319	0.73901095427	-0.670579580326
-1.99265361091	1.13989911618	0.412524099986
-0.479078457702	-0.738455510383	-0.474517955984
-2.33060769077	1.20170219816	3.0719998672
-0.900475498731	0.039248261585	0.433132139362
3.01981599953	0.288575046631	-1.39219283249
0.257558909147	-0.420061713513	0.870179042014
0.412660151859	2.6011063282	0.367784730395
-0.566543027651	0.650611951859	-0.505700589201
-2.40756050839	1.5788975458	-0.647669360229
0.131959572737	-0.737787976186	-0.66200874115
-1.33544413875	2.38850970774	2.42885807497
0.467712848836	-0.681227139104	-0.563182275983
-1.98439022779	1.10960573248	-2.17146034656
-0.869782764109	0.409574233287	0.275185193435
2.4435409454	-3.25484706879	1.16150507159
-0.804528507648	0.574509136538	0.150576002122
-0.871130913401	-3.20268494433	1.03456663441
0.936110450126	-0.27027941184	0.225047249928
0.395757011094	-2.78068093078	-1.63139711549
-0.243862118353	-0.956838031082	0.158089371896
2.99833629185	0.549775115913	1.14198792868
-0.890022824121	-0.439503340448	0.121227827989
1.07823810342	-2.4820096408	1.34860149482
0.759739313755	0.306875961664	-0.573256765584
3.31291586708	2.92137669744	1.18307393889
0.544135513371	-0.473566977959	0.692568307443
2.00535104351	-0.24116352526	-2.16357671649
-0.540059070093	0.839154909126	0.064461145657
0.0602749269834	2.37394526226	2.1618541244
0.844235784781	-0.107139306241	-0.525154366595
2.3740878861	2.09074252666	-1.52348309693
-0.674680791945	-0.492520335302	-0.549754079834
-2.10105646771	-2.60238916308	-2.26556747672
0.455335629743	0.343534024518	-0.821373141931
2.5436018573	2.30374579098	-2.20900512721
-0.81324750329	-0.348177824754	-0.466262480523
-0.563419028089	0.594484908026	-0.451983748045
-0.592312620317	0.554243782682	0.584790209538
1.84697520798	0.244239716267	-1.40131320286
0.0591945328301	-0.0274351923256	-0.997869389001
1.55939728988	0.714002049602	1.34520966377
0.604845114053	0.409185844793	0.683175916165
-3.01254959058	0.831786266132	3.34749174234
-0.663038798373	0.345995144512	0.663827471431
2.37185572906	2.07929598313	0.887519149198
-0.898183468702	-0.173790900419	0.403810821403
-3.13718532023	-2.20274114687	-0.328730333537
0.832835994636	-0.547954903363	0.0782919530887
-2.64375909459	2.63435303486	-2.72058879836
0.735370258708	0.605013112054	-0.305269908195
0.241164706784	-0.121115623961	1.30320175484
-0.322974882792	0.0142241304764	0.946300638908
-0.317744175942	-3.02615647548	-2.37448169318
0.950466209519	-0.308078564413	-0.0412502449815
-1.33250647316	1.82160670733	-0.455252197628
-0.53645386842	-0.613401256485	-0.579617240599
0.168885197301	-2.80120497828	-1.00840479649
0.690350032681	-0.678715627995	-0.25052330968
-0.841216899402	2.40058011422	3.09273078258
0.169698389138	-0.777053270849	0.606127602892
1.70605959675	2.43462206856	0.77464626159
-0.728972196132	-0.617321456354	0.295827241463
0.678118539547	1.13856282871	-1.55735312856
-0.57471086762	-0.452430706623	0.681919257936
-3.18765380618	1.76709384051	-1.47401837651
0.277462114771	0.714488850544	-0.642277554734
1.15767462009	0.320742900244	-3.23321284229
-0.65841459671	-0.705002619122	0.263555546081
0.79220562912	1.50059661262	-3.28351046792
0.385462625678	0.879242639356	-0.279912388693
2.56179513127	1.87183246993	2.70860460866
0.930218096737	0.217959484942	0.295276066463
-2.84600461517	-1.71196079356	-2.81349796325
0.40592323638	0.799152175909	0.443375829187
1.66853921953	1.33502893885	3.19013366795
-0.793826275172	-0.146998001294	-0.590111372931
-2.97769208013	1.35308319208	-2.91348979339
-0.327637386089	-0.700878002219	-0.633580120618
-2.02028206344	-0.840109242065	0.00205484933141
0.537950128808	-0.530380352023	-0.655214729003
-2.44873882012	1.79081141994	-1.68954454274
-0.293767069081	0.111043483309	0.949405210612
-0.564115583769	1.27864721997	2.15465432794
-0.613730148849	-0.656477329687	0.438603260363
-2.85144402572	1.09359522059	-2.69030032175
-0.345375446284	0.91858338145	-0.192146747119
2.3285393936	-2.13986105059	-2.86389270344
-0.43069638751	-0.843002945243	-0.322252472599
0.732301046373	2.33656400179	-1.84025251949
0.67540260955	-0.028382518146	-0.736902807483
0.401940866118	1.16674413662	1.11193548424
0.627792044232	0.568757297496	-0.531405951928
-2.96010929289	-1.09372789157	0.0983728956588
-0.582234262396	0.571498009249	0.578267489245
-1.4911946708	-0.641932545992	0.638095055649
0.749451072007	-0.135184748507	0.648111236161
-3.13312437038	-2.25616201028	-1.28656472828
-0.430871003741	0.855402729087	0.287465387838
2.98628745209	1.97728926277	-0.843835220127
0.733557104071	0.0863376779271	-0.674121487891
-0.196893369223	2.96236843286	2.87348206773
-0.0261344860457	0.137133394223	-0.990207766495
-1.02599353923	1.79688927823	-1.14018941629
-0.712410491814	0.561936587971	0.420355280987
2.07599289234	2.4348192632	1.781449798
-0.639488782246	-0.190162088246	-0.744911053466
2.93832303699	2.27689988004	2.06829948355
0.698987795304	0.712977008965	0.0554963665784
2.56938359597	-0.134256600857	-0.255184213414
-0.121775810244	0.494753873751	-0.860458747673
-3.16819018335	3.01482199046	-0.924987302038
0.528849302541	-0.649109257219	0.54678660133
-1.44075334266	-2.20014941549	-2.15276647591
0.561211256173	-0.755652795655	-0.337684436071
-3.10976971851	1.67288519552	0.560422692547
-0.125261773266	0.0693603942859	-0.989696228073
1.01456446097	0.113941620172	2.30702942945
0.985748026053	-0.114613545657	-0.123144485397
-1.45241953965	0.594784924387	1.8409565132
-0.0295731984785	0.483316948462	0.874945800185
0.282044909554	3.11861355279	-2.84085682976
0.165187020463	-0.607535449278	-0.776925946369
-1.2225986565	0.499071345242	1.24939342926
-0.729394182902	-0.126637209656	0.672270141446
1.42573279994	0.892571231241	-2.37947999877
-0.884408219221	0.459755607872	-0.0802924828579
2.01564807772	2.99513582576	1.7085119408
0.324898556257	0.784269359603	0.528547537815
2.52425590395	0.353753539554	-2.19432775993
-0.234399604344	-0.133067062389	0.962990125801
1.63535987152	-2.57267222202	-2.64799595223
-0.561572396288	-0.827014233675	-0.0261515014205
2.64124165308	-3.11242748037	-0.711648078603
0.944646078053	0.284286229309	0.163783781385
1.65605996348	-2.66899247254	-2.27718889597
-0.0733564054451	0.906477838055	-0.415832618844
-2.03366561338	-2.96844591921	2.01365004457
-0.669351265445	-0.381251026078	-0.637664910876
0.811035011461	-1.9910374104	-1.29449125796
-0.953353638442	0.299551395253	0.0372263572054
1.30428567911	-0.71678453633	-0.995443630608
-0.236577706738	-0.769764811628	-0.592868554954
-1.94301563271	1.43160577715	-1.36578085129
-0.292782493118	0.949844211319	0.10988351081
-3.27359221237	2.29926993102	2.30566293863
-0.896699344024	0.427994562326	0.112920064855
0.893993988095	3.08188803366	1.12260906082
-0.721593145735	-0.426547767	0.545307559543
1.75355400653	-0.266426256944	-1.15024240549
0.46547025486	-0.745621933953	0.476849424293
3.28704636084	-1.67731000084	0.633665946981
0.0938514729796	-0.913263170609	0.396411758438
-1.24558443442	-0.259155927024	0.724442050892
-0.771107214169	0.511594548083	-0.379031242285
-2.36808907592	-2.01135702097	-0.923653077624
-0.471644296031	0.776682708939	0.417511230574
-2.48591112233	2.96999626603	-0.225067250015
-0.645731158945	0.76128706607	0.0589344839743
-0.00478389320943	-3.27254730008	-2.23775730867
0.268335349465	-0.0440222890908	0.96231916654
0.843344025208	3.26806462814	0.313931106091
0.746323032009	0.171675633868	-0.64306252311
-0.0320458330733	-2.42739316515	-3.06907563858
-0.528856039042	0.840917105973	0.114759360626
-1.17963888741	-0.838969604597	0.604465841837
0.462467726093	-0.559346740899	0.687935190093
0.755822640669	1.38434709489	-2.29321591062
0.551267235335	0.108949770685	-0.827184612233
1.49009385823	-1.78362424647	2.93981753784
0.653554408205	-0.529613034376	-0.540718660057
2.20790413048	-1.43816633369	-2.23877485822
0.110583835812	0.207549733401	-0.971953868978
2.6609671194	0.5090002714	-2.18931906045
-0.797302462419	0.2742559312	0.537673197791
-0.419436928249	-0.964614487959	1.76487721598
0.848554382539	0.482247659041	-0.217698542079
2.67683377031	1.31109110102	-0.928886618718
0.851058577861	0.421944653648	0.312509209954
-2.19085746383	1.99143614049	2.41252443148
-0.65405987533	0.678575376862	0.334277036902
-0.949351491076	-3.03508332404	2.81727370872
-0.303440748084	-0.800681848035	0.516558119315
-1.58308452683	3.06214507302	-1.01728486394
-0.300643503521	0.001632791662	0.953735192693
-2.51520735697	-2.11974360023	-2.06982324862
0.29550291313	0.233271918586	0.926424438544
3.17989054632	2.92943095419	-1.84194650474
-0.445626554281	0.364043383484	-0.817856582208
-0.225323204579	-0.145647326922	0.158651437474
-0.506572547357	0.103431038085	0.855970954311
3.08831954398	-0.105221827821	-2.21923689839
-0.358780363108	-0.478008096367	0.801738679905
0.068494099856	0.932338302937	-1.02256852176
0.824209821096	0.512539596365	-0.24079313314
-1.2354300814	-1.91449028388	-1.01897504692
-0.651951046211	-0.71707729453	0.246495409723
-2.83303329938	-0.70338255419	1.29372584912
0.0727438003296	-0.355623864381	-0.931793972183
3.0344023842	-2.57925849132	-0.706272980388
-0.73711902121	0.674520787821	-0.0409543082975
1.43224259138	0.127654825567	1.20760099308
-0.58907762416	-0.156140503049	0.792847839135
2.55575661794	1.3079846724	0.36656088878
-0.60231748372	0.312600658191	0.734502877669
3.209672235	-0.882993867466	2.36415507615
0.688818573833	-0.652057610187	0.316780437117
1.97177158287	2.04807143014	1.01474458901
0.50588782568	0.0655097456159	-0.860108121725
-0.945102544742	-0.513995290467	-0.787617284797
0.885139971577	0.331548155292	0.326501227316
2.23220812649	1.90467414236	2.67722802169
-0.472251919246	-0.421909098438	0.773932062537
1.19134094823	0.527150774779	-3.08209870496
-0.808895397829	0.513196818104	-0.286909848661
0.828542386398	-1.84337154257	2.62454973001
-0.0627757325802	-0.753720290948	-0.654190286089
0.447222110113	1.27952057134	1.30243525247
0.810598923291	-0.454036275391	-0.369838405507
-2.84001472373	1.93137021564	-0.654356700119
0.806948277472	-0.0154207231482	0.590420764186
2.25147346327	-0.870625301983	0.0918897283295
0.479982566965	0.148985443622	0.864534599075
0.903161633232	1.51838028457	-2.51448550026
0.856541474321	-0.514388496259	-0.0417274212539
2.3485732835	-2.26959662763	1.47344630196
-0.295616873572	0.753359352207	0.587418377735
1.04019181266	-1.51214762704	2.36809066639
-0.168957010252	0.670146134807	-0.722743167861
-3.10447570432	3.18114614877	-1.01741460014
0.762433078913	0.384774427508	-0.520234985477
-2.76883158925	-0.554359998825	1.10400408053
0.391221882127	0.00447138310967	0.920285523997
-3.1718105044	-1.81420637079	-1.97635392331
-0.634969081534	-0.152765486284	0.757282623396
1.72552758377	2.2755975336	-2.25253951247
0.00130589694182	-0.947238066469	-0.320528220389
-3.08121958991	0.315377344041	1.81137418613
-0.764025451248	-0.37420228524	0.525583256551
-1.49509296718	2.50472813516	-0.429124058845
0.580460463482	0.63424299102	-0.510687261126
-1.54054408211	-0.00850376403972	-1.72046117826
-0.386635975655	-0.611413307445	0.690424789393
2.87629748225	-1.14076381098	-1.25422455936
0.600866403657	0.792095652096	0.107443207734
2.52090273769	-2.96468279248	2.65173328179
-0.612485296518	-0.662930550689	0.430563405914
-1.28720744313	2.76222050054	0.738259151007
-0.33936356408	-0.899711685585	0.27450182913
-1.32732213297	-1.63640820521	2.9857240568
0.318066332091	-0.594559593532	-0.738466450239
-2.85025533113	1.65817877137	0.447314924408
-0.0944427565754	-0.67055169625	0.735826738021
1.36415338899	1.48274018433	-1.74981966429
-0.720279277702	0.551655396299	0.420564009216
1.9412064431	0.0534114309274	3.23809610961
-0.534756419172	0.833471253977	0.139144676322
2.20397103957	-0.206205786962	2.83516194287
-0.193148603917	0.719057793077	-0.667569851791
0.301763157661	1.99443495587	0.258259417249
-0.397637533849	-0.545263195151	-0.737951515812
0.181974509687	1.67347583705	3.08433061758
-0.297096343645	-0.0970362480096	-0.949904063137
1.92185170631	3.15314093589	-0.969279153003
-0.16953824292	-0.483065299135	-0.859013795558
2.56879870123	1.4297606116	-2.85383208222
0.265874266533	0.629783295234	0.729851954468
1.97390333326	-0.655369869487	1.35321358817
-0.136337291907	0.737473265632	0.661472089595
2.32430537397	-0.993325713414	2.66429348602
0.780008143526	-0.114761558622	-0.615156143345
2.17219989514	1.21994570507	3.11958605591
0.889464992285	-0.10726352748	0.444237057405
-3.10135640663	-2.71140408715	1.84028702877
0.888750048621	-0.385164200951	0.24853951272
-0.437186135896	-0.12257252626	3.25283815559
0.45660548104	-0.889113007277	-0.0314562390431
-0.739289502267	0.678584055888	-0.270077539799
-0.733497992405	0.0364951792852	0.678711129294
-0.513847634301	-1.70843096505	-2.46254706888
0.212446060133	0.965243831934	-0.152220289208
0.205804181485	-0.676384257122	-3.34615041374
0.695731998049	-0.533519018194	0.480951602674
2.21341410193	0.950749466278	-0.429824679096
0.559143977815	0.738067367898	0.37764344628
2.09747086415	0.695573840523	-1.38087259587
0.152528041289	-0.506889736289	0.848409094638
-1.47126028527	-3.02676455431	-1.2676789987
0.00850734199486	-0.683803305019	0.729616793377
2.82778517795	0.565226904073	-1.67019100339
0.185590389483	-0.932389747511	-0.310170221118
1.49028799119	0.719482396144	2.05090484397
-0.548263696596	0.823022772301	0.148460214431
2.39383011853	-3.12879553782	1.47829647026
-0.636583346006	0.706067832784	0.310209379445
3.17362143851	0.201604389162	-1.21887315456
0.472246678981	-0.635756028624	0.610571327741
2.01373351795	-3.02173471551	0.710364535183
0.413229069449	-0.501724640249	-0.759943498906
-0.385937082174	-1.98262594463	-1.34220727606
0.692614695195	0.302540673943	-0.654793115885
-0.850839271059	-1.94938480944	0.926886513164
0.465949517253	-0.521261786172	0.714966571001
-0.964151342174	-0.917339777212	0.972672533064
-0.964993555553	-0.0903368913655	0.246224864301
-2.17572819617	-2.0475048748	-2.06206662688
0.238364871027	0.489968097361	-0.838518605535
-0.616917224583	2.20555603178	-1.68542907216
0.444334086012	0.741804553626	-0.502287989332
-2.88476242611	-1.22714764115	1.60900892044
-0.225927834791	0.806127455522	-0.546914197037
-1.98333117188	-0.822378229262	-2.56750519243
-0.661180323389	0.125719125658	-0.739618334959
-2.55079747487	1.71277887592	2.64243387291
0.578974536249	0.598104557643	-0.554129429377
-0.811323182177	1.2076959833	2.93924410655
-0.580951064105	0.62434343512	0.52219836857
-1.23372248631	-1.85521256995	-2.00323915653
-0.420270873977	0.787835580347	-0.450208274941
-0.330436675851	-1.42734787648	2.75820726836
0.135512599792	0.0205338038382	-0.990562818905
-2.19333721559	-2.05452340495	-1.01115227464
-0.684509507946	0.682940522372	0.255027403299
1.64497848658	2.55482365952	-1.37741020371
-0.439846516432	-0.816303276726	-0.374411541473
-0.147987007845	-0.144337772815	-2.7027548774
-0.192601754699	-0.623736679131	-0.757533576281
1.69688013853	-1.20075320131	1.21361685814
-0.799048967445	-0.14772311131	-0.582836709559
-2.55301089325	-2.10496687763	0.402806116947
-0.624656797507	0.572440430888	0.531145778872
2.16138198421	2.04103542002	1.87296826517
-0.0779151078459	-0.937953773623	0.337893407031
2.60264651352	1.60449656948	-0.178145209716
0.8302333263	-0.55721043753	-0.0151377742317
-2.05892354303	-2.90275188487	-0.0915673385287
0.159784490841	-0.655434201799	-0.738156435723
2.09377478824	-1.55841796431	3.24601929571
-0.0172548628378	0.858831408274	0.511967657054
0.0621735785606	-0.539791727251	0.664464585464
0.113395344522	0.779971929571	-0.615455347627
3.13639665691	2.95586508054	-0.945349110862
0.65129621911	-0.374997506939	0.65968940022
1.38367228278	-0.129542134214	0.194674928973
-0.73724631164	-0.579459334863	-0.347411507025
-0.31736699368	-1.46743410369	-2.87452144578
0.698897019325	0.508320116041	-0.50314373295
-2.86839765521	0.15598125661	-2.14985105985
0.750307639792	-0.405410678278	-0.522188306656
-0.232602627375	2.58282430908	3.05092742584
-0.45052203319	0.69398190621	-0.561621769043
-1.35195087755	-2.63296295979	2.18427861859
0.518261600176	0.556116886681	-0.649722188425
-1.52155387683	-0.685993271076	-3.01004141457
-0.963571862538	0.0183795945143	0.266817271238
2.83775957518	-3.07483954012	-1.55979134518
0.64111986203	0.724210935642	0.253936691337
-0.923497894273	-2.05242048235	-2.93818308907
-0.900734886501	0.333756567192	-0.277998593696
-2.43870625935	1.28179439489	-0.980428832025
0.729760617419	-0.676460675289	-0.0992491614695
-2.8327182242	-3.18114392327	-2.58673910738
-0.139928312275	0.952032533294	-0.272128871995
1.69029173258	1.396809569	-1.4079909839
-0.482960983067	0.565289509264	0.668727492744
-2.68808800543	-1.98716665678	2.43793043214
-0.425997219475	-0.675547485099	-0.601798940158
-1.52443197358	-2.3146497994	2.95931392997
-0.986035598015	-0.155359930501	-0.0599757571143
-2.03249659155	-1.24541866832	-2.12626541108
0.987268049043	0.125643000035	-0.0975481208484
-3.16000444968	2.81768705009	-3.31619615433
0.758262229686	0.10554077858	-0.643350242938
-3.0834537606	2.62274220039	0.774817239016
-0.615367377156	0.651537753573	0.443645744712
3.16673526969	-0.466633840362	1.02603161124
-0.789171157985	-0.187670788771	0.584797878285
-0.363607070472	2.89313801357	2.97658487426
0.554764257395	-0.830213779726	-0.0546049326541
3.26295020806	2.19455186302	-0.443112647633
-0.646262670066	0.642343639354	0.411994187169
2.87265260789	-0.210869606777	0.0217512802705
0.429307087807	-0.231781083027	-0.872910621948
3.08781593487	-2.93492663345	1.91135282823
-0.410771507485	0.761754921372	-0.500995217945
2.56284635255	0.434754621184	-2.74425821503
0.496818537814	0.681609097356	-0.537196778552
-1.51113870528	1.29437282774	0.12555605285
-0.754416521262	-0.00645482881618	-0.656364264438
0.815828942306	2.82284529262	2.07046977792
0.671788469994	-0.729311204008	-0.129635717652
0.61272126572	-2.94825552985	-1.00881579283
-0.322407331015	-0.674903925255	0.663745587242
-3.1172851454	1.46612063909	-1.73295787212
-0.438306735778	-0.250029942987	0.863349426931
-1.48975296412	2.38971765352	1.89144163444
0.999792819722	0.0141365979782	0.0146449386883
2.45829538848	-2.67955727512	-1.85997983367
0.803148543966	-0.312960981992	0.506959406734
-1.00238934611	0.622840168382	2.33307705834
0.640838988914	-0.709943056301	0.292072331962
-2.16488050449	2.34572266954	-2.44289093912
-0.0183631345638	-0.810957392436	-0.584816982434
-2.5149881803	1.60463489987	0.850140320584
0.362683973162	-0.704368280513	0.610184940013
-0.269985790726	2.22399909414	0.0857711054445
0.22957177524	-0.432249061391	-0.872042171537
0.0930911672632	-0.0854547005219	0.640286374387
0.630543752641	-0.7137074988	-0.305018330864
-0.929814024402	-1.30224168548	0.336391923305
0.70971379805	-0.697168323222	0.1013047578
-0.826836253027	-2.56534191914	0.539856367966
-0.356084630911	-0.933593858341	0.0400779652256
1.17653691099	2.6955884025	2.80092912131
0.926579227726	0.350031029093	0.137583478003
-2.64304725162	-1.54543793399	-0.0726160087529
-0.292466689518	0.781833020172	-0.550636326526
1.233095455	2.2601960369	-0.559058799689
-0.465794733417	0.846501021915	0.257820259518
-2.24013043181	-1.08094152725	2.75083709863
-0.0609132835111	0.650382851422	0.757160299057
2.7815295651	-1.59175892961	-0.807417103554
-0.509008260004	-0.852097441673	0.121821759725
-0.909622140583	0.390865084451	0.800181091532
-0.925534913382	0.310681637843	0.216476428322
0.416677833532	-2.97566067212	-0.441629015649
0.219482779397	-0.638483270642	0.737676367155
2.95738868262	0.538484138488	-3.09157069044
-0.760300295597	0.0363324128382	0.648554867604
1.12911633093	0.814980020461	2.12536848201
0.680133382364	0.715831748024	-0.158124921236
-0.91858392241	-1.17475026572	-0.978333626989
0.911724598506	0.309202884824	0.27046595441
2.44236364333	-2.35793334048	-1.50649551776
-0.578596239224	-0.482981837713	0.657232787067
2.99834227131	0.840435767716	0.484444491719
0.800937015157	-0.0869728411445	-0.592398196026
-3.04489719362	0.694083578453	-2.85420225179
-0.767050445304	0.50006622754	0.401954453182
0.384021393405	-0.247009972608	1.12026570281
-0.453190953535	0.215815386725	0.864894027316
2.2233519689	1.89092128225	-2.56558715692
0.253626849214	-0.30700414961	0.91729050659
-0.470967774343	1.20731189226	0.873201838433
-0.294514552488	0.170980565047	-0.94022700703
-0.242999724405	-2.72053378652	1.84855932442
-0.52711425859	-0.761172244877	0.377845698692
-0.272171960491	0.143713313529	-1.4088391352
-0.554920477171	0.445293090534	0.702692911263
0.730537774079	0.376838761179	2.95876248088
-0.29903521962	-0.925852216224	-0.23103162368
1.39842964039	-1.20004967764	-2.69916234848
0.364353948694	-0.412941476086	-0.834700867017
3.16681848874	2.46638197677	3.14954655086
0.615028137771	0.787921770177	0.0303261245616
-1.20766123829	2.55415504548	-1.49390201955
-0.456824447233	0.533468256227	0.711844817364
2.55921055467	3.01138958174	-1.62502488164
0.247579413951	-0.818240670101	0.518831995525
1.88321892471	2.96607876382	1.85755075048
-0.225884033854	-0.948916185587	-0.220305415231
1.72701000937	-0.762457254545	0.165149508899
0.533883835292	0.324469084576	-0.780825117147
-0.673023679457	-0.416371739723	-0.592181255992
-0.0826953275752	-0.794682195364	-0.601366519827
-2.58630032464	1.99948581532	-1.29338034964
-0.731771349061	-0.460778063801	0.502189474813
1.06820293952	0.057214343925	-2.47889881839
-0.853015212709	-0.496237133145	0.161597507951
-1.31227274937	0.236942101542	3.18905782722
0.658496027779	-0.201251219238	0.725176480696
-0.54194257273	2.64572181287	1.37881782015
0.636904206627	-0.573975361207	-0.514689533902
-1.06267093431	-0.43287477501	3.16081305233
0.46004639232	0.886931134126	0.0413579524447
1.38553309358	-0.703509323481	3.2137894711
-0.575878205419	0.679882156161	-0.45400941208
2.21406348512	-0.599428311418	-2.76074672745
-0.570271108766	0.532684233276	0.62533060866
1.62241254639	-0.764643709673	-1.30198727478
0.565797294612	0.542152496853	-0.621243987146
0.730138818344	0.211699560113	-2.92448924906
0.301362572548	0.829825211619	0.46964956939
1.49124268056	-0.679783053509	-1.53013318791
-0.4179645927	0.625954732074	-0.658396744101
-1.74625209421	-1.51855644392	1.23847414355
-0.780453155319	-0.297347834127	0.549979215873
1.65857826892	-0.839671212178	-2.70363518708
0.355837615728	-0.727769096468	-0.586286392013
2.26428077445	3.09744383493	1.63684942927
0.352228169701	-0.659392600406	-0.664181236561
-2.09912545516	2.26571403105	-1.05460513259
-0.633782615291	0.476442893502	0.60936176922
-0.634228038614	2.10404357099	1.34326685266
0.262913141374	-0.956233500308	0.128429642148
-1.45242610292	-1.9510280485	2.18298410157
-0.499003640273	-0.345050530685	-0.79494370761
-2.24462798816	1.02030315866	-2.53799085763
0.689532943932	-0.411613834381	-0.595918090494
