1000
-2.4575958252	-1.28300499916	-3.28237652779
0.595211327076	-0.802806615829	-0.0349975079298
1.42565011978	-2.00361871719	-3.97187232971
-0.310834258795	-0.874873399734	0.371454656124
-2.34115481377	5.08305120468	0.196141242981
0.233257859945	0.49481382966	-0.837108194828
3.54835319519	4.77328681946	0.0892405509949
-0.62185895443	-0.25903069973	0.73904967308
-1.18765449524	-1.38472640514	-2.568754673
0.414404541254	-0.632373809814	0.654501378536
-0.500984668732	4.02527427673	-0.103619098663
-0.649379134178	0.499317318201	-0.573575496674
0.200788021088	1.93284130096	3.01311302185
0.776146411896	-0.497651338577	0.387220472097
-2.44726920128	3.32723999023	2.77270174026
0.718138873577	0.566057026386	0.404791295528
-1.344851017	0.623889923096	4.93540096283
0.605947911739	0.524494111538	-0.598107755184
-2.56647253036	-5.20571088791	-1.0843963623
-0.948849856853	0.244610086083	-0.199623644352
-1.46249079704	3.31817340851	-1.40301012993
0.37778955698	0.798599123955	-0.468523651361
-1.28250193596	1.0141890049	-1.73596811295
0.828020870686	0.30580830574	-0.469960451126
-5.19018554688	-2.49695324898	-1.63000583649
0.415347397327	0.326037585735	-0.849226713181
0.912255764008	-2.37302803993	1.92849588394
0.97719168663	0.0219230446965	-0.21122418344
3.47545957565	-3.90906524658	0.651537895203
0.67705142498	-0.684310555458	-0.270777285099
1.1778498888	-0.0138208866119	-1.031203866
-0.260495424271	0.652706086636	-0.711418926716
-0.394751548767	3.1121969223	-2.95486354828
0.100421242416	-0.907263696194	-0.408396691084
-1.96152639389	4.17436408997	-2.38921904564
-0.259988665581	-0.703327894211	-0.661615967751
1.06959676743	-2.26691031456	2.8408870697
0.497552514076	0.37481290102	-0.782276570797
1.90436649323	-3.62606954575	-1.15896773338
0.257005542517	0.456284612417	0.851911127567
-2.58104419708	-2.69243574142	-2.24808931351
-0.192093983293	0.195728838444	0.961660027504
-2.69009518623	-4.4953994751	-3.5650639534
-0.389808982611	-0.110337726772	-0.914261698723
-0.52281999588	-2.22853112221	2.18793916702
0.352625340223	0.46599394083	0.811483204365
-5.07749271393	-1.05114555359	-3.59066295624
-0.613384604454	0.101647563279	0.783215820789
-2.29488110542	2.20001220703	1.63248634338
-0.288459092379	-0.906288981438	0.308919906616
-3.44635820389	1.28078174591	-3.57886600494
-0.527914524078	0.561108350754	0.637544751167
3.02562093735	-1.02321982384	3.54252004623
-0.42073059082	0.814098596573	0.400286257267
3.52420568466	2.3955578804	3.36034631729
0.935002565384	0.152116850019	-0.320360302925
-1.3627743721	1.0530257225	5.31428766251
-0.270058423281	0.84678208828	-0.458288520575
2.09829378128	-3.22631049156	-4.7944726944
0.390301138163	0.752342998981	0.530702292919
3.32038927078	2.19139766693	-3.67687034607
-0.328391462564	0.262633383274	0.907294154167
0.210858345032	3.74628734589	4.66654777527
0.693543553352	-0.337630569935	-0.63639831543
-3.98378562927	4.15472888947	-1.56148004532
-0.619745433331	-0.740506768227	0.259933143854
0.116390943527	-1.53685927391	-1.10664224625
0.639771223068	-0.633346617222	0.4353903234
1.56611585617	3.15895843506	-0.56109380722
-0.379364490509	-0.691039383411	0.615261852741
4.11142969131	1.50314283371	-1.53420877457
0.153964206576	0.517495155334	-0.841720700264
2.95740365982	-0.810363054276	-3.6438741684
0.604680776596	-0.272131592035	0.748535513878
4.09789705276	3.48508119583	1.06032085419
-0.960196793079	0.0976019874215	-0.261717170477
-3.25690126419	2.37759542465	4.89543962479
0.364557296038	0.857354164124	-0.363375365734
1.26195383072	5.43649768829	2.16399478912
0.661880075932	-0.699629485607	0.269134372473
-1.86975884438	3.82681369781	0.1649518013
-0.207230716944	0.674725174904	-0.708379328251
0.547723770142	0.124440193176	5.87102413177
-0.14693428576	0.625419139862	0.766329646111
2.83372306824	-3.32166028023	3.81039428711
0.316822558641	-0.945300757885	-0.0776524320245
2.06707859039	-3.79814052582	-2.76499986649
0.704702198505	-0.10952154547	0.700999081135
3.3211607933	-5.42723941803	-0.0686120986938
-0.67930406332	-0.446647942066	0.582281291485
-1.114818573	0.174510955811	-6.21082353592
0.112836912274	0.83844524622	0.533176600933
-3.96923232079	-3.20721793175	-3.06155967712
0.828404486179	-0.31020501256	0.466389089823
-2.41074919701	0.0397820472717	-0.998943209648
-0.308433771133	0.743093848228	0.593868672848
2.39353370667	2.28614711761	4.82942199707
-0.37673252821	-0.909718513489	-0.174598515034
1.45973777771	3.03149223328	-4.65228557587
-0.0616447143257	0.806296110153	0.588290989399
-2.92435836792	-4.70142602921	0.300656318665
-0.657410502434	0.487099021673	0.574931144714
-1.31593561172	-3.26600217819	0.577044010162
-0.784293115139	0.325952649117	0.527862787247
-4.38606929779	0.54771232605	-1.89163160324
0.826298892498	-0.258143872023	-0.500591278076
-1.85001564026	2.85916948318	-5.3835067749
0.215877264738	0.682847678661	0.697936952114
4.93276166916	2.30596828461	-0.500304698944
0.499737352133	-0.775865733624	0.38509067893
2.95005273819	2.62396383286	1.70430231094
0.252379834652	-0.795342683792	0.551120936871
2.76210546494	3.21166419983	-2.78419661522
0.674959361553	-0.217275768518	-0.705138981342
-3.04194545746	4.12909889221	0.681133270264
0.176311045885	-0.0466629713774	0.983227789402
3.95093345642	-0.243568897247	4.50830364227
-0.840098917484	-0.436310708523	0.322283416986
-0.139508247375	-1.48365068436	-6.19517946243
0.628209710121	-0.607539951801	0.486053109169
-1.88547992706	-0.950131297112	1.72609424591
0.693366110325	0.580488860607	0.42693784833
-1.77743434906	-5.31620645523	-2.00769734383
-0.585392653942	0.552728354931	0.593133032322
1.86643981934	-2.88334321976	-0.423421621323
0.560159802437	0.665176331997	-0.493721961975
-4.20453357697	-0.535742282867	2.83853721619
-0.0801950395107	-0.165509209037	0.982942163944
-2.21777224541	2.82922697067	-0.418169021606
0.872630476952	0.295145392418	-0.389108151197
0.644879341125	-4.90728282928	0.180511474609
0.193372875452	-0.324599951506	0.92587351799
2.76007223129	0.00958061218262	2.620033741
0.324475824833	0.730900108814	-0.600416839123
-0.978364944458	5.32224225998	0.747962474823
-0.203730270267	-0.97668337822	0.0677015781403
-0.182735919952	-0.105360507965	4.60796499252
0.0806496590376	-0.760541439056	0.644261062145
4.18627977371	-1.31036472321	-1.60673356056
0.0706917643547	0.570477247238	-0.818265318871
-5.57886743546	1.16837596893	0.994893550873
0.982178986073	0.139875531197	-0.125535458326
2.68032169342	0.617218017578	-4.25714540482
0.985910236835	0.0558638572693	0.157670870423
-5.26529121399	-1.80850076675	-3.03986263275
-0.727759063244	-0.0981070920825	-0.678779482841
0.591637849808	0.025883436203	2.90481758118
-0.957648336887	-0.174234822392	0.229241669178
-3.38997864723	-4.29040336609	-1.09868764877
0.569239199162	-0.629658639431	-0.528674483299
5.46843719482	-1.02233791351	1.89691495895
-0.242530912161	0.93716698885	0.250791758299
5.64105606079	0.494788169861	-0.489325046539
0.122564151883	0.372927248478	-0.919730067253
-1.46303081512	1.35402154922	-5.64629983902
0.13030487299	0.75279122591	0.645233213902
2.42747545242	1.76274871826	-1.88134276867
-0.150735974312	-0.625782728195	-0.765293776989
-2.84108352661	-3.24576854706	0.413769245148
0.152780905366	-0.663286089897	0.732604503632
-5.01227617264	-0.281984806061	-1.62868642807
0.563093364239	0.322743505239	0.760764241219
-2.47799181938	5.57703065872	1.12257385254
-0.678635835648	-0.537227988243	0.500838696957
-4.67127466202	-1.55111598969	-1.92773532867
0.181255862117	0.75285577774	-0.632735788822
-1.36844956875	-2.47913002968	-1.16426753998
-0.0169361829758	0.375447362661	-0.926688909531
-0.163803577423	1.48094034195	-3.42540740967
-0.295127093792	-0.396698445082	-0.869212388992
-1.74964904785	1.29226875305	-4.09771203995
-0.337893873453	0.718665063381	0.607740163803
-5.49558782578	-0.688438415527	0.0949850082397
0.0659499838948	0.995084047318	0.0738791748881
2.48950147629	0.198377609253	-1.96197867393
-0.727316975594	0.60573464632	-0.322638064623
-0.496500492096	0.28680229187	-2.31778144836
0.756645917892	0.64974462986	-0.0729290768504
2.69618701935	-2.41848826408	1.50074338913
0.552556931973	-0.628534972668	-0.547379672527
0.63613152504	2.42776107788	1.12001800537
-0.0290116537362	0.721892893314	-0.69139623642
-3.27967429161	-2.19141483307	-4.83045291901
-0.483048647642	-0.612190902233	0.626007974148
-3.34247922897	-1.12364506721	1.96834230423
-0.341692268848	0.827552080154	0.445425480604
4.86245203018	-2.11705684662	-1.79790258408
-0.928787708282	0.317630141973	0.190956458449
3.68764686584	1.20065975189	1.89536762238
0.378933399916	0.181903958321	-0.907369971275
-4.92854690552	-2.9055223465	-0.470556735992
0.691033899784	0.32264560461	-0.646816670895
0.427245140076	2.7029633522	3.88895654678
0.183762863278	-0.743113577366	0.643438696861
-0.094174861908	3.96555233002	3.31397438049
0.345054835081	-0.594241678715	0.72650796175
-1.44488430023	1.75291538239	2.76641464233
0.391348302364	0.657093763351	-0.644262433052
-1.46851181984	4.05447149277	-2.078520298
-0.581278145313	-0.239037662745	0.777802407742
-3.29124736786	-2.14594101906	-1.30559563637
0.53530561924	0.662871837616	-0.523496568203
1.69995737076	-1.43122279644	0.802638292313
0.293466597795	0.0270167738199	0.95558744669
3.86127567291	1.28581380844	-3.22773528099
0.137483730912	-0.962934792042	0.232066169381
3.809258461	-4.51554393768	-1.02262401581
0.374386012554	-0.736261427402	-0.563696742058
-2.32902979851	-1.18748152256	0.821147680283
-0.378120243549	0.901329278946	0.211258813739
-4.03147220612	-3.62989330292	0.0351481437683
-0.938423335552	0.193995296955	-0.285880357027
-2.04827475548	2.32784748077	4.41852045059
-0.393657803535	-0.911378264427	-0.120095089078
1.88942527771	3.60513019562	-1.63444447517
0.697759151459	0.420575946569	-0.579868793488
-0.984258890152	-1.47015023232	-0.709814786911
0.353691637516	-0.205453395844	-0.912519037724
2.84578943253	0.470516204834	-5.38273715973
-0.276315420866	-0.630019843578	0.725757956505
2.35133075714	0.807699203491	1.12245726585
0.383626013994	0.0140498513356	-0.923381567001
-1.83085870743	-2.16590976715	5.719435215
-0.690954089165	-0.513845682144	-0.508472979069
-0.8774766922	1.51677894592	-5.34923839569
-0.0666114762425	0.27373790741	0.959494769573
1.89691305161	-2.11993455887	1.36586666107
0.859534978867	0.482221841812	0.169297367334
-4.79806375504	0.958504676819	-0.424622535706
0.0959214940667	0.0811426118016	-0.99207597971
-2.51347708702	0.541162967682	4.36406230927
-0.619570553303	-0.576993227005	0.532175719738
-1.20987987518	4.59601926804	0.361013889313
-0.885734558105	-0.447544038296	0.123201005161
3.82782888412	1.27455282211	-1.86440873146
0.54871147871	-0.477586954832	-0.686167776585
-1.64138960838	-3.54266691208	-0.207795619965
0.904661357403	0.381312102079	-0.190233260393
5.52960586548	-1.20770931244	1.03928518295
0.898549318314	-0.25489282608	0.35726544261
2.77820444107	-0.461138248444	-3.35310816765
0.973846554756	0.218744426966	-0.0614299438894
3.42005681992	2.01212930679	-1.82550811768
-0.633770942688	-0.745672523975	0.205685690045
3.40773630142	-5.1210899353	1.75480794907
0.677207648754	0.668486773968	-0.307432979345
-3.39603042603	-4.04195308685	-2.64080262184
-0.465139061213	0.682623684406	0.563622534275
4.05934143066	-1.36603760719	0.965169429779
-0.309203088284	-0.255010247231	0.916167616844
2.13036632538	-4.95554494858	-2.56713199615
-0.112022921443	0.0757380500436	-0.990815162659
-0.811273813248	-1.57873725891	-3.03037548065
0.742827892303	-0.481239825487	0.465418934822
-2.64816951752	-3.5501127243	1.99692773819
-0.671149730682	-0.265094250441	0.692302644253
1.10976219177	2.24470710754	5.39228820801
0.750404894352	-0.312067121267	0.582671880722
-2.40607714653	-3.7657430172	4.47961473465
0.197830155492	0.978291034698	0.0617231018841
-3.83954358101	1.68193101883	-1.32467865944
0.07512871176	0.523980736732	0.848410129547
0.255742549896	0.676427364349	-3.38988947868
-0.588249802589	-0.748176157475	-0.306911230087
0.237507998943	-0.669577598572	-0.0458655357361
-0.757131457329	-0.350533515215	-0.551251590252
-1.27633690834	-1.04866743088	-1.00230979919
0.407333940268	0.338625013828	-0.848181605339
-1.70577406883	-2.93710494041	3.67507457733
0.201717674732	-0.121209189296	0.971914708614
-0.302237987518	3.74582576752	4.36160755157
0.820915818214	0.351318120956	-0.450191885233
-3.49835109711	2.96472358704	0.307480335236
-0.707669317722	-0.311903178692	0.633971869946
-5.01584863663	2.09681272507	0.497045993805
-0.391208380461	-0.920125722885	-0.0180133227259
-4.84555435181	2.09115839005	-3.5751760006
-0.606262624264	-0.776662409306	0.171000048518
4.25542163849	0.639343738556	-0.139275550842
0.0329479910433	0.314714699984	0.948614299297
-2.60670638084	-2.07395005226	3.79289722443
0.5350471735	0.395230919123	0.746670544147
3.24696874619	-4.2493057251	1.57333421707
0.684218943119	0.646322548389	-0.337803900242
0.620462477207	0.375694096088	0.249353945255
-0.171566769481	-0.7895180583	-0.58925896883
-1.12737464905	-5.78526115417	-0.714875221252
0.891823649406	0.444985806942	0.0814742669463
2.3710603714	0.849699020386	-1.01088905334
-0.893950521946	0.310893595219	-0.322796523571
-5.08181905746	3.57275438309	-1.123026371
-0.314611673355	-0.10269138217	0.943649232388
-1.0038151741	5.12334156036	2.84631729126
0.257865160704	-0.663376331329	0.702450931072
5.33341217041	2.71366500854	-0.0324449539185
-0.282654345036	0.492920398712	0.822882771492
3.29361486435	-2.48163342476	-2.14788818359
0.883550941944	0.411796689034	-0.223071962595
2.25263738632	3.23312425613	2.56979990005
0.395411401987	-0.861948013306	-0.317325204611
1.26007223129	0.146066665649	-5.04125118256
-0.828479230404	0.207280814648	-0.520246684551
-0.733412742615	3.15490436554	-4.06783771515
0.696962952614	0.663331151009	0.272459536791
1.0712594986	1.85123729706	3.74197101593
0.462430804968	0.653525114059	-0.599218249321
2.57753610611	2.01805114746	-3.82419204712
0.80593085289	-0.514889538288	0.292171061039
0.382524490356	2.87477111816	3.17481613159
0.435439646244	-0.696759939194	0.570015728474
-1.69032859802	-4.25394392014	1.31571769714
0.49575188756	-0.442391365767	0.747341871262
-0.244004249573	-5.14678668976	-1.98676681519
0.480852484703	0.697897970676	-0.530772268772
-0.593651771545	5.81413412094	-1.63274621964
-0.798341095448	-0.360831558704	0.482132613659
-0.942615509033	0.322680711746	2.82020139694
-0.680964708328	-0.0107141770422	-0.732237756252
3.44141387939	0.542356491089	1.77005529404
-0.159901216626	-0.561962842941	0.811559736729
-1.0130751133	-1.39710259438	3.57568359375
-0.109400771558	0.682446539402	0.722701907158
2.68365955353	-4.31564569473	2.08269309998
0.847752928734	-0.118186920881	0.517055571079
0.870284557343	-3.94024372101	-3.85173511505
0.220629140735	-0.968287587166	-0.117225557566
0.174869060516	-2.89623594284	2.2928776741
-0.647619664669	0.0354957170784	0.76113653183
-2.43805837631	-0.543079853058	0.283563613892
0.460042417049	-0.875246286392	-0.149347990751
-1.94251942635	-2.36156344414	-3.94500827789
0.139271155	-0.319600313902	0.937261462212
4.72075271606	-1.83008670807	-3.05760717392
-0.795985102654	0.538685798645	-0.276089042425
4.08610486984	0.514907836914	4.66992139816
0.731077373028	-0.0535396412015	0.680190682411
-3.64627718925	-0.360598564148	3.45776176453
-0.809732139111	0.386513978243	-0.44152083993
3.01036691666	5.35531949997	1.38837385178
-0.150256797671	-0.284747958183	0.94675308466
0.869752407074	-2.95065116882	-3.11875486374
-0.634845674038	-0.762147665024	-0.12689268589
3.11150503159	0.54495382309	2.9139046669
0.826151251793	-0.556362986565	0.0890734568238
4.42837095261	-1.84025478363	0.0553245544434
-0.817018032074	-0.444270044565	-0.367567062378
-5.60681152344	2.82317399979	1.21319437027
-0.657448649406	-0.751732945442	0.0515625290573
4.10593223572	-0.188754558563	-1.3213763237
0.678662896156	0.332169443369	-0.65504193306
2.37192344666	-3.4375	-1.27149391174
0.179087907076	0.915678620338	-0.359805673361
-0.599720001221	-5.09998893738	3.04837226868
-0.462520331144	-0.641447246075	0.612062335014
1.47289896011	3.24369668961	5.13554048538
0.903328359127	-0.0306266676635	-0.427854806185
1.50293779373	-0.965392351151	-3.06393194199
0.649848937988	-0.603275895119	0.462336033583
-0.901397705078	0.452206134796	-4.15733623505
0.208120077848	0.884776413441	0.416961193085
0.486598014832	-4.92359638214	1.32522296906
-0.555991053581	-0.401319235563	-0.727885067463
-4.89120197296	-1.47708797455	2.20039701462
-0.349138647318	0.692862868309	-0.630906522274
1.7444767952	1.25007677078	3.21743869781
0.899517118931	0.383779257536	-0.20876391232
0.226133346558	-2.37503314018	1.43269824982
0.0658846497536	-0.895490109921	-0.440177977085
5.09003400803	-0.0547080039978	-2.20188117027
-0.567096233368	-0.526720881462	-0.63321942091
-0.0719957351685	1.4656124115	5.37527608871
0.887784361839	0.183791026473	0.421971201897
3.00009632111	2.21223831177	1.26160001755
0.0933381542563	0.737392067909	-0.668984949589
-0.78351688385	-3.64559984207	-2.11639690399
0.608933627605	0.533407866955	0.587090969086
-0.84626865387	-0.599403858185	5.70049190521
0.746146321297	0.584205210209	0.319326937199
-1.87806391716	2.54606485367	-3.43615317345
-0.0570193231106	0.779180169106	-0.624200940132
-0.160553216934	3.50468206406	-0.197917938232
-0.970520794392	0.000368152337614	-0.241016551852
-1.90625953674	-1.29194331169	3.57719278336
0.62569630146	-0.776561200619	0.0738694742322
-4.56587934494	-1.23176908493	-0.500156879425
-0.0143149709329	-0.623124957085	0.781991243362
2.29080295563	-1.20362257957	3.0314707756
-0.401428848505	0.505877733231	0.763506710529
1.08910703659	2.89663171768	-4.23018217087
0.607670128345	0.498221993446	0.618475437164
2.45332241058	-2.07185292244	-2.21786904335
0.554736495018	0.730650365353	-0.39801672101
1.45198392868	-3.18328309059	-3.78464365005
0.276241749525	0.0980553627014	0.956072986126
-3.59499740601	0.633742809296	-1.09410834312
0.647102177143	0.501991391182	-0.573814749718
2.28696584702	-3.46817207336	1.54138755798
-0.677328050137	-0.626225590706	-0.38609328866
3.02749013901	4.28482675552	-1.6439678669
0.501436293125	0.640477836132	-0.581678271294
2.1016330719	0.0685412883759	2.8537812233
-0.454030871391	-0.589902997017	0.667735219002
-1.88157939911	-1.86691570282	1.5561003685
-0.808166921139	-0.00832019373775	0.588894784451
-4.02833271027	-4.61034011841	0.163796424866
-0.706980645657	0.689715147018	-0.156432896852
0.413654327393	-5.72322797775	-2.73344683647
-0.490629941225	-0.603439867496	0.628603518009
3.03640556335	-1.27879881859	4.00659370422
-0.0115805268288	-0.90329015255	-0.428873747587
-3.55996251106	-0.203211784363	-4.22863292694
0.0190835017711	-0.676316201687	0.736364126205
3.97900009155	-1.3748524189	3.00138092041
-0.441703915596	-0.430666297674	-0.787034988403
-2.51013422012	2.31223773956	2.68783950806
0.976407766342	0.0339962132275	0.21324172616
-0.856468200684	2.50731086731	-2.97300481796
-0.0232198312879	0.893047869205	0.44936183095
-4.99872875214	0.781126022339	1.49073123932
0.218534991145	0.518598437309	0.826618432999
-1.13692462444	-1.23861992359	2.20421266556
-0.572414338589	0.717073619366	0.397677361965
3.19991922379	4.3295416832	-3.2593266964
-0.143611595035	-0.71040314436	-0.688986897469
-3.41469478607	-0.646269798279	1.18402767181
-0.333336234093	-0.928649604321	0.16277885437
-1.59152078629	-4.65022373199	-4.08214330673
-0.246005624533	0.685157001019	-0.685595393181
-1.56582093239	0.49119758606	-3.80554485321
-0.717132866383	-0.0277038179338	-0.69638556242
-3.6490278244	-0.670643806458	4.65424966812
0.817866683006	0.264297813177	-0.511116921902
0.40226984024	3.42870664597	-2.70581626892
0.0878955423832	0.450418651104	0.888480365276
-0.591489315033	-0.385536670685	-5.71760511398
0.611273050308	-0.458542376757	-0.645045876503
3.50803613663	3.38245534897	2.47337770462
-0.167846694589	-0.422550410032	0.89066183567
3.09824323654	-4.5648317337	0.388565540314
0.294894576073	-0.664444684982	0.686695218086
-3.94704890251	-0.269125461578	-4.93469762802
0.572462081909	-0.480321258307	-0.664513766766
0.06432056427	5.86931180954	2.40253400803
-0.410400509834	0.0911485031247	-0.907338559628
-2.0449256897	-0.809321403503	4.6966676712
-0.55758023262	-0.594115018845	-0.579768419266
4.69480133057	2.12168073654	0.2293009758
0.82465672493	-0.408946722746	0.390773266554
0.221874237061	-0.417380094528	4.36760902405
-0.159361824393	-0.813634634018	-0.559108555317
-1.98418521881	-4.96896457672	-3.15675330162
0.547637045383	0.661613881588	-0.512211441994
-4.82834243774	2.57520389557	1.45889997482
-0.539840817451	0.215124800801	-0.813813865185
0.659232616425	-5.95338773727	-1.29079627991
0.127918794751	0.690445780754	-0.711984097958
-0.908763885498	-3.54868817329	-3.58797121048
0.969643712044	0.243691310287	0.0201420150697
-3.70841503143	-0.829504728317	-1.96777868271
-0.396474152803	-0.150742709637	-0.905585289001
2.9161028862	-1.12499237061	-4.29046154022
0.337112605572	0.526179254055	-0.780698657036
-3.28332233429	2.81373596191	-0.60656452179
-0.467760682106	0.855688035488	-0.221354708076
-4.50708627701	1.94860935211	-1.07342243195
0.639131784439	0.651359558105	0.408951222897
1.64921712875	-5.24982786179	0.874950885773
-0.117511130869	0.58370578289	0.803416788578
4.40498781204	0.614531040192	3.35655355453
-0.569216549397	0.741127729416	-0.355980485678
0.674394130707	4.76586151123	-3.02295017242
-0.326391786337	0.915567934513	-0.234954401851
-4.14688777924	-3.43121981621	1.35083293915
-0.785516619682	-0.602042257786	-0.143208697438
3.31403398514	1.31035041809	4.22717142105
0.514867961407	0.617252826691	-0.594903171062
-4.50492286682	-0.666069507599	1.24145412445
0.441994965076	-0.84466701746	-0.301957041025
-2.62714958191	-3.57351255417	-1.12683987617
0.483325332403	-0.740201056004	0.467438727617
-3.72042822838	-3.02117490768	3.45485210419
-0.28721010685	0.648572862148	-0.704885542393
-3.31984686852	-0.691779136658	-0.531304359436
-0.126025691628	-0.928371250629	-0.349634468555
-0.704837083817	1.70964765549	-3.97945642471
-0.844047367573	-0.172062441707	0.507915973663
3.80595827103	1.05391645432	2.6953496933
-0.38406842947	-0.543948054314	0.746064245701
3.57994318008	1.04713153839	-4.93651103973
0.701186299324	-0.616773486137	0.357670247555
1.79757261276	-3.075527668	5.17827749252
0.590496182442	-0.614345371723	0.523348689079
3.17518949509	-2.25847792625	0.463649749756
0.229457393289	0.911352992058	0.341738045216
1.04925298691	4.62276697159	0.753149986267
-0.626908779144	-0.404572337866	-0.665812671185
1.83753013611	4.78764915466	3.05382537842
0.531732559204	0.454662233591	-0.714522659779
-5.38747358322	-1.49544048309	1.86724853516
0.0184269342571	0.487579613924	-0.872883975506
-0.145519882441	-0.0598667562008	-0.301479429007
0.0458290353417	-0.674587190151	0.736771166325
1.64312076569	1.59478902817	2.3435921669
-0.476205974817	-0.874078452587	-0.0959921181202
-1.07447147369	-1.98064780235	5.09110021591
0.956615567207	-0.259912163019	0.131651744246
-5.89982795715	0.753421783447	0.758682727814
0.49118077755	-0.643425524235	0.587149739265
-1.51048088074	4.71852302551	3.07744026184
0.501306474209	0.234867364168	-0.83278387785
-1.6212182045	3.44097471237	5.11538743973
-0.626509785652	0.531883597374	-0.569723665714
-0.647383928299	-1.41980624199	-2.27580738068
0.710550069809	-0.689772486687	0.139041244984
2.92027950287	1.12468194962	-0.380577802658
0.479445278645	-0.124762885273	0.868657708168
-2.09079647064	-3.82982897758	3.8232049942
0.875311851501	-0.211899131536	0.434658229351
4.32446432114	-1.45826292038	-4.43492412567
0.168003901839	-0.438086301088	-0.883094012737
-1.5553278923	-1.00025320053	4.20100736618
-0.423835784197	0.787038862705	-0.448255389929
0.982894420624	-0.698212862015	2.3094997406
-0.63202214241	0.521494328976	-0.57322883606
2.15547418594	1.79794168472	1.49975347519
0.326407909393	-0.0903382524848	0.94090205431
-5.48368263245	1.04509735107	1.75806045532
0.00429804436862	-0.965174198151	0.261572659016
2.57795000076	-2.29269576073	-2.5704536438
-0.949679017067	-0.297337561846	-0.0984887927771
0.379928588867	4.44942998886	1.70519685745
0.557228505611	-0.639381051064	-0.529800236225
-2.12955904007	3.73309516907	3.97971916199
0.719742000103	0.693563759327	0.0306700374931
-1.13043856621	3.19832086563	0.951903820038
-0.542405486107	0.582298159599	0.605578303337
-3.94155049324	4.42014408112	-0.72331905365
0.378948628902	0.836086809635	-0.396682143211
-3.49706745148	-2.81232142448	2.31031990051
0.370435208082	0.839609801769	0.397281974554
2.38185930252	5.0002207756	-0.354440689087
0.461913436651	-0.658178389072	-0.594505786896
-0.941104769707	2.61737632751	-0.113445520401
0.627007961273	0.653042435646	0.424731105566
0.635864496231	-1.98069095612	-1.68557143211
0.891038119793	0.377316772938	-0.252355009317
-0.742742061615	-2.26503682137	-4.15998077393
0.0767584890127	0.130389109254	-0.988487064838
0.412390232086	-3.87127447128	4.80816888809
-0.167894095182	0.582696259022	0.795158088207
-2.31353521347	2.39711856842	-1.08752942085
-0.30971121788	-0.932900547981	0.183780908585
0.571572780609	-2.00492668152	3.84627437592
0.567908167839	0.755965411663	-0.325571000576
0.511528968811	-5.13340330124	2.66478347778
0.313025802374	-0.845848679543	0.431919842958
1.65048980713	5.23705434799	0.860224723816
0.0903290212154	0.86266118288	0.497650891542
0.0487084388733	-4.29743528366	3.73512458801
-0.520001411438	0.00262165931053	0.854161262512
0.701501965523	-0.0772647857666	-1.32793164253
0.151905715466	-0.984854459763	-0.083582893014
1.94886922836	-4.36148309708	-1.58343362808
-0.482675164938	-0.829627275467	0.280612200499
-3.8755645752	1.41291284561	4.31582546234
-0.048687286675	-0.688261806965	0.723826766014
2.72116994858	-3.66292858124	4.24156522751
-0.46294850111	-0.587548553944	-0.663675546646
0.321602344513	-1.76367521286	0.843115091324
0.624800682068	-0.411667734385	-0.66344076395
-0.830397129059	2.52487182617	4.2481508255
-0.302331894636	-0.768737137318	0.563594162464
1.24015045166	1.11511516571	-0.934219837189
-0.670579314232	0.212624415755	-0.710713684559
1.71375370026	-2.11743402481	-5.23699378967
-0.634846270084	-0.0994788780808	-0.766207575798
-0.545089006424	-0.161823272705	-3.05067825317
-0.828407943249	0.493459016085	0.265025675297
3.09505701065	-1.96301913261	-1.09248280525
-0.576832532883	0.530441522598	0.621205031872
-3.75634360313	1.20333719254	-4.94813013077
0.161977484822	-0.745737850666	0.646249294281
-2.24061012268	4.98197412491	3.10444784164
0.687173545361	0.629738807678	-0.362244904041
-3.34603500366	0.494001865387	-3.9229798317
0.528871715069	-0.609252274036	-0.59085214138
-2.83597922325	-2.13658189774	0.230773925781
0.820795834064	-0.422224670649	-0.384734213352
-4.73664522171	2.95313119888	-0.175358295441
0.35896512866	0.799307763577	0.481924206018
-2.39079523087	1.51256895065	-1.47082912922
0.431320130825	-0.491946339607	0.756274819374
-3.59528446198	3.40556573868	-2.25930428505
-0.722611606121	0.652942657471	-0.226932555437
3.2549328804	3.4094119072	-0.115261554718
-0.0861104056239	0.786035895348	0.612153947353
0.657812476158	-0.843150138855	0.954372048378
-0.433064818382	0.806284666061	0.402938842773
-0.411112308502	-6.11008787155	1.31428098679
-0.972078561783	-0.220902338624	0.0791533663869
-5.62091159821	2.47195959091	1.74700498581
-0.769617021084	-0.636129021645	0.0550395995378
3.50833177567	-0.205457210541	1.5310292244
-0.0724191814661	0.556064963341	-0.827977657318
1.7201166153	2.06105613708	-0.294570922852
-0.852547824383	0.429728627205	-0.297481685877
-5.01602935791	-0.188689231873	3.94999361038
0.334966391325	-0.800394058228	0.497158646584
-1.15084981918	2.38492488861	-2.69935846329
-0.621992945671	0.776496708393	-0.100883789361
5.28610992432	-1.18576049805	2.48958396912
0.0186030361801	-0.993630349636	-0.11114282161
4.17399597168	4.17471408844	-0.896850585938
0.946653664112	0.297711849213	0.123346753418
4.27483701706	4.20338964462	-1.73237419128
0.623074948788	0.620707154274	-0.475920259953
0.530052185059	-4.06584644318	1.36247348785
0.351042687893	0.701895356178	0.619767665863
-0.126913547516	-4.1520857811	-3.00945401192
0.597933888435	0.115486353636	-0.793182075024
-0.922696352005	-2.50915288925	3.26462602615
0.487515449524	0.810389816761	0.324956834316
1.4703040123	2.60201406479	-1.759745121
-0.862641632557	0.398252338171	0.311840355396
4.60395860672	4.10806131363	1.19392871857
-0.0125856371596	-0.465481609106	-0.884967982769
4.03799295425	-3.17591571808	1.69851398468
0.866012752056	0.304616451263	-0.396523445845
4.15816068649	2.0590929985	-2.90853571892
-0.492614865303	0.862508416176	-0.115800619125
1.08712244034	3.04671239853	-2.4722969532
0.669569730759	0.422214239836	-0.611073970795
2.5406088829	-0.697610855103	4.43999862671
0.024561913684	-0.965653002262	-0.258671462536
1.61953735352	1.92022132874	1.89025211334
-0.434422016144	-0.900682270527	-0.0070045995526
1.86874294281	2.31737709045	-0.836488723755
0.809443831444	-0.469895988703	0.352134019136
-2.79335141182	3.68252325058	2.5636382103
0.7067912817	0.565692543983	-0.424779593945
0.150597810745	-1.40599954128	2.41527748108
0.748140215874	-0.228454530239	0.622972428799
0.387028694153	5.38934803009	-2.46200299263
-0.689453780651	-0.616068661213	0.380936682224
-0.52635717392	5.02808713913	-1.59017372131
-0.512570858002	-0.500480353832	-0.697703778744
-4.29625463486	0.603678703308	2.54343080521
-0.586600422859	-0.808176934719	0.0524396374822
2.76293039322	-1.52065706253	-4.6219830513
-0.543980300426	0.563874304295	-0.621394455433
3.86397504807	3.23312044144	-2.40465760231
-0.632159948349	0.183075919747	0.752898991108
0.364994525909	1.47130155563	-4.05548000336
-0.267396688461	-0.960143446922	0.081384524703
-1.68446218967	-0.487347602844	3.07669067383
-0.401039361954	0.890460252762	0.215053111315
4.88691759109	-0.288468360901	-3.9682943821
0.213478714228	0.662765204906	0.717752754688
0.813809871674	3.78217744827	-4.93833684921
0.442544162273	0.00960530061275	-0.896695196629
1.8148431778	-0.446524143219	-0.346734285355
0.388500511646	-0.0180775932968	-0.921271085739
2.42784976959	-1.44860887527	5.2312669754
-0.153962567449	0.891582846642	-0.425881743431
1.69274616241	3.42833423615	1.77419376373
-0.28273460269	-0.171287372708	0.94378054142
1.60727882385	-3.11933898926	-1.34430384636
0.836220264435	0.470997065306	0.280886650085
-0.229411125183	-4.67088031769	-4.00103902817
0.678718209267	-0.599252939224	0.424543827772
4.22914361954	-2.85043358803	-2.23970174789
0.548349380493	0.0399418361485	-0.835294902325
3.19408655167	2.63135004044	4.72021722794
0.324552416801	-0.0281670112163	-0.945448160172
-3.50233793259	3.18733406067	1.37223815918
-0.689697444439	-0.421300441027	0.588916838169
2.369120121	4.61855173111	-3.66999125481
-0.677195072174	0.380989015102	0.629487156868
2.57304382324	0.518379688263	-3.34446668625
0.475965023041	0.600031137466	0.642977297306
-1.56095552444	-1.85981798172	-4.08026123047
0.563176512718	-0.635759174824	-0.527865886688
3.14140033722	1.58859825134	3.13680696487
-0.294351667166	-0.565613627434	-0.770349502563
6.1015868187	0.819266796112	1.05355167389
0.0158069375902	0.0733763724566	0.997178912163
-4.44550037384	-0.0780982971191	0.421600818634
0.664612233639	-0.326481491327	0.67208647728
-1.93045842648	-0.804119706154	-1.12436974049
0.581331551075	0.551656603813	-0.598104059696
-1.32072067261	-1.50481557846	-5.53325939178
-0.148037031293	-0.239282801747	0.959598183632
0.40144443512	1.83865308762	-5.64261627197
-0.575147926807	0.637049794197	0.513198077679
1.67848587036	-2.02849984169	0.192718267441
0.76478177309	0.411725401878	0.495571315289
0.509213447571	-3.38913059235	-0.374628782272
-0.209126368165	-0.234777837992	0.949286878109
-3.39189124107	4.37921714783	1.23447847366
-0.275084018707	-0.88162201643	0.383498638868
-3.64974546432	-0.479752063751	3.98875188828
0.319314718246	0.785192131996	0.530576407909
-4.64153337479	0.793616294861	-3.66381072998
0.683063864708	0.327916026115	-0.652606070042
3.01824140549	-5.53195905685	0.87707233429
0.341601729393	-0.92912620306	-0.14153662324
2.09651565552	-0.796026706696	-4.62381267548
-0.162754490972	0.751679241657	-0.639131605625
-1.84296822548	-3.15742683411	-2.41932487488
-0.497864693403	0.179170593619	0.848545074463
-5.19512462616	-1.56572294235	3.01196432114
-0.661097168922	0.607325553894	-0.440574795008
0.685496091843	2.00029563904	-1.13056015968
-0.66806447506	0.0775202140212	0.740054368973
-4.22584152222	-0.109587192535	-3.64639902115
0.192265436053	-0.872530460358	-0.449137419462
-2.79456400871	0.683228969574	4.88883304596
-0.779514908791	-0.406485080719	0.476577609777
-2.99777889252	2.71772241592	-1.32579445839
-0.739448130131	-0.43543484807	-0.513432562351
5.23678398132	0.530682563782	2.51388168335
-0.0222728494555	-0.748091697693	0.663221299648
0.0728335380554	-3.45794463158	-1.8065738678
0.0607393942773	0.23344515264	-0.970471024513
-1.08888816833	5.41750907898	-2.04030227661
0.973462402821	0.129804894328	-0.188471481204
1.64219760895	1.57710838318	-4.66731977463
0.837001383305	-0.492769211531	0.23792244494
-2.50135278702	0.282531261444	-3.54333925247
0.698892533779	-0.459390252829	-0.548187792301
-4.311419487	2.33357715607	3.30305290222
-0.401250839233	-0.613072514534	-0.680543661118
5.2357416153	-0.885585308075	-2.60076618195
0.0220643728971	0.781259477139	-0.62381619215
-3.63261699677	-1.36196160316	0.15988445282
-0.618008375168	0.560623288155	0.551150560379
4.35793733597	0.457551956177	1.62378978729
-0.36967343092	-0.116788290441	0.921792805195
0.853081703186	3.44895410538	-4.11921977997
-0.197351336479	-0.378078877926	-0.904493510723
0.0371642112732	-3.80424594879	-2.30659651756
0.327015131712	-0.421076953411	0.846023023129
1.73001050949	3.0721654892	3.65596294403
0.485573858023	-0.358303576708	-0.79739356041
0.697550296783	0.243467092514	2.11088609695
0.651153981686	-0.27881103754	-0.705877363682
5.12620401382	-3.53626084328	1.00509643555
-0.778395533562	-0.440943539143	-0.446843385696
2.16274309158	2.76144361496	-0.776355028152
0.323159366846	-0.153489425778	-0.933814167976
0.959201812744	-2.49596261978	0.608530759811
0.814265549183	0.499833881855	0.295190691948
0.861200332642	0.5270652771	2.58955860138
-0.682420015335	0.505807757378	0.527694404125
2.57538747787	-3.27720499039	-3.4662706852
0.558519721031	-0.227719515562	0.797621130943
2.8284072876	2.33039283752	4.58110427856
-0.217154622078	0.811249613762	-0.542879104614
3.74694252014	-3.09582495689	1.22938251495
-0.727096259594	-0.652390480042	0.213816612959
1.90708112717	3.8543586731	-0.0974612236023
0.962105751038	-0.171624317765	-0.211890473962
-4.40326786041	-3.43540811539	2.02534389496
0.481470286846	-0.729098558426	0.486417114735
3.58393001556	-0.607332706451	1.29186582565
0.823015511036	0.561427116394	0.0862838551402
1.92470979691	-3.30048561096	2.85633087158
-0.682810425758	-0.315729349852	0.658851146698
-2.24662923813	-2.76896834373	-3.70754384995
0.403399020433	-0.765978038311	0.500546455383
5.95602369308	0.0100202560425	1.97812223434
0.256926298141	0.770859479904	0.582893311977
-0.801413536072	-1.08135080338	-5.41356945038
0.567945837975	-0.662748277187	0.488059580326
-2.48822593689	0.604579925537	2.38544178009
-0.736107707024	-0.667250752449	-0.113674469292
2.113301754	0.685397148132	4.11510705948
0.809539854527	-0.494331121445	0.316673070192
-4.37876224518	1.52547121048	0.22349691391
0.0997409373522	-0.858374595642	-0.503234148026
2.5487537384	1.09456968307	5.27596855164
-0.0791371464729	-0.066939137876	-0.994613647461
-4.88267278671	2.70078849792	-1.14335775375
0.445980995893	0.788756072521	0.42304250598
-1.54063618183	2.10603380203	0.881298303604
0.296411275864	0.55738401413	0.775540709496
-1.80493676662	2.54679441452	-1.57438635826
-0.716074228287	0.299275070429	-0.630612432957
1.71759843826	2.49983644485	4.65225839615
0.74777328968	-0.349207103252	-0.564702868462
0.635809421539	2.63482427597	0.237828969955
0.324611455202	-0.513539791107	0.794294774532
0.398787498474	-1.95023155212	-0.0724151134491
0.0599151998758	0.848352253437	0.526030778885
-4.95524978638	-0.718184947968	-2.30007910728
0.778789162636	0.626606822014	-0.0291760843247
-0.533442735672	-0.2369556427	-1.66949796677
0.335206240416	-0.12424904108	-0.9339158535
2.46774148941	5.09851026535	-2.46570014954
0.163070634007	-0.534498751163	-0.829288244247
2.28155994415	0.771021366119	-5.48807668686
0.54396468401	-0.751394093037	-0.373509377241
-1.03406572342	-5.4552693367	-0.125383377075
-0.530298292637	0.580308496952	-0.618082106113
4.66703224182	3.15462875366	2.02681159973
0.366688817739	0.709001362324	0.602375566959
-1.05545091629	0.763399839401	-2.59363079071
-0.794625341892	-0.158550307155	0.586030840874
-5.58672046661	2.4960808754	-0.865432262421
0.309330284595	-0.301313638687	0.90195608139
0.832546710968	-2.576359272	-1.37563455105
-0.0716356486082	0.270114332438	-0.960159599781
-2.22022080421	1.11711645126	-4.40598011017
0.480188518763	-0.0590618215501	-0.875174582005
-3.21799969673	-0.34078001976	-1.52464795113
0.0759193822742	-0.735856771469	-0.672867774963
-1.16175198555	3.8736333847	1.55843925476
-0.501122653484	-0.487677723169	0.714875102043
6.38664102554	-0.0384635925293	-0.399987220764
0.0123389558867	-0.46715092659	0.884091436863
-2.36537051201	-4.87409448624	1.80208492279
-0.850349247456	0.0109229711816	-0.526104986668
-4.99329471588	-0.842350959778	-0.151209831238
0.902095198631	0.199468508363	0.382670044899
3.88517427444	2.42623138428	1.35441923141
0.453000217676	-0.518593668938	-0.725156068802
-4.4978260994	-2.80208063126	1.20995664597
0.389776557684	0.221500530839	0.893874526024
-4.36262989044	0.767942905426	3.78460407257
-0.0987518876791	-0.884722590446	0.455536961555
3.83168888092	0.698276042938	-0.277078151703
-0.395479947329	-0.76129925251	-0.51382791996
0.391267299652	0.484307765961	3.90279483795
0.397163003683	-0.860107719898	0.320118963718
3.52787637711	4.9886136055	-1.36638069153
-0.898462891579	0.425691366196	-0.107475467026
3.14580965042	0.924589157104	-1.93887448311
-0.728477239609	-0.453657895327	0.51333719492
2.76854133606	3.21616840363	-4.18281269073
-0.633603513241	0.619058012962	-0.464018940926
-0.322141170502	2.03715324402	-1.68961858749
-0.661742866039	-0.382462650537	-0.64484000206
-2.57901954651	-2.95851802826	0.719841957092
0.36122366786	-0.304315954447	-0.881424605846
3.3557972908	-2.51286888123	-4.7186384201
-0.598758459091	0.0137247694656	0.800811946392
0.467356204987	-3.49194407463	-4.62256765366
-0.222649469972	0.939605236053	0.259940594435
2.89557647705	-3.30577802658	2.74089336395
0.13841150701	0.613422036171	0.777531683445
-2.47430753708	0.394438743591	3.61155509949
0.896704852581	0.336184501648	0.287924140692
-2.09160637856	-0.991994857788	-4.69509124756
-0.378356516361	0.0445529818535	0.924587070942
2.52666139603	-2.36021471024	0.288100719452
0.499901145697	0.595372140408	-0.62899184227
-1.69614386559	4.29628992081	-2.96671652794
-0.541892290115	0.632606625557	0.553318679333
-4.5119767189	1.66571760178	1.18755674362
-0.563552856445	0.101461738348	0.819825291634
4.35579681396	-0.00751686096191	0.612005233765
0.728277623653	-0.472600907087	0.496245831251
0.803499221802	4.48284721375	2.20731925964
0.217600226402	-0.605587661266	0.765449881554
5.16051769257	-3.02861714363	0.287332057953
0.796505153179	0.0555831305683	-0.602071344852
0.197033882141	-2.48279953003	4.7645573616
-0.900941193104	-0.314705938101	-0.298772513866
1.65119171143	4.15464258194	-3.03833699226
-0.689074993134	0.596805691719	0.411094218493
-0.466598749161	1.24181723595	-1.05445599556
-0.319648206234	-0.284232646227	0.903900742531
1.44578742981	-2.80476641655	-5.0881857872
-0.156750962138	-0.642694175243	-0.749915480614
-3.26198291779	-3.83744883537	-0.451347351074
-0.618690013885	0.661329567432	0.424105852842
-3.66998958588	2.97753953934	-4.09045696259
-0.343418121338	-0.565338730812	0.74997061491
1.61796712875	0.885309696198	-6.05599403381
-0.537648677826	-0.82985830307	-0.149228230119
-2.13015532494	0.511628627777	1.70812416077
-0.736127018929	-0.591697216034	-0.328650981188
5.6235704422	1.74789142609	1.09155035019
0.0717566981912	-0.91573369503	-0.395325869322
2.16854810715	-0.24684047699	0.745059013367
-0.451218217611	0.579615950584	0.678562819958
-3.98606300354	4.33388710022	0.363102436066
-0.938680887222	-0.317419707775	-0.134620428085
-6.17428779602	0.177453041077	-0.443784236908
0.00980860274285	-0.649660110474	0.760161399841
2.64085483551	-1.36320090294	3.35621881485
0.26695638895	-0.73288911581	-0.625785648823
-2.45041584969	-1.05735945702	2.68124008179
0.608384668827	0.575362980366	-0.54664927721
0.374165058136	-1.97323060036	-4.51355314255
-0.903178453445	0.180366829038	0.38953357935
-4.7934627533	2.01994180679	1.14139080048
0.934515058994	0.35233721137	0.0503961257637
4.57482194901	-2.10408115387	3.47515630722
0.194725334644	0.95289349556	0.232542648911
4.42196989059	2.97106790543	-1.68370103836
0.58581250906	-0.210490390658	-0.782634913921
2.16807222366	5.95313882828	0.558940410614
0.395047336817	-0.485193133354	0.780080199242
-3.15547943115	-3.04061794281	0.716456413269
0.101015247405	-0.736146450043	0.669241547585
5.22634601593	-2.3991112709	-0.431889533997
-0.456571877003	0.867027878761	0.199510544538
-3.16450929642	2.13426160812	3.49474525452
-0.661400735378	-0.677283406258	-0.322236061096
2.520652771	-3.59017658234	-3.99161553383
0.966687738895	0.045182004571	0.251939147711
-2.49068713188	1.1684961319	-2.44380116463
0.48026522994	0.799223721027	0.361367821693
-3.35817074776	-2.35337805748	3.75302934647
0.666489005089	-0.740949809551	-0.0823739543557
-3.97174358368	-4.3713054657	2.00725317001
-0.126058161259	0.477934509516	-0.869303047657
-4.75586986542	-2.9978313446	-2.63556265831
-0.136389002204	-0.389768600464	-0.910757064819
3.35442638397	2.13059616089	0.0809769630432
0.362149089575	0.584108233452	0.726405858994
-1.21675157547	4.3682141304	1.53821468353
0.597055733204	0.528022110462	-0.603918015957
2.24020004272	-1.73007905483	-1.42289018631
0.687279045582	0.527234196663	0.499671369791
0.801575183868	-0.415513515472	-5.7310333252
-0.205475538969	-0.974094033241	0.0944483950734
4.63421964645	-4.04633140564	1.73312807083
-0.457265287638	0.428185850382	0.779464840889
1.77747154236	-1.75153803825	4.4835767746
0.316041380167	-0.88110345602	0.351815909147
1.94566202164	1.47025680542	3.92223596573
-0.693907439709	0.370861023664	0.617214977741
2.19411563873	0.117198467255	-2.84810686111
0.82707709074	0.380454808474	0.413760215044
-2.44490146637	-2.53025984764	4.29696321487
0.771426916122	0.620167434216	0.142452433705
4.19035577774	1.18934488297	-4.30316925049
0.353025436401	-0.443828821182	0.823643684387
1.34877204895	-0.888134241104	-2.09537363052
-0.504882335663	-0.634551346302	-0.585182189941
-2.80104112625	2.58290433884	0.644542694092
-0.390816777945	-0.602081418037	-0.696247160435
2.05498838425	-5.9307847023	1.18316841125
-0.223547026515	0.720434427261	0.656506597996
4.39442586899	2.85744428635	0.670056819916
0.374165892601	-0.922187924385	0.0978223308921
1.89107656479	1.85477399826	5.27749490738
0.956847310066	-0.10835609585	0.269633173943
0.952519416809	-1.49835395813	5.9927649498
-0.387688577175	0.776334702969	0.496993094683
-0.0822067260742	1.96045732498	6.02575159073
0.536950826645	-0.584579825401	0.608235299587
2.98193454742	-2.9712228775	-4.13863658905
-0.337074190378	0.111638665199	-0.934835612774
-3.30325937271	-3.39181232452	-1.93804812431
0.243947446346	-0.506862998009	0.826788604259
-2.24440193176	1.54734325409	3.91375207901
0.588241159916	0.777628898621	0.221958503127
0.675129890442	-0.62692117691	-4.18762969971
-0.317967414856	0.648287534714	-0.691823482513
0.556000709534	-3.32397580147	2.54310417175
-0.740739405155	-0.658531785011	-0.132818728685
2.11625766754	-1.71118581295	-0.125452756882
0.942844748497	0.236627742648	0.23462960124
-4.64828920364	-0.391519069672	-0.396536827087
0.508419275284	0.691190123558	0.513581454754
-3.71378087997	-0.48103427887	-0.0898985862732
-0.129732444882	-0.920263528824	-0.369167178869
-0.407604694366	1.55587482452	-4.89514541626
-0.450518578291	0.882799327374	0.13303399086
4.09922552109	-1.98827409744	-2.95065402985
0.264696091413	-0.875987529755	-0.403213948011
3.27524900436	-0.117900848389	-2.87358379364
0.390790015459	0.413967728615	-0.822139680386
-3.47495484352	4.27601289749	-2.6780064106
-0.862911224365	-0.427529931068	-0.269448012114
-0.707929372787	2.41328954697	-1.07813954353
0.385654866695	0.324586868286	0.863662838936
0.15536737442	-5.80425167084	-0.604818344116
-0.427313357592	0.492868483067	-0.757947087288
2.25456619263	3.75835180283	3.19915437698
0.908859610558	0.373234122992	-0.186199501157
0.633283615112	4.3738527298	-2.15204310417
-0.585662186146	0.396511763334	-0.706949830055
1.15676116943	3.49933004379	1.43670368195
-0.560654401779	0.589535653591	0.581475794315
-4.46084022522	-0.963526248932	2.49733400345
0.74620205164	-0.470253586769	-0.471215426922
1.19113397598	2.8993563652	-5.34081363678
-0.294568091631	-0.852706432343	-0.431417763233
-3.59707713127	-2.16981387138	-2.1603717804
-0.65661239624	0.328320771456	0.679018080235
3.56211328506	-3.82131171227	3.54603528976
0.649890780449	0.593832492828	0.474346667528
-2.5792555809	-5.16048669815	0.457351207733
0.561347007751	0.522272765636	0.641966223717
-2.04369187355	3.76092481613	-3.55645513535
-0.836069643497	0.0041890591383	0.548607230186
-0.0643901824951	-0.318297863007	3.5580868721
0.600841343403	-0.546293258667	-0.583569467068
1.56023454666	-4.41398382187	-0.650479316711
-0.201234772801	0.569125235081	-0.797245740891
0.712903022766	-3.15726661682	-2.33813023567
-0.87056261301	0.405793726444	0.278302133083
-3.15934801102	1.8970451355	-3.47636389732
-0.425103068352	0.515714049339	0.743859052658
-0.594662070274	-0.128956317902	0.338596880436
0.647080004215	-0.385191679001	0.657962560654
-1.60516119003	0.750762224197	-0.608812093735
-0.343604624271	-0.917331516743	0.201093494892
2.22727489471	1.40357971191	-3.29395389557
0.627184391022	-0.622770309448	-0.467757284641
2.79079008102	-5.26598072052	-2.19884538651
-0.142267033458	0.100193470716	-0.98474419117
-2.96278762817	-2.25693917274	0.965936183929
-0.956260442734	-0.253183573484	-0.146505340934
-2.07549357414	-5.38105916977	0.319169521332
-0.765790820122	-0.548127233982	0.336334526539
-1.22087335587	0.00415515899658	4.035572052
-0.673400700092	0.650685250759	0.350913256407
5.8092212677	-0.243837833405	-0.073215007782
0.517529606819	0.284921854734	0.806834936142
-0.800189256668	-4.45528030396	-1.11334609985
0.621187925339	-0.00577051518485	-0.783640265465
1.33613014221	2.46458864212	-2.8083319664
0.476414322853	0.674985945225	0.563403189182
2.08668613434	4.84118890762	1.10488605499
-0.000806542462669	-0.165237382054	-0.98625344038
3.40662813187	-2.15865445137	-3.25177788734
-0.330820322037	-0.824953198433	0.458268582821
-0.979916214943	-0.878686547279	0.768017649651
0.183948516846	-0.784509599209	-0.592205524445
-3.830971241	4.31535625458	-0.0435190200806
0.0793942511082	0.972932219505	0.217024192214
-4.03114509583	-4.22588157654	-2.47609305382
-0.581535875797	0.609543859959	0.538769066334
-1.07263040543	-4.43963766098	-3.12354063988
0.0619147606194	0.568452358246	-0.820383071899
-0.279772758484	-3.15712881088	-4.56645822525
-0.614226102829	0.582073330879	-0.532838463783
-0.246726036072	-1.73911762238	6.02571058273
0.556673109531	-0.54544955492	0.626577794552
2.61260652542	-0.946738243103	-2.12103676796
-0.418974727392	0.824959993362	-0.379342913628
1.3485212326	-4.9337348938	0.275992393494
-0.521643280983	-0.549469292164	-0.652665019035
3.22290563583	0.589035987854	5.28617143631
0.403886854649	0.818213820457	0.409147202969
2.69932031631	3.13940429688	-1.47208380699
0.595808982849	-0.0739843696356	-0.799711108208
1.22286653519	4.3679394722	-0.977154970169
-0.82122784853	-0.172609433532	-0.54386639595
-1.16029512882	0.832437396049	-0.312829971313
-0.534937024117	0.0747871100903	0.841575264931
-1.34033632278	-2.31821227074	-4.91839122772
0.342887550592	0.57778185606	-0.740672707558
4.15007448196	-2.36385011673	4.0051779747
-0.95030862093	-0.275294095278	0.145349308848
-5.8380689621	-0.257707595825	-1.04114723206
0.604833900928	0.783788323402	0.14089538157
1.46333694458	-4.93073511124	-2.47317528725
-0.270829260349	-0.59466356039	0.756985187531
-0.0451807975769	-3.20447349548	3.67013835907
0.000713284825906	-0.0708690956235	-0.997485339642
4.05824184418	-1.9006857872	3.87540626526
0.0495453774929	0.60239982605	0.79665517807
-0.744370937347	-3.21040034294	-0.830379009247
0.953940749168	0.182748198509	-0.237907990813
-1.30021643639	4.92230796814	0.119539260864
-0.763144493103	-0.00146849011071	0.646226167679
-5.88375616074	0.323740005493	0.246507167816
0.131308376789	-0.918484508991	0.373020321131
1.72942590714	-1.39141941071	5.29106616974
0.327689409256	0.302774399519	-0.894956409931
-0.789038419724	1.34881305695	2.30614519119
0.0936810299754	0.468729138374	-0.878360271454
1.70717334747	-2.2783741951	2.90035247803
-0.014994148165	0.779437959194	0.626299858093
-0.434113502502	-3.8828291893	2.91869163513
0.475591778755	-0.783839285374	0.399260014296
-0.191289424896	-2.02894902229	-3.37730312347
0.15937513113	0.729606151581	-0.665037155151
0.573440551758	-3.3670501709	3.66266727448
-0.574839293957	-0.431563019753	-0.695207178593
0.626935958862	4.89621067047	-0.969822883606
0.984648704529	0.0577731095254	0.164709046483
0.965211868286	5.46355390549	0.0372409820557
-0.137424632907	0.251447826624	-0.95806491375
1.18105792999	-1.47393274307	-4.82231998444
-0.216237530112	-0.632695138454	0.743598043919
4.66532087326	-0.669198989868	2.78745031357
-0.163547053933	0.984291553497	0.0665009841323
-4.82633876801	-1.99496507645	1.72416067123
-0.648977041245	-0.151430919766	-0.745585262775
5.3318810463	-2.40126991272	-1.26604032516
-0.88387542963	-0.463057339191	-0.0658938512206
3.99169969559	-1.980864048	2.93622732162
-0.198600873351	0.496645510197	0.844926595688
-4.64635181427	-0.834197044373	2.07541036606
0.943223297596	-0.136296644807	-0.302907526493
-0.613691329956	3.80925607681	2.36776208878
-0.0248356629163	0.0290833953768	-0.999268293381
-0.69677400589	4.57094335556	-0.886338233948
0.478369653225	-0.186296805739	0.858170092106
3.17725801468	-4.87515544891	-2.57265067101
0.206287533045	0.0365280099213	0.977809309959
0.259301185608	4.06425952911	1.23711919785
0.429672509432	-0.899715423584	0.076769977808
0.909178256989	4.58767175674	-0.485129356384
-0.758989870548	-0.63047349453	-0.162596508861
-3.97755050659	-2.97780942917	1.0626578331
0.643141388893	0.694846987724	0.32180249691
-5.10743188858	1.94908380508	3.3186211586
-0.405254721642	-0.803556859493	-0.435964405537
0.570778846741	1.69131612778	-2.07284760475
-0.816739737988	0.560647428036	-0.136420786381
-1.21759605408	3.90417289734	-0.807018995285
-0.999708294868	0.0213026553392	0.0113839702681
-2.32550692558	-4.20572280884	-1.70956540108
-0.720250070095	0.0327868834138	-0.692939221859
1.57244253159	-1.11668562889	-3.7341966629
-0.36592194438	0.917645454407	-0.155009225011
2.84394693375	-0.713537931442	0.680737257004
0.927311658859	0.368263721466	-0.0668935254216
0.565495491028	3.4083199501	-1.71235537529
-0.492800652981	-0.510174155235	-0.704889893532
4.24980306625	-1.09521746635	1.91070890427
0.364627927542	-0.764497697353	-0.531591653824
1.33880519867	0.634644031525	-3.21621394157
-0.423679560423	0.431107342243	-0.796644151211
3.61125564575	4.07590293884	-2.27589488029
-0.878524422646	0.39150634408	-0.273711115122
-0.854290962219	0.199010372162	5.12319755554
0.591236770153	0.679468631744	0.434466868639
2.20900678635	-0.444598674774	1.64455652237
-0.762379467487	-0.089038901031	0.640975415707
0.290462017059	0.56742811203	-4.59640073776
-0.686979293823	-0.654419660568	0.315902262926
-2.01639580727	-1.17539715767	2.17067480087
-0.606685817242	0.674941718578	-0.419983237982
-0.731348633766	-0.655523598194	-0.500996351242
-0.658117115498	-0.191616207361	0.728124201298
-0.338662624359	-1.10924458504	4.28855466843
0.432625174522	-0.892012655735	-0.130954191089
-2.79965090752	4.78250598907	-1.29623937607
0.63022261858	0.735319793224	0.249247089028
-1.21802473068	-3.68931674957	3.60852193832
-0.00424765376374	-0.953682422638	-0.300785183907
-2.55398082733	-1.06016921997	-0.21205329895
-0.275160461664	0.843167185783	-0.461904466152
-3.59115982056	1.16243934631	0.287595748901
-0.102589972317	0.581238627434	0.807240247726
-1.60165786743	-2.88178539276	-1.08482956886
-0.698213875294	0.486639589071	0.525051593781
0.537818431854	-1.26757049561	1.92505550385
-0.0812220424414	0.800408601761	0.593926608562
-4.05295848846	-0.91259098053	-1.38836860657
-0.13123293221	-0.577964782715	-0.805440604687
5.63257646561	0.401046276093	-2.87016797066
0.3610868752	-0.562111377716	0.744074583054
-1.80095100403	2.38668012619	5.49195623398
-0.819090843201	0.423966944218	-0.386448025703
4.86706209183	-2.13123869896	1.73968172073
-0.551520526409	0.462654083967	0.694101035595
0.548108577728	4.84148693085	-1.64854741096
-0.616528868675	-0.507155835629	-0.602233469486
-0.839522600174	-4.62097835541	0.405986309052
0.718675255775	0.302903324366	-0.625903666019
3.10577011108	-0.734195709229	-0.205758333206
-0.570447564125	0.821083784103	-0.020269529894
1.16310310364	1.81840229034	-2.68238735199
-0.709106147289	0.641893863678	0.291788607836
-0.742976427078	-2.00940918922	1.35733604431
-0.675295293331	0.483197450638	0.55722206831
0.422911643982	0.939043521881	4.9682302475
-0.929045855999	-0.231288537383	-0.288754731417
0.587646007538	-4.18473339081	0.213364124298
-0.67046970129	0.327367335558	-0.66580837965
-0.111290454865	-2.67902374268	-5.26720190048
0.0818026661873	-0.974582850933	0.208558171988
3.76557064056	3.80195140839	2.68080997467
-0.489931374788	0.842208743095	-0.225058674812
1.32426643372	1.4543530941	0.275801897049
0.0377538055182	-0.304700911045	0.951699376106
-1.94954228401	4.59489011765	2.40122175217
0.698989808559	0.383434295654	-0.603648245335
4.03744029999	-0.125356674194	-3.06035089493
-0.568885684013	-0.486910969019	0.662787079811
1.30988407135	0.577117443085	4.08936977386
-0.85715919733	0.219007790089	0.466169118881
0.565648555756	-4.61477327347	-2.2528617382
-0.410832673311	-0.0531099624932	0.910162448883
0.175037026405	0.552450537682	-1.4608194828
-0.143370553851	0.804732918739	0.576063871384
0.654468536377	4.42514371872	3.35401582718
0.942958652973	-0.314391046762	-0.109486214817
4.28204011917	-3.11070752144	2.69871091843
-0.650313735008	0.00350263086148	0.759657621384
0.0939051508904	0.292828828096	0.103072494268
0.346432924271	-0.770657539368	0.534856021404
-3.36668205261	2.60916042328	2.90891551971
-0.815616488457	-0.504742145538	-0.282851487398
0.492373466492	3.83590364456	2.79585647583
0.526474237442	-0.696173369884	0.48802408576
-3.11470651627	1.76478624344	4.18758821487
0.596300721169	0.714370191097	0.36619746685
-2.56222963333	1.18710947037	1.48951482773
-0.873155832291	-0.221372723579	-0.434272885323
4.938372612	3.20746707916	-0.325848579407
-0.684553205967	-0.501782298088	0.5287733078
-0.544661045074	-5.66423273087	1.20605516434
0.948861002922	0.0144519973546	-0.3153629601
1.4950003624	-0.560374736786	1.14595174789
-0.20073325932	-0.773532688618	0.601126492023
3.71999120712	-3.40647625923	2.42792367935
-0.230753421783	0.710154175758	0.665156960487
-0.956453084946	-0.543929815292	3.18425035477
-0.555502414703	0.657273948193	0.509320914745
-3.2911028862	-1.20929670334	2.59747743607
0.855486512184	-0.215161949396	-0.4710072577
2.58560371399	-5.39416790009	-0.351668357849
-0.121047504246	-0.923940598965	0.362879246473
-2.66591596603	1.66061782837	0.122186660767
-0.591677129269	-0.4600276649	-0.662036836147
2.20981550217	-3.93703794479	3.0792593956
0.443435281515	-0.732166171074	-0.517008304596
-5.08060312271	2.58985376358	-2.28544139862
0.395750641823	-0.763852775097	0.509813904762
5.97551202774	1.78139638901	-1.3382768631
0.198272719979	0.0698916018009	0.977651774883
5.13894844055	2.1627702713	-1.45646238327
-0.0287946127355	-0.904798328876	-0.424865633249
-1.32204139233	-2.70490407944	0.358798742294
0.901714742184	-0.0454740524292	-0.429933220148
0.781174659729	2.73871898651	4.66524219513
-0.778154075146	0.611744046211	0.142285838723
1.64970541	-0.286107063293	-0.962597846985
0.407467126846	0.859980106354	0.307253211737
-2.4165225029	-2.32284879684	2.74713850021
-0.729614317417	-0.147556424141	-0.667749881744
-2.32227993011	0.70192193985	0.264156103134
0.474483579397	0.730486810207	0.491176277399
-4.31475925446	2.50022935867	-2.30690026283
0.437079071999	0.792329549789	0.425647526979
-3.26817440987	0.990127563477	3.15792512894
0.653434574604	0.683084189892	0.3262193501
-1.17442917824	-3.92530918121	-0.349293708801
-0.783241808414	0.160090491176	-0.600752055645
-0.711713314056	2.43299388885	-5.37970590591
0.584828555584	-0.729441165924	-0.354811251163
-5.349609375	-1.76005792618	-0.935633182526
0.247505694628	0.629442512989	-0.736575186253
0.733475208282	-0.429771900177	-2.63636016846
-0.111487820745	-0.885265171528	-0.451526194811
-5.63409376144	-2.53430056572	1.28079223633
0.389032423496	-0.8303809762	-0.398900210857
-2.1235294342	3.76748514175	-2.00127100945
-0.126362219453	0.894059538841	0.429755806923
3.62612962723	3.04149150848	0.0726475715637
0.671789824963	0.64300352335	-0.367756396532
-0.817286729813	-1.50963664055	0.993728399277
0.839366614819	-0.378032237291	-0.390583097935
1.69927740097	-1.93742489815	3.7957701683
-0.701726019382	0.469744265079	0.535649776459
-0.0301856994629	-2.57368731499	3.53172588348
-0.648272812366	0.517376542091	0.558626532555
2.31492376328	1.04331970215	-5.87006759644
0.394460469484	0.912287414074	0.110147610307
-1.63941907883	-4.92543315887	3.67165327072
0.593492269516	0.248318821192	0.76557469368
2.72995090485	2.38799190521	-4.53740119934
-0.688429236412	0.5076649189	0.518016636372
1.77561044693	-4.60791110992	2.34244537354
0.653395354748	0.748782396317	0.111351564527
-4.15665149689	0.923121929169	-0.756144762039
0.197226062417	0.752851009369	0.627946794033
-4.5683426857	3.76240968704	1.90126943588
-0.571106374264	-0.422928422689	0.70354026556
-0.391679048538	-3.50296139717	-0.483412981033
-0.741621613503	-0.548938512802	-0.385569363832
-0.460524559021	-0.580835700035	2.23308897018
-0.497771799564	0.446501642466	0.743545174599
-3.46300172806	-1.34246826172	-5.16127252579
-0.74063616991	-0.396824091673	0.542207121849
-5.08108377457	0.160152435303	-2.87753796577
-0.462648928165	-0.117963440716	0.878658473492
2.6999630928	3.3388338089	2.41322994232
0.347306102514	-0.69341814518	0.631307899952
-4.74767017365	-3.05850958824	2.74091100693
-0.301153957844	0.912369966507	-0.277285128832
-5.87409067154	-1.58754014969	-1.6387796402
0.265372395515	0.215422481298	0.939771533012
1.25222635269	-0.379788160324	-2.0053319931
0.689496338367	0.688351154327	0.225315973163
0.0901732444763	5.77783679962	0.423134803772
0.838942468166	0.0995318293571	0.535040795803
-5.43778085709	1.86211252213	-2.655554533
0.282080382109	-0.910597920418	-0.302062600851
-4.92213535309	-2.35941624641	0.0175485610962
0.265796512365	0.0252790860832	0.963697612286
4.7159819603	1.08663511276	-2.19835829735
0.190567612648	-0.841234862804	-0.505972087383
0.991485595703	0.604247570038	-4.85806465149
0.566976964474	0.493645638227	-0.659432291985
4.35032463074	-2.66382098198	2.70674800873
0.826213359833	0.0874709486961	0.556525170803
3.11935138702	5.02372932434	-0.676232337952
-0.27679169178	-0.784938871861	0.554307878017
1.125	-4.31014633179	-1.48307776451
0.452194929123	-0.584349811077	0.673836052418
-2.20876717567	-2.63757538795	-4.90041589737
0.532135784626	0.664849162102	-0.524220466614
-3.52998709679	2.86237859726	-2.47427797318
0.408669739962	-0.638601362705	0.652056097984
-2.42481422424	2.86855506897	2.26464176178
0.719094932079	0.0622383356094	0.692119002342
3.55984210968	-0.0760309696198	-0.0670607089996
0.715458154678	-0.0347570553422	-0.697790384293
0.219079017639	0.988399505615	6.25010156631
-0.99902254343	-0.0346245877445	0.0274740569293
-0.761511802673	-1.47740602493	4.76080513
-0.625571429729	0.733987867832	0.26442784071
0.749008655548	-5.65243244171	0.656886577606
-0.605589568615	0.639070212841	-0.474184006453
-0.680892705917	1.20174145699	1.32894396782
-0.177947163582	-0.709410369396	0.681961536407
-0.0862922668457	-0.431423425674	2.5519452095
-0.119419626892	-0.664011955261	0.738123953342
1.15484714508	-4.31558942795	2.49384689331
0.761267960072	-0.453712761402	0.463266342878
5.0565571785	-1.85875940323	-2.52811932564
0.426395535469	0.688571929932	-0.586562275887
1.02238464355	5.56337308884	-1.64727210999
0.933963835239	0.239912182093	0.264865159988
2.63307762146	2.75861740112	-0.0158219337463
-0.241344705224	0.528001070023	0.814228117466
-0.451196908951	-2.72945451736	0.43021273613
-0.0684191733599	-0.98416775465	0.163501292467
-2.23842072487	-0.824103832245	-3.09798145294
0.516725540161	-0.847104251385	0.1241331622
-1.3150780201	3.31418848038	3.16791009903
0.0856826305389	-0.727457940578	0.680781424046
-2.54756140709	0.862337589264	-5.74044275284
0.315631061792	0.895450234413	-0.31392031908
3.450735569	-0.212463378906	-3.99018192291
-0.808174788952	0.410365730524	-0.422437220812
4.32476758957	1.7371506691	-0.432538509369
-0.383321017027	0.91390645504	-0.133565843105
-4.53078174591	-1.06683731079	0.421088695526
0.523545086384	-0.724690437317	-0.448022484779
5.74780035019	1.38398742676	1.99459505081
0.692081987858	0.083856664598	-0.716931283474
2.61236953735	-0.58950304985	-1.48824131489
-0.661190330982	0.313916146755	-0.681383728981
-2.33857250214	1.50956630707	0.968227863312
0.685650765896	0.314169168472	0.656643569469
4.18889045715	1.50294589996	3.87150382996
0.73346465826	0.656782090664	0.175119429827
-2.55810475349	2.27100849152	-4.80507946014
0.365020513535	-0.762783110142	-0.533780634403
0.51478433609	1.29871225357	-5.30369615555
0.0227122250944	0.677737832069	0.734952628613
1.06425213814	2.11716747284	-0.132100582123
-0.858641266823	0.387886404991	-0.335080891848
-1.36290001869	4.57595872879	-0.259382247925
0.224724158645	-0.890245735645	0.396183699369
-2.84265756607	-0.209839820862	3.01099014282
-0.661685109138	-0.701528429985	0.264632850885
-0.788907051086	5.87566184998	-0.699262619019
-0.623162925243	0.780982792377	-0.0416404604912
3.81733417511	-2.45770430565	-3.48552179337
-0.318972080946	-0.614765048027	0.721332490444
-2.93223619461	-0.884707212448	1.80671930313
-0.137319281697	-0.563033938408	-0.814945399761
-3.2083735466	1.12597990036	-2.53041386604
0.372733622789	0.509553790092	-0.775515556335
-2.51111102104	-4.73492860794	2.60492515564
-0.21001458168	0.804951786995	0.554929077625
-1.23442578316	1.22480034828	0.623830795288
0.0319892130792	-0.70826292038	0.705223619938
-1.60831582546	0.30978178978	-3.19630384445
-0.521720230579	-0.819121062756	-0.23842959106
-1.35924434662	5.57161521912	1.48699474335
0.295556098223	0.910255372524	0.289968639612
0.543071746826	-3.38024806976	4.32792425156
0.37332957983	0.515251994133	0.77145332098
-3.67833948135	-0.142864704132	-2.86119747162
0.36414411664	-0.881380319595	-0.300944536924
-4.21907138824	2.21503925323	-1.81097912788
0.314025521278	0.821296870708	0.476297557354
0.904464244843	0.0265555381775	5.07184028625
0.724862575531	-0.495500892401	-0.478594809771
-3.86086702347	-3.07360553741	0.495168685913
0.066414989531	0.965931594372	-0.250130236149
-2.0304210186	5.33779525757	1.39924192429
-0.250412881374	-0.210759714246	0.944920003414
-2.59156703949	3.22203779221	-2.37716197968
0.500355780125	-0.392101496458	-0.771945893764
-0.951956748962	-2.03510117531	-1.0813075304
-0.529033243656	0.629852771759	-0.568690776825
0.907011985779	-5.28262376785	-1.19067430496
-0.833587288857	0.212898865342	-0.509711802006
-2.26879525185	0.319646835327	0.480127096176
-0.0759199336171	0.728112220764	0.68124049902
-1.82267153263	-2.69002246857	1.35294342041
-0.755193054676	0.576375901699	0.312208503485
1.90658712387	-0.773344993591	5.14543962479
0.816788673401	0.372570157051	0.440508395433
1.34691810608	5.11931657791	3.00731706619
-0.606554865837	-0.423857569695	0.672633528709
1.92139196396	0.964992523193	0.79890871048
-0.292441219091	0.754247128963	0.587868452072
1.30086660385	4.85978078842	-2.28945732117
0.0572803020477	0.996523559093	0.0604960657656
-4.41367816925	0.901248455048	4.48023843765
-0.320947885513	0.833574235439	-0.449606835842
2.25541734695	2.24070072174	1.14567232132
0.602013111115	-0.742806315422	-0.29294860363
-0.819331765175	2.1115527153	0.347037315369
0.263745874166	0.0403844155371	-0.963746368885
4.62900209427	-0.638122558594	-0.309500694275
0.457187324762	0.633478999138	0.624246776104
0.9247174263	-2.13795638084	4.1176199913
-0.61865913868	0.630907297134	0.468205839396
-3.41135621071	1.92106723785	0.756142616272
0.646406829357	-0.228415325284	0.728000342846
1.84240245819	2.43326044083	-2.96468782425
-0.713741183281	-0.175128281116	-0.678161799908
3.10155439377	3.37708234787	-0.855479240417
-0.217235043645	-0.745786726475	-0.629770517349
3.52239561081	-3.06024551392	-0.57066822052
0.468181103468	0.621761977673	-0.627868175507
1.24329328537	2.3001537323	1.93815231323
-0.216025710106	0.219289109111	0.95144367218
3.92782926559	-1.79768633842	-2.02610754967
-0.858672201633	-0.418676108122	0.295621395111
0.820154190063	3.21489667892	-3.40225625038
-0.36062514782	0.71765100956	0.59575688839
3.02604055405	0.907610416412	-4.61050748825
-0.301921457052	0.51392441988	0.802947640419
1.49531078339	0.019134759903	3.23586893082
0.697689056396	0.642603754997	-0.316686153412
-3.06248188019	0.10756111145	-3.50070357323
0.638218343258	-0.63818615675	-0.43057590723
-4.25751781464	-2.05893039703	0.788904190063
0.0496967807412	0.331223994493	0.942242324352
0.171178221703	-1.46481311321	-0.577163934708
-0.854580402374	-0.495017677546	0.157002300024
-2.09625959396	1.87815523148	5.54942655563
0.929370343685	-0.333036363125	0.159240201116
4.14812231064	-0.300206661224	-2.00998044014
-0.55529409647	0.667176544666	-0.496511816978
4.88660526276	3.12314414978	-1.36428451538
0.323427945375	-0.571230649948	-0.754380404949
4.87367677689	-1.67744660378	-1.26914691925
0.362633049488	0.695928215981	-0.619823396206
0.172770023346	2.05513238907	1.79577970505
0.0494821034372	-0.427494525909	0.90266263485
-1.6920800209	-2.51011610031	5.10092258453
-0.723014473915	0.553944647312	-0.412789702415
-1.44106841087	0.387838363647	-1.59292840958
-0.486012995243	-0.750518381596	-0.447787463665
-4.87561798096	-0.213620662689	3.15864372253
0.30921420455	-0.794569134712	0.522538423538
4.75530338287	-0.0546059608459	2.1003203392
0.424305379391	0.825527250767	-0.372115075588
3.88841962814	-4.00221920013	-0.150337219238
-0.796608269215	-0.573004007339	-0.192566394806
-2.47023916245	3.23374652863	0.232345581055
0.830838263035	-0.53858178854	-0.140133500099
-4.06401157379	3.52636194229	1.32350158691
0.310266315937	0.160674333572	-0.936973035336
4.13261938095	-2.40487504005	0.119440078735
-0.307374149561	0.690856575966	0.654399037361
1.37239217758	-2.55215978622	-0.517571687698
-0.0941179990768	-0.489003479481	0.86718916893
0.146458625793	-0.640194892883	5.52718496323
0.278304666281	-0.868362367153	0.410479336977
0.310792446136	-1.64792895317	3.52606534958
-0.549423873425	-0.755940854549	-0.355930566788
5.12886476517	-1.80143404007	0.829312324524
-0.035487961024	0.582528054714	0.812035441399
-0.0859160423279	2.4427189827	-4.20098876953
0.392925977707	-0.635387778282	0.664749026299
-3.58607411385	0.833350658417	2.32355499268
-0.744153439999	0.325284987688	-0.583459734917
-2.41094899178	2.41055011749	2.03999376297
0.903768718243	0.0511662364006	0.424951791763
-0.69328546524	-5.065928936	-0.879734516144
0.235558107495	0.0246339160949	0.971547961235
-1.82091403008	-0.524315595627	0.204123497009
-0.12598143518	-0.661841154099	-0.738982260227
5.31679582596	0.120757102966	1.15258216858
-0.367697775364	0.908730268478	0.197502866387
-0.00574636459351	2.21072673798	5.47462177277
-0.653057813644	0.248790025711	-0.715275466442
-0.616727054119	0.379082620144	-0.0535663366318
-0.215778529644	-0.110476382077	-0.970172345638
-1.95753955841	1.58304548264	-0.824842691422
-0.282151162624	-0.358629226685	0.8898178339
-4.7040886879	2.02994680405	-0.404945373535
0.627665936947	0.744760632515	0.226643115282
1.52436733246	2.2599864006	2.54941654205
-0.400103926659	-0.850795328617	0.340681493282
3.20403766632	-2.7911195755	-1.09286093712
-0.0241971723735	-0.339087158442	-0.940443754196
-1.87146401405	-3.27001976967	2.67845869064
0.839220583439	-0.154893368483	-0.521264493465
-3.14816403389	2.9607834816	-3.52054166794
-0.830029010773	-0.158642783761	0.5346814394
4.27418613434	-3.77444458008	-1.79746294022
0.56003433466	0.516859829426	0.647469997406
1.35139548779	0.600553870201	0.472564816475
-0.262742370367	0.114695459604	0.958024680614
-1.74930787086	-1.954611063	2.89435386658
-0.504505455494	0.826293349266	0.250426888466
3.70622968674	-2.18170928955	1.89441585541
-0.540710270405	-0.328665286303	0.774345755577
0.447993755341	-6.14980554581	1.66601037979
0.186130717397	0.703208506107	0.686187267303
2.18020820618	4.44136810303	-3.00762081146
0.354123711586	-0.527525901794	-0.772212862968
3.31675100327	4.03638982773	1.94757890701
0.452454358339	0.315939724445	-0.83394664526
1.59326028824	2.55211925507	0.589371204376
0.685989797115	-0.276319056749	-0.673101484776
2.05312395096	-4.48540258408	4.02718114853
-0.900723814964	0.189528658986	0.390864998102
2.69125747681	2.00552368164	-2.79750013351
-0.199292585254	0.73521488905	-0.647874474525
-0.806174755096	0.802261352539	-5.01073694229
-0.281343340874	0.600574910641	0.748435378075
4.01640224457	-0.826757669449	-1.22306108475
-0.672181427479	-0.463240861893	-0.577563762665
-2.05060625076	-4.18177223206	2.3031129837
0.435570478439	0.0243291612715	0.899825692177
0.600048303604	1.71980953217	0.417033195496
-0.272541552782	-0.0441112071276	0.961132287979
-2.18561935425	2.00739765167	4.83637046814
-0.667681515217	-0.710983335972	-0.220689579844
3.50128221512	1.06875038147	-1.22960090637
0.304289728403	0.748479306698	0.589225292206
0.398454666138	-1.45729875565	5.31535387039
0.366278409958	-0.606067538261	0.706061005592
2.77469491959	0.949738025665	3.68859529495
-0.134829640388	-0.836349844933	-0.531356334686
-1.36710214615	-5.21311855316	2.53252124786
-0.567570149899	-0.565471470356	-0.598419606686
-1.36955714226	-2.78825378418	-2.72389340401
-0.0415817275643	-0.459321469069	0.887296378613
-2.67636299133	3.67013931274	3.490193367
0.909877836704	0.410883128643	0.0574222020805
1.27369689941	-3.98737192154	-0.0699248313904
0.661241829395	-0.0277463644743	0.749659359455
1.0343337059	0.0477643013	-4.59959697723
0.442671924829	0.480371952057	0.757155358791
-2.47376656532	-2.79972457886	-1.00886750221
-0.655570149422	-0.696548044682	0.291630774736
2.660405159	-2.39098882675	4.3843164444
0.880249023438	0.473582029343	0.0296916179359
-6.23149585724	-1.2394695282	0.260152339935
0.192229047418	0.152086764574	0.969493448734
-0.946371078491	-3.5218629837	3.10640859604
-0.299232780933	-0.337141692638	-0.892633914948
-4.25166654587	-0.949053764343	-3.39513301849
-0.317502439022	0.861804902554	0.395580977201
-1.59357666969	-3.39616537094	1.38011693954
0.0587301552296	-0.712118864059	-0.699597895145
2.14069604874	-2.83478307724	-3.22643899918
-0.150329425931	0.470519214869	-0.869489967823
-2.65076899529	1.11224555969	-5.06620597839
-0.639347314835	0.716160714626	0.279908329248
-2.185942173	-1.96248888969	-1.49905753136
-0.590772271156	-0.315058082342	0.742782831192
1.72097921371	1.04329395294	-3.69767808914
0.523816108704	-0.31006911397	0.793393790722
-2.54164743423	-1.39421367645	4.90332889557
-0.528844714165	-0.479932099581	-0.699991643429
-1.51478052139	4.54218626022	-4.18269824982
0.556153476238	0.674864172935	0.485027343035
-4.6487159729	2.12067556381	3.75225305557
-0.0274330321699	-0.648398637772	-0.760806500912
2.41917037964	-4.0891084671	0.466600418091
0.260389447212	0.715712666512	-0.648037493229
-4.45639657974	-2.14014482498	-3.01051330566
-0.15430188179	0.925698876381	-0.345358103514
-4.78208065033	0.163424491882	-2.03467011452
0.670919895172	-0.574088275433	0.469349563122
0.489719867706	0.626386642456	-0.812527298927
-0.620290756226	-0.562738180161	-0.54641109705
2.43723678589	1.96982622147	0.566123962402
0.0382776968181	0.907368838787	0.41858869791
-1.58967638016	-5.47882270813	0.644617080688
0.289678543806	-0.957042813301	-0.0124662388116
4.25076675415	0.47705411911	3.93213653564
0.520706415176	0.853733658791	-0.00188833381981
3.33880090714	1.78707408905	-2.39666199684
-0.175144508481	0.854436576366	0.489144593477
-0.104177713394	2.72766160965	0.579288244247
0.149384304881	0.735472917557	0.66088116169
2.49231147766	-3.27113246918	0.453533172607
-0.0406379774213	0.648995399475	-0.759706139565
0.167818069458	-5.17525482178	1.96330022812
0.86827903986	-0.364614874125	-0.336373895407
1.90104627609	0.28999376297	5.24636983871
-0.850523114204	0.0299663115293	-0.525083065033
-1.29190254211	-0.805435419083	-4.02089166641
-0.515834212303	0.294652938843	-0.804422020912
-3.01584911346	-1.14834308624	-4.34729480743
0.66359102726	0.739612698555	-0.112338274717
-2.14045143127	1.74384307861	2.30914878845
0.563720703125	0.65590596199	-0.502002239227
0.468714237213	1.84718036652	-2.82248282433
-0.363571703434	0.773011386395	-0.519874155521
1.51577854156	4.94529771805	-1.52777862549
0.765692532063	-0.159850969911	0.623026788235
-0.339744567871	1.86365365982	4.16324567795
0.509524583817	-0.0236370004714	0.860131204128
-1.9866527319	-1.8673453331	-0.239346504211
-0.605388104916	0.161158010364	-0.779444217682
0.108507156372	-0.284119129181	-3.84102725983
-0.875610113144	-0.407691776752	-0.259025633335
0.536321222782	0.496671974659	-0.273288547993
0.0555195175111	-0.733353674412	-0.677576482296
-0.681965351105	0.0366860628128	0.931624174118
0.596823394299	-0.513085067272	0.616883575916
4.62714862823	1.54915571213	-3.39482522011
0.635855615139	-0.303046435118	0.70982414484
-3.29301786423	1.59125566483	-1.36117482185
-0.385971695185	0.09910274297	0.917171955109
-0.336007118225	0.188458442688	1.54674685001
-0.59395968914	-0.779611587524	0.198538333178
-3.30507230759	0.285317420959	1.63423633575
0.836164355278	0.509126007557	0.204009398818
1.9041557312	-3.48889422417	4.41802883148
-0.763652443886	-0.530946910381	-0.367328315973
-0.108353614807	-0.00974273681641	-5.32035541534
-0.408733606339	0.660745084286	0.629565417767
3.46267938614	-2.32245492935	0.924318790436
0.304441541433	-0.865626096725	-0.397500574589
0.3986120224	-1.77650427818	-5.15303373337
-0.166750505567	0.906014204025	-0.389014691114
3.15031147003	3.79315948486	1.39655590057
-0.573665261269	0.810530781746	0.118101514876
-1.72994685173	-3.59640836716	-2.51131749153
0.796001136303	-0.0622542127967	-0.602085232735
-3.1338300705	-0.16899061203	-2.4579975605
-0.852022051811	-0.322992861271	0.41198772192
1.33359718323	4.46291923523	2.56915569305
-0.758458673954	0.542814314365	0.360684335232
5.29894971848	-1.04913568497	-0.24308013916
0.00570480385795	-0.699095249176	-0.715005755424
-0.821664333344	4.82836008072	3.93063592911
0.34141394496	0.500095963478	-0.795826852322
-2.2154135704	2.38812160492	-3.98793363571
0.955399334431	-0.0136903012171	0.294999301434
-5.28888225555	-1.67433977127	-2.01820802689
0.308504492044	0.572281360626	-0.75981515646
4.99576187134	1.35846614838	-0.0973992347717
-0.282841086388	0.690101802349	-0.666153371334
-0.0729560852051	-2.72058820724	-3.82763433456
0.865713834763	0.308712333441	0.394000202417
2.07678556442	-2.51388835907	-0.135801315308
0.162371993065	0.777862250805	-0.607095956802
4.82256174088	-0.647947788239	3.79334688187
0.678063809872	-0.0621480382979	0.732370734215
2.13430786133	1.29213953018	-1.63475131989
0.308893084526	-0.521592915058	-0.795314908028
-4.14720344543	-3.23603177071	-1.79152727127
0.0149045782164	0.939887940884	-0.341157346964
2.178191185	-5.40219163895	-1.0472817421
-0.10534209758	0.203041136265	0.973487079144
3.55147361755	-3.49177789688	-1.30681586266
-0.821464598179	-0.402326107025	0.4041403234
-0.375649452209	3.5540394783	-1.49779009819
0.824860274792	0.289292424917	0.485711187124
3.50852537155	-1.52392816544	4.97286462784
-0.404258161783	-0.796766579151	0.449153065681
0.440899372101	5.94609546661	-0.650985717773
-0.708909451962	-0.0576155148447	-0.70294213295
-3.43487977982	-0.359175682068	0.553275585175
0.646932542324	-0.760775148869	0.051954433322
-3.76623439789	1.1416182518	2.90594863892
0.857749760151	0.454294145107	-0.240586727858
1.50669527054	-3.87266349792	2.81871604919
-0.595659732819	-0.342033416033	0.726775467396
-1.12630796432	1.03645563126	5.90614557266
0.882474005222	0.463711291552	-0.0788125172257
-1.95929849148	0.676049232483	-2.91547298431
-0.150792434812	0.942900359631	-0.296985566616
-0.0684580802917	3.62115001678	-4.50047922134
-0.558179080486	0.641740083694	-0.525933146477
1.0018529892	-1.46656239033	2.14500951767
-0.171065106988	-0.925780832767	0.337144643068
-2.75148677826	-3.00257873535	1.99597644806
0.750182986259	0.486222088337	0.448122143745
0.42292881012	5.1087064743	0.755982875824
0.678743898869	-0.39320909977	-0.620236337185
0.288340568542	-1.73644185066	-3.24145364761
0.0109211001545	-0.728522539139	0.684934675694
-1.89474487305	4.10634183884	1.24370002747
-0.658507108688	0.552725732327	0.510747134686
2.13139867783	-1.58401823044	-5.71333694458
0.928103327751	-0.331195384264	0.170099049807
4.01036405563	2.82585191727	-4.08417987823
-0.0994482263923	0.402701407671	0.909912824631
-3.43391013145	0.936236858368	4.94338846207
-0.412800222635	-0.763374269009	-0.496845662594
-0.0734243392944	1.34506523609	0.794250607491
-0.256448656321	-0.318353712559	0.912625253201
0.790280342102	-0.852615356445	-4.58758115768
0.92906922102	0.286989986897	0.233381390572
-0.032525062561	-4.63200044632	-0.854936599731
-0.511630833149	0.842452943325	-0.168839678168
-1.67510068417	0.466661691666	1.45600128174
-0.290834933519	-0.956480503082	0.0236601531506
-1.62245035172	2.59305238724	-0.540039777756
-0.596233546734	-0.243449643254	0.765008270741
-4.28923845291	1.34948015213	-1.33620500565
-0.0102266538888	0.490809470415	0.871206820011
-0.568747520447	4.50122880936	-3.21834778786
0.874397993088	-0.47797948122	-0.083448804915
2.10843276978	-1.23969209194	-2.03483295441
0.510163545609	-0.78286421299	0.356169492006
-2.0819106102	-4.01945972443	-2.43932414055
0.461212605238	-0.658293545246	0.594922244549
2.51455783844	0.382601261139	0.931879520416
0.43217036128	0.00513251312077	-0.90177744627
5.74510288239	-1.22753620148	-0.647433757782
-0.197500735521	-0.483884245157	-0.852554619312
-1.76212310791	-2.51910829544	-1.83510792255
0.883669912815	-0.461009353399	-0.0812268704176
-2.94416975975	-1.66812992096	-4.7743806839
0.453295439482	0.657323241234	-0.602037549019
-0.507176876068	-3.6775970459	1.13476896286
-0.106839768589	-0.972701132298	-0.20600348711
-2.64134716988	-1.99763059616	5.34097528458
-0.80450296402	-0.548763513565	-0.227230101824
-3.89003705978	0.509150505066	1.76362752914
-0.497043460608	0.205646693707	-0.843004882336
-2.96773672104	3.51519727707	-0.911618232727
0.608871936798	0.391714841127	0.689807474613
1.16362762451	-3.32905864716	1.44828367233
-0.245449230075	0.160859212279	-0.955970048904
0.854241847992	-1.85160183907	-3.34430837631
-0.627902507782	-0.399732738733	-0.667796373367
1.63044929504	0.445555686951	4.48960256577
-0.270142823458	-0.738735318184	-0.617489039898
2.64335680008	2.07835674286	3.16512441635
-0.754314661026	-0.0627348273993	0.653508722782
-0.0871286392212	-3.24974298477	1.6414809227
0.833641886711	-0.279995441437	-0.47607126832
4.17055940628	1.9316906929	-1.03045701981
-0.896838903427	0.437859654427	-0.0629189684987
-1.05720853806	3.40131044388	4.01520872116
-0.0566780790687	-0.601636588573	0.796756505966
-3.84818410873	1.98478221893	-3.51345944405
-0.78250336647	-0.555450022221	0.281360417604
0.631095409393	-1.58934760094	-2.1208562851
-0.653219282627	0.62319290638	0.430040717125
-2.81007695198	3.04103279114	-2.94644165039
-0.120790310204	0.817520320415	0.56308978796
1.62638759613	4.06315851212	-1.89171504974
0.72041529417	0.689664959908	0.0732389092445
1.16421604156	4.93790435791	2.27761268616
-0.202745884657	0.564779102802	0.79994904995
1.71766042709	-3.71326351166	4.82659959793
0.824279606342	-0.368210524321	-0.430097699165
3.64760017395	1.84120607376	0.835271835327
0.273521453142	0.099659897387	-0.95668900013
-2.47916841507	-5.56629943848	0.945652961731
0.676039338112	-0.727678596973	0.115994006395
-0.894865512848	-2.54925727844	-2.55128622055
0.553778469563	-0.821853399277	0.133739680052
0.0417265892029	3.65031147003	1.97163438797
0.640516459942	-0.767913043499	-0.00693511031568
2.11363363266	-0.673597812653	5.81085920334
-0.68681371212	0.593210101128	-0.41998654604
4.38014268875	2.2542848587	2.46685552597
0.715297877789	-0.568107783794	-0.406942814589
1.08194971085	-4.84921503067	3.60645341873
-0.737205028534	-0.675338983536	-0.0211198758334
-0.0641846656799	2.37608480453	3.66542720795
0.395521402359	-0.830730021	0.391727298498
1.05975723267	-1.2454419136	5.52652359009
0.359614998102	0.621983885765	0.695566654205
2.76081514359	0.634920120239	1.34840011597
0.224802464247	0.590091228485	-0.775407016277
-1.36196327209	3.09155702591	0.501514911652
0.804736256599	0.579461038113	-0.128935471177
-1.19064903259	-5.8714723587	-1.92408037186
-0.475084513426	-0.68992805481	0.546162724495
0.497193098068	1.21719694138	2.31316709518
0.8204215765	-0.292802423239	0.491095989943
-2.86486887932	0.160843849182	4.05108547211
-0.748723626137	0.470416486263	-0.467034339905
0.899604320526	3.32924699783	2.30884122849
0.482209801674	0.713417410851	-0.508437931538
-2.42825102806	-1.12033200264	-1.72013521194
-0.0607503466308	0.554372608662	0.830048382282
-0.558354854584	2.8857960701	-1.46848416328
0.44520971179	0.257072597742	0.85773062706
3.21060085297	4.93156719208	1.02816104889
0.939464747906	-0.266319155693	0.215591877699
-1.26138591766	-0.0743515491486	-0.977424621582
0.327207386494	0.225248575211	-0.917713522911
0.34929895401	5.94899129868	0.0237007141113
0.202656909823	0.978753805161	-0.0311621371657
-5.76710700989	1.21008300781	2.48117685318
-0.50500112772	-0.851328372955	0.142174914479
1.03078436852	0.209618330002	0.444113850594
-0.250337362289	-0.0250366795808	0.967834830284
3.96100139618	-0.440359592438	-4.45582151413
-0.636551439762	0.386822909117	-0.667210698128
4.90987205505	0.288342475891	-1.30371952057
0.27432897687	-0.841818213463	-0.464850366116
-0.263063490391	0.967109441757	0.569692969322
0.521138191223	-0.649971246719	0.55312949419
-0.76365685463	2.50105953217	3.35199022293
0.489828437567	0.551890254021	-0.674896359444
-2.50925683975	-4.42766618729	0.687957286835
0.675549566746	-0.0794107317925	-0.733025610447
2.91631126404	3.71600627899	-2.82655453682
0.992143452168	0.079213924706	-0.096831433475
2.34442472458	-4.24107503891	-2.602684021
-0.944151699543	-0.196964204311	0.264163762331
-1.89776325226	0.340391635895	-5.83647918701
-0.543115615845	-0.494507342577	-0.678592503071
-3.31243252754	-1.7517387867	-2.95817136765
0.286784857512	0.862487673759	0.416976183653
4.48872756958	-3.66991114616	-0.912139892578
0.621635198593	0.538724184036	0.568635046482
1.76327323914	-4.00775003433	-0.409186601639
-0.757778048515	0.528637349606	-0.382511287928
2.44925832748	-0.5626039505	-0.436823129654
0.642138719559	0.515339016914	-0.567524075508
-5.6613907814	-0.342747688293	1.54119491577
-0.755057632923	0.0433463789523	-0.654223918915
-0.671962738037	-0.866448402405	-4.90215682983
-0.923968315125	-0.33618298173	0.182382926345
3.43263101578	-0.213289260864	3.28027772903
0.504823684692	-0.629660129547	-0.590492129326
-0.522161483765	-0.952034473419	-2.89125323296
-0.702563226223	0.701151669025	-0.121619209647
-2.43689918518	-3.83580684662	2.81844758987
0.6115924716	0.354610800743	0.707252264023
-3.18755125999	1.26553201675	-4.57579040527
0.610221505165	-0.73774087429	-0.288735240698
2.26955366135	4.03636407852	1.05610895157
-0.192631497979	0.461448997259	0.866001069546
-2.37607145309	0.624357700348	5.28600883484
0.0467676520348	-0.989728450775	0.135094359517
1.98653793335	3.55662250519	3.88945674896
0.568797111511	-0.73132109642	-0.376349955797
-2.80942487717	-3.86497235298	-3.22020554543
0.997239530087	-0.0740730911493	0.00513633433729
3.81912851334	-0.954805374146	-0.609402179718
-0.449079036713	-0.50793081522	-0.735074281693
-3.52149629593	3.41435575485	2.35706567764
-0.653104364872	-0.736590206623	0.175754383206
2.30978155136	1.7377743721	-3.60581254959
0.813902020454	-0.0220489092171	0.580583453178
-5.56789493561	0.870429992676	-1.84317445755
-0.597359716892	-0.555297911167	0.578623831272
1.97080755234	-2.56447887421	2.19696569443
-0.118856549263	-0.635227382183	-0.763124585152
4.88876914978	0.916645526886	-1.48526263237
-0.721028268337	-0.639387011528	-0.267025232315
1.5241689682	1.40530920029	-2.22350025177
0.541642129421	0.558860778809	0.627931773663
-4.01946353912	1.2986035347	1.05462646484
0.0301077645272	-0.511896669865	-0.85851919651
3.58787870407	0.680515766144	-1.00191187859
0.209808707237	-0.691758811474	-0.69097751379
-0.838923454285	-3.8910317421	1.66385555267
-0.835211038589	0.45968106389	0.30185392499
0.494523525238	3.32768583298	-1.01925206184
-0.598978638649	-0.544159173965	-0.587465107441
0.518709182739	3.9000453949	0.716540813446
0.998466432095	-0.0366029702127	0.0415298268199
2.22997236252	-1.36571359634	2.24893093109
0.89288520813	0.262143194675	-0.366110146046
5.37603139877	-0.192646026611	-1.11137628555
0.220532760024	-0.789425849915	-0.572862923145
0.216206550598	2.67808485031	2.34175443649
0.641198277473	-0.761830806732	0.0920791774988
-0.194268703461	0.284395217896	-3.16468262672
-0.858535051346	-0.331981062889	-0.390775978565
2.1073718071	-0.591001033783	-5.99959278107
-0.665395200253	0.20786485076	-0.716966688633
-0.365492343903	-5.51154899597	2.03022670746
-0.124128423631	-0.594739794731	0.794277369976
2.29165935516	1.61627388	-4.98585176468
0.22467969358	-0.960679113865	-0.163139685988
-1.0445933342	-4.81947183609	-4.01654243469
-0.578777492046	-0.562420010567	-0.590508580208
4.60725545883	0.682613372803	2.54473733902
0.569046795368	-0.202769383788	0.796912848949
0.83979177475	-0.839762210846	0.0463064908981
-0.407343447208	0.0827879533172	-0.909515023232
2.71591281891	-2.27950358391	2.41189527512
0.535760521889	0.521328210831	-0.664211928844
-0.913185358047	2.22840738297	-4.0330491066
0.85852175951	0.419638127089	0.294693499804
-4.17350387573	3.94543600082	2.33278226852
0.192253082991	0.643256902695	-0.741120159626
-0.837996959686	1.2009973526	3.61954927444
-0.425624400377	-0.604012191296	0.673804879189
-1.97640967369	1.14508771896	-2.17899870872
-0.646971702576	-0.336452692747	0.684271216393
-1.99656462669	3.22194051743	1.73542165756
-0.962311089039	0.201542794704	0.182586312294
-1.23972511292	4.47194290161	-3.74744486809
-0.873115777969	0.285843014717	0.394920855761
-3.76458644867	-5.02886486053	-0.289624214172
-0.991051971912	0.0778874903917	0.108395367861
-0.0717668533325	5.00555038452	-3.26241493225
-0.723555624485	0.352631121874	0.593395709991
-0.226862668991	2.70353507996	2.03992986679
-0.914084911346	0.226165428758	0.336597502232
0.178350448608	0.642077207565	2.08678722382
0.604984104633	0.581901013851	-0.543493628502
1.13856840134	-3.83336997032	1.08412694931
0.264266848564	-0.232533589005	0.935997247696
-4.34651756287	-3.97962141037	-0.578159332275
-0.847559809685	0.454230129719	-0.274439424276
1.88432455063	2.37599802017	3.45197820663
-0.634794652462	0.199039071798	0.746605038643
-2.20911383629	2.43104219437	-2.34010982513
-0.887638747692	-0.0257399622351	-0.45982041955
2.79791021347	-1.4864897728	-3.09157204628
-0.124224863946	0.933789610863	0.335566759109
2.08003234863	-0.519040822983	2.35757446289
-0.836900889874	-0.107615418732	0.536670923233
-3.18616104126	-1.67955970764	-2.23496437073
-0.543971717358	0.119672380388	0.830525815487
-2.33939528465	-2.00391793251	-3.61448645592
0.275841385126	0.302677989006	-0.912303447723
-1.4438174963	0.00169050693512	0.218021154404
-0.71353584528	0.540107429028	-0.446262806654
1.23427343369	-1.5014026165	-1.03662419319
-0.832187891006	-0.0960448011756	-0.546112298965
-1.21591615677	-3.42292547226	-2.39048695564
-0.373786270618	-0.476630151272	0.795680403709
-1.96814823151	-1.80155897141	3.83034658432
-0.650118529797	0.664033770561	-0.369330197573
-1.24431276321	-2.04315090179	-0.143087387085
0.469521671534	-0.36654651165	0.803238987923
0.252395629883	-0.504523515701	-2.68575286865
0.470515012741	0.770952701569	-0.429240822792
3.77654266357	-1.09922218323	1.84897136688
-0.600579559803	-0.324139028788	0.73091584444
-3.69202589989	-1.84054660797	2.38724851608
-0.235226795077	0.0349887721241	0.97131049633
3.27071237564	3.48597574234	4.06740140915
0.790906250477	-0.515439033508	-0.329833209515
-5.40222072601	-0.503540992737	-1.30173969269
-0.602217435837	-0.410271078348	-0.684844255447
0.0312675237656	-1.12458491325	0.811257481575
-0.596040129662	-0.148800387979	-0.789046525955
-3.96775960922	-3.56048798561	3.07468652725
0.272954374552	-0.795078158379	0.541614711285
-0.643030643463	0.673840999603	-6.32740592957
-0.715107262135	0.116608776152	-0.689219653606
-3.40950679779	-2.58532547951	-1.76893877983
0.673230946064	0.519909322262	-0.525789141655
4.3457865715	1.56594610214	1.27369976044
0.545282304287	-0.490850836039	-0.679509103298
-0.992869377136	-1.67369031906	-3.70077323914
0.543279230595	0.476899236441	-0.690952003002
-2.56600499153	4.30815410614	-1.17254734039
-0.831964612007	-0.554734051228	0.0102413855493
-1.80511569977	-3.36518859863	-4.57010221481
-0.387954562902	-0.585691034794	0.711658000946
-0.659488677979	2.51432037354	1.77408123016
-0.0185465011746	-0.615303993225	0.788071572781
-0.0996236801147	4.45437574387	-0.991056203842
-0.534732997417	-0.177441298962	-0.826180994511
2.93920469284	-4.43818664551	-1.65096449852
-0.565880775452	-0.528646707535	0.63270175457
-2.43818068504	-0.290262937546	-1.81705451012
0.132490590215	-0.783719539642	-0.606819391251
-3.09157466888	-1.24407291412	4.46786355972
-0.561010599136	-0.802184462547	-0.204369664192
-0.651478767395	-4.71923446655	1.71917533875
-0.0531071946025	-0.648499667645	-0.759360074997
-2.93096184731	-1.26120257378	-3.87540912628
0.153239890933	-0.950936675072	0.268769413233
-2.59123945236	1.84653425217	2.55111837387
-0.543623685837	0.0775097608566	-0.835742533207
2.9983792305	4.41287374496	3.36600160599
-0.781376421452	-0.525744259357	0.336219966412
-4.24265003204	-1.85040402412	-0.854161977768
-0.383862227201	0.713198423386	-0.586513221264
0.514090061188	-5.33855104446	-2.50511002541
-0.677375257015	0.560619950294	-0.476306468248
5.40116071701	2.24815034866	2.58576059341
-0.509327709675	0.109607718885	0.853563904762
