800
2.62349618676	1.69897228243	-2.67893900093
-0.62027876339	-0.029350649345	0.78383212174
-2.60502753291	-2.82714378828	3.11422842061
-0.410711417427	-0.655742361458	-0.633496714265
1.56357113796	0.554913638419	-0.710042753976
-0.75499176539	-0.0748959434922	0.651443038064
-1.11769809511	2.23653327412	-0.791290891082
-0.620362079745	-0.656611043059	-0.428967164416
-0.719608582357	-1.77965554762	0.93837220986
0.814383961539	-0.578967125303	0.0396967379946
-0.358483778835	1.34630465278	1.13552499755
0.983983463856	0.120818793498	0.131070065219
-1.11825103135	-1.74590456363	3.03188854958
-0.666936903175	0.328810462477	0.668639549346
-2.52969600118	-0.449397716282	0.373986293683
-0.591689428526	0.723119733722	-0.356372657301
-2.28630663272	-0.308301089496	0.19003509102
0.61470837578	-0.786318736016	0.0619391486569
2.2332941191	2.60133561526	2.31596506697
-0.643496766548	0.735604963328	0.211653607032
0.1313052442	0.816348654926	-1.75978932925
0.534855123029	-0.589349567079	-0.60547261305
2.01463586811	-2.40425013325	-0.967732731991
0.460455932893	0.0177691863524	-0.887504698512
1.70073305218	1.96958771363	-2.07919011918
-0.290407333035	-0.917907079238	-0.270388932473
1.38525369404	0.042693269748	0.797485723322
0.836209209544	-0.490871681204	0.244538648207
-2.54566016203	2.23503537467	1.26483841504
-0.705746484002	-0.561934767525	-0.431452450875
-2.76215209427	-0.799133469259	-0.0547105935113
-0.348440971245	-0.633608436689	0.690745422362
-1.02115160913	2.56323115157	2.7282186405
0.000681033172807	0.10456320799	-0.994518009756
2.49780420571	-2.64166234872	-0.698344995011
-0.983065207182	0.18072816126	0.0303336472671
-1.77838294495	0.845781551024	-0.651491168738
0.744750974774	0.356554164769	0.564105586888
2.43256571403	-0.40336386769	-0.829870346422
0.708997135469	-0.41952807776	0.566850292289
-0.238039473076	1.92749409389	-2.21763864353
0.648185723836	0.75312764815	-0.112490057373
2.80782727824	-0.908454974561	-1.99504198423
-0.489233025347	-0.5044951739	-0.711432123552
-2.5817860876	0.316487568922	-0.955991419762
-0.212252502234	0.637588471102	0.740560474785
-1.59069230355	0.559420281657	2.15101716756
-0.689444575349	0.110854883804	-0.71580540111
2.85800597731	-2.05028298074	-0.00908893529781
0.828492971247	-0.473610968976	0.298817748233
0.138753886145	2.91586351305	2.51657981983
0.389660512909	0.866281795314	-0.312602840338
-0.0571443222116	-1.66026259017	0.990909448757
-0.883317070353	0.451247388395	-0.126991132329
-2.48009691917	-0.322943648992	2.353556971
0.0333537569617	0.720354638834	-0.692803522802
-2.2026407788	0.459382602186	1.26230907658
0.812136433463	-0.31567523707	-0.490697012567
1.40292659734	1.86964471478	1.5199183224
-0.0392547593097	-0.519312316147	0.853682483228
2.10210663701	-1.04136105594	-2.7487221747
0.493538519528	0.425462320874	0.758552267981
-2.01567934586	2.90291648352	-1.50367348591
0.655738984574	-0.175691118246	0.734260863099
-1.17723211779	-1.56242854119	2.7060307738
0.292646206938	0.878229047933	-0.378248512133
0.132349998441	2.21502422671	1.98488616432
-0.170523199009	0.689794357468	-0.703637394547
-2.76807180461	2.43817981395	0.345326543836
-0.744201006421	-0.549507258137	0.379745487527
0.258662604192	-2.52787866132	0.143396046489
-0.663018854601	0.427632347319	0.614440049126
-2.87972093391	-0.841492901535	2.17531995512
0.464481916093	-0.64100939221	0.611034785197
-2.65654341309	2.86090682978	-1.18972967006
-0.324222509487	-0.940333958947	-0.103207606277
-1.61912831541	2.79128504067	-2.99812741637
-0.490151153727	0.629376206977	-0.603023578802
-0.248730295631	1.68754925385	2.26765136555
0.324672522528	0.62656256385	0.708524598512
-0.142826139804	1.00657181594	-2.86518324065
-0.645647494704	0.559162654107	-0.520073493685
1.60230649942	-0.755337171159	1.99689996191
-0.426800256284	-0.12291061444	0.895954531265
0.229582887862	-0.761026394034	0.550441203559
0.668030655109	0.0411114287493	-0.742997237048
-2.95660533117	1.21050655394	-1.49755290101
0.295875438299	-0.929224869891	-0.221356875174
2.88242052068	2.38334668121	0.666623752187
-0.456626889574	0.129122609967	0.880238169652
-0.779919090078	2.70203264924	-2.84169925559
0.558280955244	-0.829627738312	-0.0063396242436
-0.881309529915	0.267635234252	-3.0274118184
0.658730854125	0.244304816611	0.711610018482
-1.13806015216	2.52471925531	-0.11341254606
-0.719716353069	0.664878555091	-0.199862147756
-1.31213497109	0.235805883899	-1.96245163774
0.590237617733	-0.732569416791	-0.339059882903
0.951274515898	-0.0814893505855	-0.652058029387
0.425679662836	-0.664487284505	0.614209633089
2.10092134551	3.10375437849	1.58150917932
0.577136804608	0.595882750792	0.558423545417
3.12636531101	-1.16038598283	0.170318248003
-0.688764782052	0.0361827683565	-0.724081405837
-2.03281894051	1.87781540657	-1.85109162574
-0.708084338851	-0.605037661835	-0.364068670495
0.658633492488	-1.53804553804	1.38210810761
-0.320558696529	0.891990870696	-0.318738778115
0.0896279617945	0.0608247585035	-1.78261971427
-0.887896002911	-0.385851319522	-0.250518357088
-1.85216595231	-0.718830031988	0.89354584942
-0.324777627069	-0.486542233249	0.811046329269
0.362855239015	1.93350820292	2.3720555977
0.561219948327	-0.408717989821	0.719709506952
1.32480988761	-2.64098774544	1.30157615895
-0.077411912472	-0.917347578918	0.390487919481
2.02590109174	-0.733312582927	2.81754797962
-0.358790825444	-0.611718822447	-0.705031365147
-0.432551049897	1.51601198555	0.844381469681
-0.722260988664	0.690557185991	-0.0383384549947
-1.64836159883	-1.02602943979	-1.54982870678
0.274870201843	0.359770420727	0.891634239197
0.379602268435	-2.79475484245	-1.97900393272
0.0832227615065	-0.946608551571	-0.311458218802
0.312946197277	-1.81771294634	-0.96951177018
-0.277404693341	0.0415411429915	0.95985466064
-2.46340829319	1.39824720224	2.72328719034
-0.748623217444	0.623911463677	-0.224271629493
0.735302448024	-2.70224311821	2.42133039188
0.338838089342	0.409783378268	-0.846915776276
-2.30406263454	-0.255722816583	1.28309769278
-0.922525121155	0.382350740107	0.0524910694909
0.865967950028	-0.724751406668	-0.624044837845
0.544834573901	-0.709025265216	0.447703540713
-2.64519695256	-1.3324992995	-2.82456354851
-0.519074017805	0.762879052513	0.385457799605
-2.33622471224	1.17453059498	-2.84163052234
0.4979049933	0.170579914035	0.850290015568
0.0694462909265	-1.05971391607	-2.34696345772
-0.977093134175	0.023928302283	0.211462629083
-1.60424393267	-0.12905782506	-1.54933265719
-0.618132396343	0.593814639044	0.515069427405
0.288157015988	2.45636313024	-1.909101604
0.126357903916	-0.979021997254	0.159842450592
2.55729561358	0.433748866496	-2.48395902923
-0.285973237676	0.731709135756	-0.618725341314
2.94459648207	-1.65115004165	0.878860062386
-0.463130603899	-0.564908941768	0.682926007151
0.593593146128	-0.866953014977	2.93611897997
-0.485618219137	-0.823082317689	-0.294466370831
-1.7013855385	0.245494540624	-2.0945799161
0.449628085851	-0.742774947777	0.496104788697
0.0270425840956	0.60988287414	-0.600921757032
-0.971162629762	0.123639841101	-0.203853712859
-2.03601372087	1.8036673198	1.14780618801
-0.574008038759	-0.818120047358	0.0345595073827
-0.855571850935	-0.621546734234	-0.868880140168
0.995070649056	-0.0891775407659	-0.043379368483
2.69961938835	0.939131138583	0.135995943546
-0.727076320462	0.386914136443	0.567148547776
-1.57006125086	2.85757030328	1.99414193855
-0.841283166132	-0.506518622187	-0.188895526047
-2.3680675677	1.3677389849	-2.91844776894
-0.664946852029	-0.676445793169	0.316649290035
0.585607654347	-2.42896480205	1.82230395131
0.69996783126	-0.710762477843	0.0697261449592
-0.212878799608	-0.401822951188	0.20212535222
0.250403038764	0.745726628271	0.617405955644
-0.80519003921	2.58212334494	-0.341236100031
-0.224116611317	-0.278381261692	-0.933956967783
0.995971142772	-0.0611485517563	-1.34613648092
0.542130956336	-0.783635613792	-0.303330267168
-0.854004271002	-2.68697193333	-2.03466424539
-0.133599585545	-0.969814495669	-0.203987731819
-2.48039449422	-1.96093087656	-0.222681000813
0.693436198132	-0.312457119081	0.649243242441
0.336167202774	-0.893203253658	1.98266323445
0.781643810145	0.185276511169	0.595571631688
-1.91990530149	3.06410534749	0.791563601153
0.753534448723	-0.216111084612	0.62087183355
-0.294127195842	0.135650937929	-0.342396382862
0.919387958775	-0.316366191682	0.233748185062
-2.7341364175	-2.81128780957	-1.62756226042
0.16310083725	-0.567051336908	-0.80737283717
-1.71113051504	1.41532724691	2.17824516633
-0.400811981414	0.899516656997	0.173837681012
2.33976416607	-2.37723007331	0.682523082446
-0.542554701224	-0.452063446861	0.708006381462
2.22858152259	-1.66761484112	0.132465602283
-0.740140024275	0.270525120561	-0.615636990126
2.19840043562	0.394266214046	1.01694332267
-0.616254779924	-0.219403217446	-0.756367816869
-0.126697715715	-0.292150413165	-0.20117760116
-0.581442148974	0.0366505123828	0.812761814641
-1.46193184197	1.00178621832	-2.17333728861
0.527559478745	0.566783834612	-0.632800980727
-1.25710294743	0.0447609819629	-1.13924968698
0.605854154505	0.786254346587	-0.121428357242
-0.0859771236376	-0.617805673111	-2.33689862908
0.196698777556	0.929300073336	0.312587531112
-1.02646252731	3.13355000752	0.863501042681
-0.100850241934	-0.702016535621	0.704983696561
-2.03522383355	1.23519780257	-1.6913309404
0.185380262653	-0.399886040026	-0.89762203249
-1.98746121092	-2.04665760982	0.055129985743
-0.739578974397	0.130794393075	-0.660239174368
1.26296876918	-2.89069784278	-1.0228805368
-0.972646522842	0.195156955756	0.125986127108
2.76859418253	-1.07257867521	0.611280027432
-0.643126322112	0.324338637827	0.693680749206
0.942351354673	2.42229956099	-2.11801556787
-0.0200526429063	0.915403612871	-0.402037457278
2.94547282052	1.28438216177	-2.9456978971
0.050700157587	-0.85214298772	0.520847216082
-2.63254038964	0.778153220532	0.166826917622
0.993944221934	-0.0534173183508	-0.0960285050572
0.761381369505	0.486196644425	2.72810259126
-0.495440637332	0.838217273023	-0.227882377741
3.13640095396	2.22734834617	-2.84762901809
-0.39663818977	0.600027524428	-0.69472664865
-0.867605670409	3.10281443559	1.10327349906
0.760184883282	-0.00614296457649	-0.649677771834
2.2603139669	-0.207400702695	-1.49506668049
-0.202358186444	-0.479053390074	-0.854142267914
-0.57119211085	-0.291878112188	1.47944272963
-0.426385809882	0.394429185249	-0.814015208062
1.98361254742	1.03594607176	2.17540766583
-0.0605697073651	0.0976875603714	-0.993372262094
1.21740784831	-1.48496849694	-3.15018009168
-0.488415769227	0.851382056495	0.19130768476
0.495591417297	0.913657540666	-0.962790405418
-0.521970845543	-0.837720200659	-0.160534425628
2.16176043935	2.05547837094	2.20457859133
-0.293057554604	0.870189947356	0.396089289442
1.72596474429	-0.107988691769	-1.28837119238
-0.774196312789	-0.582337097593	-0.247999141189
-2.91709307432	-0.63946826995	-1.67025592809
-0.784860782795	-0.511416145871	0.349924388079
-2.70671764621	2.92938013969	2.69431964866
-0.19578118421	0.0429322146901	-0.979707381237
-0.0242026130807	-1.84653116158	2.52151031864
0.728727136244	-0.360847993295	-0.582018459017
-1.60593430152	-1.03249139856	0.407526913948
-0.872739954379	0.268172647561	0.407931860892
-1.20580205707	2.40962903126	-2.58733999237
-0.810444232475	-0.201014400483	0.550248450108
-2.32306449965	3.14111741664	0.244439260931
0.551314315982	0.474776668389	-0.68603180695
-1.70660328165	-1.6910083504	-1.25574884265
-0.812862646551	0.581758883763	0.0284766396407
-0.215232451187	-2.92521410242	0.460667775695
-0.788555883664	0.601470610495	0.128112150281
-1.89293468577	1.70057907314	-1.7251857603
0.801385094216	-0.42904046047	-0.416780774565
-1.24035463727	2.25146380475	-1.69213922414
0.147510915456	0.984763815323	0.0920910302446
-1.42579646746	-1.24657954834	0.440869943065
0.358873026017	-0.745293906813	0.561913822275
-1.12340895979	2.70876164605	1.51955094673
-0.134916864729	0.134513343311	0.981684063272
-0.0692303802512	-3.05711823311	1.73839374306
0.298583745125	0.78830759923	0.537976650183
1.85436877833	1.24091459792	-2.99427943069
-0.477282677035	-0.3433853331	0.8088805593
0.259192961382	-1.7930803783	1.97654300135
-0.67798854759	-0.6710017948	0.30014683192
-1.12978620791	1.59549102239	-0.290244260829
0.115003471481	-0.950399877175	0.288988364839
-2.02675928209	0.408893841542	-0.818350142603
-0.355377434891	-0.905301659243	0.232670979158
1.19935079845	0.535376310966	-1.91618735615
-0.0573083750457	0.647523161092	-0.759887824615
-1.25835576174	0.0885199745904	-1.83664800989
-0.70924501299	0.704417086392	-0.0277142553106
-1.3080753712	3.15257004364	-2.02150206967
-0.521383359801	0.623044329475	0.583073885225
-1.85615453831	1.06583694289	-0.84029355508
0.577428199454	-0.363979713278	-0.730818337754
-2.03278743667	2.22746204553	0.220209743835
-0.52709874935	0.525988827754	-0.667459857604
-2.99110170503	-0.33001625098	2.1038073485
0.513703830425	-0.806534591211	0.292592426059
1.60750211001	-1.29171295153	-0.0551490567807
-0.508692858163	-0.0361492669499	0.860188820291
1.94641439683	-1.63526198125	0.641663367633
0.680480447308	0.400534573678	-0.613610964798
-1.75298141151	-0.136926307633	-0.694615165558
-0.701404538623	-0.567001665381	0.431903675202
-0.373291936784	2.33816775138	-0.988369934183
-0.52440274807	0.49899436319	0.689932158491
-2.8465204056	-2.75106557699	-0.2246511606
0.257880068565	-0.81411151144	0.520307906127
2.09093937404	0.901564842725	-0.349171409543
0.874971025671	-0.480609544445	0.0586529626276
2.37074978553	-1.95801774982	-2.73539301625
0.944500225122	0.0659337880895	-0.321826133702
1.30581504212	0.303015498765	2.19422069479
0.715751531128	0.186242100195	0.673062869131
-2.3574945867	2.22670519354	2.70117982903
0.528332708692	0.61817420332	-0.582001033741
0.5332717475	0.750568243147	0.910621190179
0.671257623411	0.644343061924	0.366381251654
-1.89987968094	-2.03213998834	-2.51770517998
0.676186423748	0.547760359028	-0.49267688135
-2.77901162651	-1.59395028943	-2.35563561281
-0.452548921197	0.146559296825	-0.87961346422
-0.0625515910072	1.74096261031	0.00644966142728
-0.0969618814403	0.98652546447	0.131779746169
-1.18423633151	-1.30050346552	1.80064605022
0.808448710955	0.580425978724	0.0975518578869
1.74221044297	-2.71571221931	1.37978379497
-0.578044056633	-0.812595190772	0.0745259989885
0.982744180881	2.91419374866	-1.05899958445
-0.0804274072835	-0.216456585983	-0.972973781015
3.0522849085	-3.04266310816	1.37023101277
0.946682332779	-0.195574279524	-0.256014183185
-1.59898404597	1.57146075062	-1.60296141074
0.691054592028	0.144978227265	0.708113595729
-0.636092223059	-1.01415118879	-2.05145768444
-0.0489900155264	-0.803632453047	-0.593106110902
-0.455720390992	2.17447600122	0.517084404183
0.381941773653	-0.472516551638	0.794259774864
3.0856009548	0.866351636791	1.12643610027
-0.645153264544	0.763990740339	0.00976800515525
2.18737449119	1.26476474909	-2.41642686227
0.608367213358	-0.317945298047	0.727186441816
-2.40174764941	-2.02101878535	0.118950204753
-0.644998815443	-0.592287179099	-0.482879307438
2.37925096174	2.93095372867	-1.60996143802
-0.0129660692895	0.946055320795	-0.323745596176
-1.49024986585	2.17759462671	2.59352966382
-0.141832708766	0.577296703282	-0.804121880752
1.8716597463	-1.9310717126	-1.95260606094
-0.884126358454	0.238409001409	-0.401847894526
-1.55061043965	-0.737054581356	0.129834710495
0.660958693815	-0.541607204104	-0.519418175975
-2.24263212955	-0.0888370760308	-1.94937825031
-0.710821254942	-0.582288992081	-0.394553764681
1.23534526265	-0.298523242243	0.937796909839
-0.549717891047	0.62417065788	0.555176755732
0.555152503315	0.414030638405	-2.45151500674
0.855477562188	0.440300149355	0.272569108799
-1.00304581305	0.715576097509	3.04463611513
-0.120886257615	-0.090268478909	0.98855354657
0.785899222563	-0.772177455867	-2.86626280259
-0.442687924244	-0.678495184185	0.586235180424
2.14777023238	-0.405267461983	3.12195158268
-0.721601503504	0.548438312001	0.422500518426
2.29768341219	-1.35179593664	-1.88934443575
0.519408944412	-0.457064337429	-0.722015609191
0.962008397821	0.666994615191	-3.04966492254
-0.00229151434825	0.473625498619	-0.880723359529
2.97722376253	1.9349848177	0.891545484489
0.623030453412	-0.0890391309696	-0.777113304015
-0.625337809791	-2.55461613841	-2.04347696029
-0.571581993593	-0.458943739844	-0.680194581173
2.08614809988	2.218815212	0.76387728193
0.226807609408	0.79107447019	0.568119257664
-0.787085552446	-1.9760853387	-2.67322709314
0.824917143391	-0.152914977722	-0.544177099967
-2.08502861968	-0.447559366289	-1.86498913024
-0.262088055048	0.0521256474292	0.963635184228
0.335277476519	-0.61495746368	-0.823389361981
0.338822530765	0.936177590217	0.0936526145949
-2.58632978741	2.04611605976	-2.5038507356
-0.823891906844	0.0939306827229	-0.558908894794
-3.08624710274	0.209143052858	-2.00579924579
-0.569918581853	-0.639406732024	0.516092860927
0.880474846151	1.52832421374	0.207355584631
0.291175632671	-0.805633965829	0.515917303491
-1.89410407775	2.84705987496	-0.798239722074
-0.733115402165	-0.0884802934859	0.674324139248
2.36634217221	-1.60578140159	-0.79009688522
0.152851669419	-0.903729078963	0.399887632958
2.80780197421	-0.676442033629	-0.428341547842
-0.699271685817	0.218560419316	0.680625045472
-2.33720317312	-2.46831064346	1.16668460098
0.590403332401	-0.653563789099	-0.4735802769
1.0237234758	2.43836919603	-1.6942838067
-0.523220499614	0.475441016195	-0.707245465806
2.87117688431	1.59622687166	-2.94486293535
0.853246426583	0.275001787858	-0.443107833601
0.187120284623	-2.34339809697	3.09735326296
0.737485380097	0.198075117567	0.645663660077
2.47915829523	1.00278265436	1.90929654958
0.710984545463	0.140047096276	0.689121024884
3.01683487372	2.09140239068	1.33273461293
0.580909219311	0.736114129526	0.347390942931
2.69092780086	0.534114731981	-1.16206661693
0.490634755039	-0.850343915628	-0.190243954709
-0.951072548292	-2.27815066335	-1.5054541614
0.645431277904	-0.717221521822	-0.262700883399
-1.45169815659	0.760828655381	-0.26294740531
0.690418693263	0.568604243994	0.447226163931
-1.21775420229	1.83321835909	-0.544744062839
-0.798455940316	-0.434816123173	0.416416918967
-0.0648963320571	-0.0663870803277	0.541677733934
0.396327146361	-0.201473299943	0.895730597037
1.91055903449	-2.93119775762	0.261595292408
-0.19505965921	-0.738493676864	0.645429173946
2.13715363182	0.960439735706	0.954652991974
-0.692209927647	0.298222126281	0.657197823691
-0.69899454669	-0.640025131041	-0.284222658946
0.274228530414	0.604063527695	0.748268646688
0.0879219005303	-3.12729744722	2.24294720384
-0.40754271067	-0.859335326315	-0.308952643501
-0.878819731394	2.5341566742	-2.92024472101
0.685234202567	-0.367884124221	0.628582022316
-2.78558116095	0.133527441831	2.08744511111
-0.558917814969	-0.237480341248	0.794489750488
1.1025315441	2.05471838082	-2.36929792416
0.923881740256	0.106691327564	0.367504409012
-1.47238794445	1.6482517155	1.99076404633
-0.543917252238	-0.427097801645	0.722316752227
2.57761567341	-0.0462232848874	2.8935617991
-0.42146193108	0.779768260688	-0.462959285763
-1.37532020077	-1.186115141	-1.14272368515
0.269370835173	0.940147456594	-0.208715387592
-0.320874643544	2.80145909124	-1.55158085488
-0.322801593346	-0.720116982127	-0.614191064234
-1.79379125839	-0.552615597414	-0.0225958982392
-0.723273200244	-0.0555028925171	-0.688327906401
-0.0263107209755	-2.21478957455	-2.55771150066
-0.695119587165	-0.586765446398	0.415349335442
2.05781435225	-2.40954776819	1.16008688783
0.968022882388	0.186155601527	0.168160016631
2.49349148068	-3.09470024023	0.442724609811
-0.672226779098	0.212659584042	-0.709145301598
0.917494209675	0.87301647542	2.98012903904
-0.271853540884	0.961606736226	-0.0375251536098
0.830775365358	2.9954168979	-1.66838243453
0.0142142529582	0.619678259598	0.784727219863
-2.90296350371	1.39610251488	-2.4638637636
-0.684133012891	-0.628586239783	0.369920748037
-0.571681415181	-1.51937900566	-2.26658874967
-0.725082673521	-0.414208145042	0.550169727575
-0.965505730553	0.188743880869	0.794990834751
0.758121703853	-0.529177224471	0.381081286931
-2.57155472874	2.22173483197	-2.61294643526
-0.623935267863	0.359034428351	0.694117469003
2.45928405105	1.40017257121	0.306800006383
-0.0948200607908	-0.103398612232	-0.990110035834
0.30769857145	0.119573070831	1.81173643883
-0.680067581069	-0.373614262101	-0.630809375592
-3.0265873012	1.01334489478	-0.291997203971
-0.61495094215	0.170678684635	0.769872798168
2.94601674861	-2.15666212458	3.02878129335
-0.851689716983	0.479114231361	-0.212306804632
-2.79226542013	-2.41074297922	-2.1202625132
-0.296183810541	0.719268510318	0.628432940287
0.620963346819	-1.28960970764	1.67238654148
-0.331838657536	0.831219628233	0.446046000997
-2.77502243055	-0.972030696005	-0.281537860666
-0.353258206489	0.722508433257	0.594298076238
0.542108840534	0.462329384233	-0.425223082033
0.64648987772	-0.730915316757	0.218663297642
1.96786211871	-2.61608118686	1.79669524803
0.994989664825	0.0617813265322	0.0786042911312
1.21436609212	-0.540950794495	-0.937657758796
-0.167038097776	-0.612335405476	0.772750687539
3.10834260999	2.54046110063	1.52222847685
0.669531963246	-0.644322201393	-0.369561701187
1.39667628808	1.74964329146	-1.49593162463
-0.422908142768	0.602186544186	0.677141099611
-0.419914517174	-2.86827302227	0.398518758379
-0.0280787573691	-0.904520137771	0.425505468532
-1.3602866727	2.32908369467	0.248785237407
0.853822436324	-0.0962953664644	-0.511580345232
-0.753679946959	-2.93198081652	-2.03951998514
-0.707208794889	0.0229361337053	0.706632616147
2.79285625385	0.842928196168	1.68551981512
0.537299751769	0.0238139535406	0.843055082641
-0.860531739933	0.873409688736	-3.07969767335
-0.57254226583	-0.0792019897526	-0.816040684438
-1.14207677658	0.300121176274	-2.36654032589
0.696614120941	-0.707780426063	-0.117369651052
-0.914798927449	1.18986500055	1.74412767415
-0.683653576905	-0.608986629871	-0.402185369481
-2.80692469217	-1.5080155101	2.180717658
-0.277480914848	-0.923220630637	-0.265834552047
-2.77088708219	0.508764754752	1.58321789789
-0.0732704313805	0.681896555558	0.727769559272
0.607470954228	1.82616498474	0.124943879332
0.0849337344827	-0.865874581127	0.492998448786
2.33877218139	-2.57838055246	-0.235179609305
-0.329134161413	-0.30186449184	-0.894733777365
2.03719707762	1.34793271977	-1.78640853505
-0.472011075687	0.699441169369	-0.536644756818
0.581412449635	1.22105624431	-2.1152781872
0.926970640766	-0.0188595860832	-0.374659508315
-2.9744547189	-0.17706997305	2.98644056408
-0.726855572376	0.389248631836	-0.565832554312
0.359835107705	0.782509184161	2.47640741687
-0.925235040029	-0.226454524364	-0.304398536622
-2.03213581083	-1.74547911006	-3.05544444705
0.652527307852	-0.597036349953	0.466643021316
-0.765484075582	2.44339985126	-1.93407784326
0.838080471743	0.544663622072	-0.0310267896128
2.47784135036	1.18535244497	1.39179588185
0.650387455849	0.35338863097	0.672393212916
2.4660979963	-0.585025884561	2.45957047821
0.425413767604	0.390718234727	-0.816310227416
-0.448209128436	0.380508583168	-1.61783740592
-0.675751941156	0.726434266707	0.125110232107
-2.92082007795	-0.316459721786	0.55350743515
0.787513408906	-0.498411815964	0.362502817232
2.67381048675	-0.569003862485	-1.75106686952
-0.701609643524	-0.702773568097	0.117699703047
-1.55038735682	-2.09843704765	1.50996079323
-0.0632228419641	0.821656577484	-0.566465657328
1.62298847765	-1.14640606413	-2.5792117779
0.763674783007	-0.635819053508	0.111959622162
0.211515848927	2.14829494365	2.22843451937
-0.588125475658	0.600139076549	0.542163733278
1.65722779973	-0.55381667242	0.565091449312
0.911582579334	-0.218822906661	-0.348042722342
1.35898661916	1.80306349512	1.93935068572
0.352062095443	-0.79683480704	-0.49102603927
-2.13875555383	2.50934637912	2.17158562807
-0.913385671262	0.158861767124	-0.374819362465
-0.455595220719	2.56083127056	1.26650633877
-0.666373180561	0.629009679321	0.400366841221
-0.661138725703	-1.54417849869	2.06445549409
0.0568167240349	0.660074434991	-0.749048463146
2.81921353963	0.31499356626	-2.07293014664
-0.1806124542	-0.778318226979	0.601331754475
-1.72703097654	-1.24745770191	-2.60586231974
-0.359969113791	0.160842748838	-0.91899502026
-0.167096954532	2.0509343388	2.29802172817
-0.781770964183	-0.0919037021238	-0.616755923439
3.13826417132	0.671470211649	-2.61925997969
-0.517079489981	-0.547138811851	0.658230902957
-2.10107281522	-3.12655768264	2.15682335539
0.818166383332	-0.0129125139163	0.574836529955
2.7000925982	-2.18437603863	-2.82549095472
0.193013413581	0.613242682812	0.765949890107
-2.06032131859	-1.87251437929	-0.296040557252
-0.462090601251	0.196102436547	-0.864879246263
0.653935242371	-1.94096939022	-2.72481901866
-0.479176660223	-0.324382231469	-0.815577032662
2.89303375012	0.317675228045	3.11579978083
-0.035517695667	-0.818834663952	0.57292956496
2.37571529943	0.186789996913	2.49437138915
-0.494658390398	0.629814760982	-0.598870974132
1.79275051505	-0.206126295875	-2.48935854611
-0.391269842481	-0.877486697084	-0.277353577237
-1.46281795141	-2.77944719977	-0.342043110135
-0.388985214687	0.708306538715	-0.58906056562
1.80485178318	1.30045758578	1.95452843615
-0.679669572142	-0.71775619411	-0.151245887615
-0.0959129550354	2.32841066858	-0.347246741266
-0.663168374683	0.678303444888	0.316405030732
-2.99681944149	-3.06998310294	2.04323568295
0.000190961527357	0.197948724488	-0.980212357608
-0.261870714203	0.0846227930952	0.0185744533314
0.55875428272	-0.552093386107	-0.618859066799
-0.390331779644	2.90248600559	0.100648327744
-0.355732157035	0.920304136491	0.162772629175
-1.24968181648	-0.0665962432393	-2.36884363677
-0.980018656616	0.194009794611	0.0438592325552
1.02505584523	-2.39986114579	1.63538325568
-0.118439147312	0.877060614157	-0.465550048307
0.0955714549304	2.65141987055	-2.83505921722
-0.732705810942	0.678406371899	-0.0539165019091
1.00174011666	-2.79341880412	0.700479717962
0.755413247427	-0.318594829601	0.572580265258
-0.85372740997	2.8308387826	-0.221679758969
0.933602565207	-0.248284399114	0.25834300338
0.100934876142	1.16530754753	0.220566599146
-0.781800506884	-0.613250779379	-0.112745062097
-2.55740522026	-0.265156296696	-0.752823544938
-0.57965186597	0.106705160026	0.807847586554
2.70599785477	-1.65564119487	3.06193055125
0.637467836115	-0.737119897914	-0.224252121549
1.74932825034	2.20897801312	0.342961070175
0.047846193007	-0.801202256976	-0.596477732385
1.21985538808	2.03119402632	-0.119394130549
-0.562039178021	0.726340543866	0.395653101474
-2.76114359019	2.3180443424	-2.66233973616
-0.678759929376	-0.306971265423	0.667123377253
-1.82298101941	1.29302170351	-0.114683284856
0.374315110945	0.84977722417	-0.371169593313
1.33356921678	1.04525776002	0.134587440099
-0.797871250545	0.497858631923	0.339909179302
-1.94093521824	-2.13005789043	0.775394248735
0.223308501812	0.632846591858	0.741376088225
2.14489203351	1.51861025636	-1.00921255575
-0.91221569822	-0.409215196909	0.0201356037791
2.05019955596	0.787817697011	-0.509621291068
0.60766294331	-0.378114091695	0.69840925036
-0.955650051939	1.65884167392	-2.0960916881
-0.59984779611	0.122041874033	-0.790751795752
-1.67907661524	2.25072466399	1.62912754204
-0.770568669652	0.0990436632038	-0.62961438844
-3.00059648114	2.46017579845	-2.51470143106
0.801904432473	0.493722726136	0.336432981257
1.1180859453	-2.23208599437	0.50316786382
-0.530753980424	0.783651296369	0.322786087003
-1.3585796015	0.85055982684	-1.31749766489
-0.12613320721	0.916887011593	-0.378693308644
-1.28091344934	2.545982841	1.16397311854
-0.984062121426	-0.0374964036485	0.173826812912
2.32133212271	-0.724836756043	2.14338292941
0.875326462197	-0.480707253689	0.0521931109255
-1.65722876615	0.246888037726	-0.479662902489
0.768918455163	0.00166812488367	-0.639344685337
0.0904065235823	-1.50107652385	-0.442752615736
-0.421937073987	0.262546979917	-0.867777730143
-0.0933600057026	1.09626390006	2.78322505547
0.415966633282	0.722626585319	-0.552071171305
2.69878740797	-0.853123478481	2.76704192962
-0.392123019734	-0.599746828752	-0.697526543435
2.41759568905	1.99255130289	-2.08386328862
0.704983630536	-0.0368808445392	-0.708263993143
2.54505178434	-2.88878276374	1.66747576977
0.688275641211	0.649229783076	0.323693266045
-2.07198785449	-1.81989407411	-2.00360232193
0.396681898427	-0.791684466576	0.464627998341
-1.42706436246	1.51381693743	-0.290096758113
-0.349461991959	0.629045336697	-0.694390582133
-0.123362094181	-0.774650054715	-0.116116244085
-0.936498287251	-0.339183681962	0.089024647523
0.717891353859	0.164073294557	2.99235997977
0.543094417658	0.560342841197	0.625351384285
1.32860675597	-2.89114669342	-0.830659476717
0.229291320538	0.856855036337	-0.461762858001
2.55074187718	-0.370942259396	-0.45758775213
0.84211117835	-0.18924276266	-0.505010831645
0.639072667242	2.26751534802	2.46494087943
0.603987730488	0.678497175516	-0.418139216335
0.442997903651	-0.707905666655	3.06810346926
-0.52274409619	-0.330769615954	-0.78570355164
-1.91222418573	-1.53410388198	-0.340893165559
-0.597620909732	0.422761237889	-0.68126513487
-0.142679406745	-2.99269286941	2.80019490555
-0.485767467482	0.660495084085	0.572517433303
-1.38130660566	-2.72318779663	2.01828134283
-0.694659923287	0.637079772816	-0.33403136686
1.52288097121	2.71063372206	1.41597238842
-0.382965377346	-0.101169883383	-0.918205954267
0.693848448207	-2.40119960077	-1.10718609895
-0.579656144247	0.67984460276	0.449232757637
0.91782858863	1.88928316051	-1.09921307182
0.16978446392	-0.800197192659	-0.575202302387
-2.33002645203	1.28019934091	-0.0645341827518
-0.690187021271	-0.442184963591	0.572812651434
2.5680552968	1.32631692128	-0.418094403863
-0.127499827286	0.884560659895	0.44866048746
-0.965406551367	0.670836843589	0.260419550937
-0.390228963598	0.840512849586	-0.375845055375
-1.54386409453	-0.687004454665	0.331382323159
0.358451740838	-0.88179400219	-0.306515394707
2.79484539992	-1.68481871264	2.073849714
-0.79381436701	-0.295115341504	-0.531757168205
0.27162224009	-0.970459830657	0.989401259651
-0.604050699303	0.257157382192	-0.754316136282
1.90831981095	-2.85750126682	-1.7077093021
0.146929198952	-0.974091344387	0.171924004388
-0.698151314184	-2.89375538709	1.19801297242
-0.245667412902	0.913083270419	-0.325463459576
1.22875406611	-2.41435630256	1.0196654467
0.279277759448	0.918466899825	0.280040152486
-3.04973373474	0.0262614413997	-0.767582750936
0.729892217858	0.5528972756	-0.401947699265
-1.01441554061	2.68357209947	0.562168651135
0.427398922474	-0.902724250101	-0.0491842388102
0.635018809658	0.536517114771	-1.91678697324
-0.68252103001	-0.128443599109	0.719490990522
2.65952650702	1.2489323091	-1.17376399274
0.470885713384	-0.24496120206	0.847502598471
-0.997712144422	-0.455623837032	-1.51108494216
0.378176232778	0.712220827092	0.591374864548
-0.72014056294	2.73282819222	0.662072145402
-0.617696734299	0.105689896404	-0.779281970941
2.07667175486	1.631435599	0.257016590725
-0.959223060683	-0.204004384679	-0.195635709639
-1.60996020168	-3.11604865963	-0.411895199911
0.228133235507	0.784424526552	-0.576743781069
-2.25418739959	-0.46921649806	1.69197969813
-0.546094203833	0.495066875972	-0.675788360994
1.22651045085	-0.825795145135	-3.10178200583
-0.946517633652	0.188016631096	-0.262210060099
-1.51213727972	-2.62105869825	-2.46918999593
-0.414143449394	-0.827677557665	-0.378728218993
-2.04970163301	-2.29191370455	-0.515272324817
-0.690992721401	0.424771437988	-0.584891686076
0.53436046351	-0.498123938961	-1.41495291354
-0.520166441367	-0.358499573417	-0.775180578404
-1.68845684127	2.63058116728	-1.8929957183
0.658699073509	-0.751115455973	-0.0440579431666
-0.0523285864463	0.378766259962	-0.991435241636
0.647410008473	0.0884349183457	-0.756993755685
1.2177304928	2.47692560827	1.24369966197
-0.435695671252	-0.649143903717	-0.623523435261
-1.92358270093	2.61086425682	3.00365511993
0.676237264545	-0.178116232436	0.714827090829
0.00282655963832	1.70017062281	1.63387443012
0.794141581652	-0.45322223143	0.40488116433
2.00406718946	2.22669480883	-1.09034946675
-0.266630406724	-0.304570460221	-0.914409678957
1.2961660675	-1.25349590795	0.537766743602
0.906221252338	-0.282203609066	-0.314839903507
1.57497969563	-1.30598456411	2.32978123113
0.58851961925	0.533570568814	0.607410162783
3.09874707749	0.917476954657	0.0445494845683
0.358577136775	-0.922399437772	0.143532972449
0.425952640244	1.28083899763	-2.68306246853
0.44944346205	-0.740318941787	-0.499928433729
-1.44284803708	0.997516932558	-2.44057184647
0.602960158411	0.559649026037	0.568534972561
-0.573866760711	1.82834803436	-0.737781955896
-0.813328701625	-0.581601542523	-0.0153645321707
0.614384533255	2.91707042791	-1.46463823257
0.802396443508	-0.182222531319	-0.568291207503
0.512424880242	-0.877110775484	0.379712537042
-0.573556652253	-0.486598841985	-0.658979767243
-2.12550403799	-2.13538141855	2.42689951578
-0.412935368422	0.113567288355	-0.9036519532
1.72613692575	-0.94072408225	1.14967430311
-0.697603921471	0.140546347956	0.702563515154
1.50902317236	-1.5568285531	-1.49267484022
-0.00132325130145	-0.381771507716	-0.924255789758
-1.16174162098	1.19734431354	-0.0115482881981
-0.984508893755	0.170828052985	-0.0394970179868
2.93746000952	-0.233447444991	0.165263477726
0.707335199021	0.686973189993	0.16656756124
-2.7767966159	-0.0969781252546	1.41930156273
0.881677001255	-0.462391163158	-0.0940216873495
0.470918496059	0.333691406552	1.62008762814
0.420701218515	-0.76434277579	0.488662056883
0.764725863415	-2.61244946112	0.805699749298
0.388982276188	-0.432808481334	-0.813246338631
1.16036554714	0.990072111488	-0.249636046402
0.608797901494	0.015701119926	0.793169962851
0.318810035312	2.22860511254	1.40627114215
-0.633398114636	0.030435566155	0.773227330536
-2.54270589825	0.58546758591	-0.620176708685
0.292493347025	0.655396897286	0.696349444585
-2.12208816166	1.05994489845	-1.52795717462
0.551946138508	-0.329928035128	-0.765834807137
-1.02136086272	1.37518502432	-1.79202880797
0.698876041734	-0.182098122556	0.691673732371
0.864645147885	1.52126161281	-1.09871260286
-0.252020642664	-0.641642319223	-0.724417510731
-0.0797353071397	1.6308716608	-1.45073195576
0.667875263845	-0.312972242852	-0.67527106198
-0.42923310267	1.2376308983	1.96753736191
-0.698268795095	0.613720480741	-0.368466906677
-2.75673283464	-2.30220548282	1.02316619779
-0.914010719202	-0.349527668468	-0.205948571637
2.97994965288	-2.70290648521	3.0308330774
-0.779650701417	0.586702705399	0.218917151583
0.209561698538	1.13414145992	-3.08916278876
0.861253543621	0.508168055333	0.00274975267551
-2.55821417081	-0.636573609327	0.480561430269
0.629712169294	0.697034852962	0.34293585056
-0.596103101205	1.96051696718	-2.28497594218
0.727612537133	-0.614162255224	0.305589136038
1.9838864311	-2.63582094614	-0.0956949745512
-0.794841787321	-0.569885876483	-0.208462516808
-0.234838930521	0.0705962911088	-0.523909748383
-0.117840203667	0.863173744585	0.490963107635
1.11786292809	2.89875378073	1.24067510825
-0.534881928686	-0.652869890447	0.536341522273
1.1661069009	0.978683347803	0.22782009325
0.714130224473	0.3354257085	0.614416484618
0.290442801977	0.630438273639	2.36123266525
-0.595093542388	0.786329280301	0.165981742216
-1.5945989972	-0.644533749962	1.69797776856
-0.388169125094	-0.574942151631	0.720254297177
-0.156025445712	-0.248574048983	-1.66806417556
0.424150850262	-0.384377789619	-0.819969372031
-0.585162536476	-2.10430593619	-0.0563631282837
-0.985732213674	-0.163240133311	-0.0410446318368
-0.0579390803695	2.81546518567	1.37337456928
0.789286016658	0.594262648038	0.154529896962
2.97418286725	0.127325824974	-0.309739993963
0.44827414621	0.444124246164	0.775760236032
1.90884466083	2.99049434398	-2.67152582108
0.845414341211	0.1930171576	0.498015028435
-2.42879049436	3.00566390832	2.52859834696
0.704955369099	-0.687826868557	-0.173009035803
2.15723293787	-2.23509402349	-2.21564076121
0.678255190272	-0.265464194751	-0.685199721377
1.41133931526	1.38856802422	-0.657033154135
-0.660923290465	-0.54222916617	0.518813970009
0.621511479207	1.56827390297	2.90320041497
0.588570767178	-0.598305288058	-0.543705098657
1.86423273916	1.68585251829	2.88096245666
0.0505334690999	0.225702230992	-0.972884819198
0.547010791313	-1.08553033151	-0.816611060555
-0.136395530516	-0.283492798929	0.949224995568
1.12134255252	0.43277769063	-1.40738016338
0.7019469982	0.0200429515304	0.711947113072
-0.39301097717	1.42660654475	-2.07364475894
0.20834605736	-0.768180411593	-0.605384816152
1.39059542542	0.00586001475664	2.80524704805
0.450546659079	0.132685367444	0.882837641505
2.44830582169	2.09644849236	-2.65403978453
-0.605533908523	0.683217186552	-0.408096755231
1.6969621307	-1.35878066207	0.648080773126
-0.646739338966	0.262244532311	-0.7162094894
2.25688581159	3.14992981995	-0.563440995732
-0.430458168478	-0.812095614331	-0.393962534228
2.46617537068	-0.451153436479	-0.622688149083
0.473929705944	-0.880551074242	0.00452100381533
1.9998690399	0.908019336526	-2.30828314692
0.962250688316	-0.253767803847	0.0983641935199
-2.23962612236	-1.16881087544	2.13628049652
0.393194422904	0.790641999481	-0.469343556953
-0.0903965200657	-2.03409990734	1.72639609101
0.00323157034375	-0.615648870226	0.788013975474
0.867062979419	0.112225809361	1.90704036968
0.63186910962	-0.330650591503	0.701007571033
-0.588171924507	-2.29989296671	1.24086500689
-0.257344344091	0.471390975191	0.843542789118
-3.00077778254	0.283506076857	2.26350803914
-0.539339177634	0.810386913471	-0.228880540773
-0.495800151527	1.03457772784	1.11330808207
0.899646661761	-0.342935138436	-0.270243177174
3.15429542597	-0.39110780478	-2.18065369858
-0.77876784318	0.391739348416	-0.489960130349
-1.34704405984	-2.2288760022	-1.89969327639
-0.886562220967	-0.0295641992439	-0.461663715791
0.439039976814	-0.224731239573	2.30465097238
0.596069907146	-0.524866312481	-0.607631483563
-1.58034926165	1.99604778969	2.65937659896
-0.64793741486	0.741068311191	0.176053584379
2.24731982734	1.575029908	0.656951763109
0.901725278749	-0.405303717608	-0.150400858238
-1.07319914991	-2.22451814128	2.52706700542
-0.770001534617	0.516250328737	0.374944308887
0.866535418351	2.52175718373	-0.693914572417
0.572412294662	-0.529795447012	0.62582821065
-3.0567686044	1.97884985689	-0.433366711373
-0.504162380759	0.223734369007	0.834124226931
0.712910736194	-1.41774650398	1.23123912468
-0.458543282521	-0.659473938674	0.595677918229
-0.491011289147	-2.98381603826	-1.03495022897
-0.511939149269	0.247787416768	-0.822508178401
0.0629357936553	2.6645383204	-2.29789028044
-0.00880357219365	-0.829315339504	-0.558711521969
1.86387600319	-3.12316721926	0.386460660469
0.747904019717	-0.416897830692	0.516561493005
-2.06498506502	0.249380412994	-2.66778372049
-0.81363264289	0.514467240699	-0.270786596183
-1.45073198279	-2.27719321929	1.03912567259
-0.341125491669	-0.520574773955	0.782710229686
-3.11653459752	-3.04985131096	0.95437546202
-0.61476639359	-0.301674704702	-0.728734968185
-0.0407831854665	2.936208123	-0.00890069373043
-0.907752261929	-0.124996326505	0.400451931351
0.392069514269	-1.77951982179	1.77097188161
-0.156991927101	0.563163349537	0.811295616014
-1.38247169233	1.00033720197	1.98165679971
0.937390255136	-0.199160702997	0.285717559764
0.519764999669	0.767076631176	1.25777543437
0.152250147537	-0.406798760897	0.900741172983
2.65096926715	1.72955293845	2.07265553637
0.457505844774	-0.707316309716	0.538880357786
-0.56320649115	-2.61933870314	1.71905926901
0.737993617577	-0.60359936207	0.30171713661
-1.43515052371	-2.65482084729	0.951073023299
0.430496875726	0.743174286914	-0.512215207955
2.78512242077	-2.5520310193	-1.84160717258
0.590790854449	-0.600045242527	-0.539362469237
-2.78443662127	2.1158113089	-1.29371960247
0.00123166875964	0.146341204756	0.989233407636
2.47811832078	0.444944298523	0.0900134608679
-0.37360218933	0.677468712871	-0.633606776485
1.18330377799	1.25089975064	-1.14532424267
0.618431124728	-0.508193345201	-0.599401758306
-1.52629523804	-1.52561206107	-0.198858810282
-0.480558878344	-0.639931752257	-0.599625313757
-1.85141763015	0.271416433776	0.61700968066
0.607909487877	-0.779965711981	-0.148659149341
2.76655449212	-2.53569224236	2.73939698599
0.245879990789	-0.762736071271	-0.598144393698
0.310725270094	-0.661856862973	0.741022245958
-0.709395027704	-0.471385754486	0.523979164792
1.81596433023	0.520090972529	2.06317509454
0.125591574322	0.736204018626	0.6650040597
2.83517463201	0.250798841942	1.08892410887
-0.0248328479537	0.273369808787	0.961588413671
-0.489563975169	2.88153594773	0.627048787261
-0.623464430298	0.730236918663	-0.279367404639
2.00103058349	2.72174994755	2.81363350124
0.939914839074	-0.191334649376	-0.282756338984
0.861843895508	2.12844623807	-1.26921656401
0.152667178976	-0.439663447044	-0.885092529511
0.0614807614603	0.285923947334	1.71667783331
0.734849923424	0.179310621518	0.654097310081
0.373493667768	0.450764953391	-1.36101476811
-0.577422051825	0.608254696362	0.544619131522
-0.28031211968	0.950428323179	-3.01633339136
0.873846764987	0.364008002105	-0.322319725934
-0.926113682528	1.48816555443	-2.29908051167
-0.354168946754	-0.130366172984	0.926050224392
0.138311718236	-0.326063768683	0.00645290426586
0.766335774193	-0.63916776924	0.0647614388091
-1.51937414794	2.44748859002	0.55972957052
-0.897071564358	-0.441828297697	0.00709674389155
0.0340787564276	-0.320775679349	2.04240287462
0.622840228689	-0.570664113645	-0.535175222638
-2.55846854547	-3.02297373117	-0.48166677232
-0.593982930684	0.748032566465	-0.296026278501
0.499615181464	-3.12646403311	-0.429339407325
-0.34052345589	0.688662059045	0.640147127167
-1.461659814	-3.06972700646	-2.80101255746
-0.705259842333	0.5980432968	0.380726634142
0.936567916394	1.48393083612	-2.76120146226
-0.390446092652	0.368996324117	0.843441498576
-0.314633775336	-0.744022241004	1.85239271138
0.802920609731	0.229448402642	0.550156273249
-0.720953192983	-1.31061793119	-0.72037784193
0.0606500913623	-0.670673431139	-0.739269041136
-0.916390026715	0.386841894586	-1.22390217955
-0.652278122379	0.00301544931682	-0.757973718628
2.44715951892	2.69833611544	0.796684075316
0.315166163267	-0.850456604806	-0.421181496356
1.20878448023	0.294746944969	-0.390859842012
-0.424503407008	0.0497729645839	0.904057248981
2.54487099422	-2.45513573059	0.957311142494
0.440962139328	0.391452940061	0.807661431169
0.0896268351406	0.508661142067	-0.765129856628
-0.745866947583	0.666034630642	-0.00896478045631
0.868841563747	-0.421275439311	-1.94200112622
0.568767915937	0.506820446771	-0.647793248295
0.0650203217293	-0.249294342756	-1.07672351089
-0.33980891766	0.286500279195	-0.895794334376
3.00216625996	0.426856308148	1.51313909555
0.943912663062	0.11849214992	-0.308202035876
2.95238614173	2.04244261145	-0.679198332829
0.427456786436	-0.821428867493	0.37753848993
0.0102148856654	2.20309916929	3.00324193345
-0.695220234551	0.312310837404	-0.647403094147
-2.12794854262	0.46223428967	-3.13383768888
-0.45063266087	-0.0184161085055	0.892519496652
-2.01758208055	-1.30969987725	2.90331021962
0.993484528149	0.0349236900617	0.108484230192
-0.0719454654119	2.66955323958	1.72289072711
-0.413007072529	-0.653755317536	-0.634057680999
-2.9865591133	2.11171531226	1.88696292484
-0.84464796895	-0.225701910186	-0.485415756117
1.9887969327	0.823401791369	0.504427554176
-0.0770556127154	-0.163699618365	0.983496246814
-1.74910105194	-1.70696060944	3.04275911926
-0.550740768206	0.324442200676	-0.769039572881
2.49837236317	-2.03718738197	0.81769754435
-0.460174541328	0.457332066825	-0.760977510947
1.02324836098	-0.26546782431	2.98199345901
-0.4065765168	0.902039063883	0.144986424245
0.287131030351	1.33222924651	-1.2553788755
0.685714823525	0.269399178274	0.676179904717
0.904089712779	2.42021519653	2.58066671439
-0.318234119587	0.838751384792	-0.441840649602
1.49289331008	-1.98559247604	0.681874210662
0.122707641658	-0.484652654564	-0.866056949111
-2.65382663318	2.68903529583	-0.994163238191
0.501298393392	0.0960712250041	0.859924555126
-2.1174494653	-2.03783935771	1.22091948213
-0.515031059439	-0.333060763321	0.789818672702
-0.360311250895	2.49530724552	1.51754046454
0.848544330754	0.495176973148	-0.186473279612
-1.22240745902	-0.597031180518	-2.41977353675
-0.81420243867	0.062879599845	0.577165959484
2.0047596234	2.74113167866	-1.49426143281
-0.166889086978	0.932350659269	-0.320733972021
2.19117574037	-2.94886311626	2.30132883992
-0.687454223611	-0.544964566797	-0.480021157217
-0.847824034698	-1.8192604545	2.23514979755
-0.168203572549	-0.747550123418	0.642554566678
2.97448187814	-2.03707401551	-1.31564384428
0.433709888594	0.0409345364575	0.900122267396
3.00891966885	-0.839334716783	-0.874472794051
-0.518080357581	-0.287207800923	-0.805670169596
-2.05250258403	1.07863464652	0.560726333946
-0.542176326386	-0.595136039513	0.59317613369
1.50930727419	0.45243965236	2.475272814
0.220823444199	-0.508958191771	0.831984714716
2.02982285239	2.64671527295	1.9663404753
0.904306273973	-0.289390481126	0.313820509664
-0.484616532335	-0.917782427683	2.15456446397
0.8105196908	0.538305297659	-0.230835953304
-2.8465464343	-2.05381157538	-0.415319163807
-0.137732742781	0.772669995892	-0.619686024544
-2.58006332366	0.645578833515	-0.108848671701
0.697405026281	-0.063858533926	-0.713826531422
2.07667284218	-0.6948332462	0.359134313112
0.0334095021552	-0.209459797076	-0.977246334644
2.56662015165	-1.01839441637	-0.510824054919
0.325502371896	-0.914753953241	0.239318638888
0.0291826828064	1.72839766402	-3.12569557315
-0.870754754737	-0.399083715125	0.287260065836
-0.679653968327	-1.14674995313	-1.62673544705
-0.439350747053	-0.58719817661	0.679830289448
-0.178258104449	2.80622959626	-1.69758535174
-0.876327031019	-0.335613928217	-0.345563635082
1.71105554616	-1.42344712707	-0.178556090016
-0.622273493681	-0.468502856738	0.627121018855
-2.9888778789	2.92073856818	-1.67666351083
-0.706564568359	-0.309212589777	-0.636517152214
1.57869703894	1.20671469775	3.02615752436
-0.719842929794	-0.693318188207	0.0337052863215
-0.0300273113355	0.224227968373	-2.50982176297
-0.109468297248	0.920277882702	0.375639868101
3.02258507886	2.86154527161	2.08055203379
0.840665264716	-0.518860981617	0.15512960535
1.74750669638	2.52720367533	1.49544752306
0.889058870431	0.245455442104	0.386427161118
2.67596456357	0.784818445614	-2.51818080074
0.735008804009	-0.630579850407	-0.249261128718
2.74811913619	2.36363278945	-1.6744864157
-0.758722971525	0.647479030614	0.0714867637826
1.94205353008	1.69408693003	-3.09411778663
0.727630664496	-0.191209014607	0.658781245041
-0.183404492699	-2.56973838505	-2.56493264736
0.725399420327	0.570737742189	0.384778001749
2.89974611095	-1.79317036276	-1.95657741129
-0.283497630668	-0.289368384411	-0.91427295241
-0.29208177116	2.36879420114	0.161227061031
-0.500624663991	0.0832604573097	0.861651113881
-1.62987489661	-2.36818241033	-3.0776853882
0.769660017339	0.561407634687	-0.30404757099
-2.23970825199	-1.78215265624	2.30469198339
-0.203964614561	-0.0451236169536	-0.977937776753
2.56764823231	0.0329871412264	0.621774501439
0.510518567786	0.73313109728	-0.449321250496
0.888039716094	0.551563356455	1.19220504108
-0.154749125999	-0.711483035084	0.685452112689
-2.55877461075	-0.891718190411	2.88077157031
0.211588782364	0.868406398757	-0.44844231934
1.59330374742	1.79223027662	0.848610214494
-0.764357254703	-0.604144468166	-0.225316330451
0.102945607529	2.84089955718	0.460280484344
-0.56131757504	0.485556156236	0.670192359769
-0.0294452356666	0.629908946288	1.66806765834
0.30268810584	0.903051888393	0.304757604421
0.00803578960132	-0.20839512042	-0.430010983785
-0.612679836652	0.528277488344	-0.587831874833
1.60438957804	1.85576079703	1.76254833507
-0.131672941729	-0.706199103748	-0.695661600407
-2.85556260809	2.06997672796	-2.21860829666
-0.824201916385	-0.339830411369	0.452997232372
-1.30736953419	-0.511904514747	-0.62182273806
0.588816418869	0.69859590569	0.406520584256
0.768570912994	-1.91840301474	0.880363470813
0.440806721407	0.651789211671	0.617138767144
2.61143091227	2.98031664713	-2.71000541241
0.128362936279	0.845576285184	0.518192727201
1.7360171063	-2.2062357604	-0.973154990851
0.249852848679	0.9119852921	-0.325355776036
2.55187315731	-2.68674210387	3.02343132437
-0.667124776196	0.743465784579	-0.0469378327759
-1.65159123949	-0.918918015456	-2.60872275478
0.0832927176738	-0.0613819768882	0.994632885087
1.6790981984	3.14201951923	-0.512268379808
-0.569615289812	-0.808466528535	-0.148055036561
1.23932328086	2.60766775635	2.51461698909
-0.415673072033	0.700035743584	-0.580659844394
1.76368663049	-1.84648680588	0.952643848549
-0.579498313978	0.564959675772	0.587368937592
-0.728443961282	1.5805357527	-1.63494072354
0.329111063278	0.86158069435	0.38647718581
1.62560480815	1.17768492735	-0.249370262645
-0.942683085381	0.302316978172	0.141255248559
-0.604170691452	0.390276475226	2.77228708577
0.462846304179	-0.756909245937	-0.46136936626
2.53351471944	0.88313548275	-2.3994582597
0.104635973319	-0.777568620159	-0.620030929899
-2.28465785849	3.09865556101	-2.23038943979
-0.936924086416	0.086566542293	-0.338643603289
-1.87872196745	1.24329283833	0.526903282796
0.958904925787	-0.264818002812	0.101846790265
-0.721450618736	2.05508707126	-1.87695813451
0.0801914740685	-0.781911690341	0.618209864039
-2.50752393146	1.87602016125	-2.00421234435
0.0632331886855	0.819034629888	0.57024892713
1.91642970375	2.81947898507	-2.82968004734
-0.3982960461	0.303260775781	0.865674974534
-1.90789015142	1.84013865497	0.7713927501
0.393842966214	-0.340653547424	-0.853722951894
-0.0437201495018	3.10986973612	1.82512126206
0.782112360277	-0.265619800769	0.563689965621
-1.14770501372	-2.44296122132	-0.42313357849
-0.792472562935	-0.603327999251	-0.0893451863065
1.33699231939	-0.232033120138	-1.19872267818
-0.187427911824	-0.797009328389	-0.57414885555
2.26559778901	-0.718487964236	1.1189903699
-0.427890967993	0.520720974782	-0.738755024302
0.53338157292	-1.63609965126	1.03528280433
-0.939287191491	0.292099083545	-0.180049152439
0.129179846718	-1.25944430256	2.49888237342
-0.604362947501	-0.795034946065	-0.0516223035464
-1.68551492934	-0.67959058607	0.998851861813
-0.504402640746	0.625337510416	-0.595425036487
-2.0313276435	-1.90732173106	0.40631760277
0.936579260419	-0.256908000783	0.238364359933
1.32217222105	-1.88129238055	-0.346624956476
0.591348517166	-0.589196401044	0.550594707787
-1.24679136774	2.33928673034	2.13712378467
-0.460562001285	0.769269182524	0.442840341197
0.105763513519	-1.31943906625	0.163457507906
0.73601651742	0.34102506705	0.584791920026
2.48935843857	-2.61280930536	0.112986162425
0.928287885432	0.358153457848	0.100038504549
1.6346639006	1.59428371145	2.8187025658
0.772751324937	0.348972671931	0.530163620077
-2.69079817305	-0.055703441108	3.10764907758
-0.428613544495	-0.0829071045665	0.899675964716
0.345114513683	-0.103872639633	-3.07468458951
-0.518315552899	-0.350492282818	0.780066758238
-0.0163028095484	-3.07789521526	-1.02840751266
0.462741181347	-0.391579672839	0.795321292877
-2.92940718975	2.4014028181	-1.82582950692
0.783777148749	-0.301267264464	-0.543075884624
2.75688354924	0.325841101773	1.66835256237
-0.375660153405	-0.69574227246	-0.612227195946
1.01054087843	1.68951421064	-0.300770639208
-0.382991248133	0.718852666951	-0.580145281003
0.588409664164	0.906055266425	2.78908188002
0.447419245691	-0.254858703441	-0.857241541146
-0.811678323079	0.269096214189	1.32974280955
-0.475707883448	0.766017185192	0.432342088647
-1.74548910409	-2.85041810435	-1.84029142826
0.190289592379	0.531033635421	-0.825707665632
0.922390937961	-1.59422405627	-0.456464977131
-0.730265979339	0.34932425615	0.587098086767
-1.61779307186	-1.80967278219	-0.48759275514
0.784089725277	0.255049268905	-0.565820795964
-0.750042614646	1.51809795698	-2.09211259811
-0.729190308893	0.252623939088	-0.635973772114
0.487260671076	0.0688630199001	1.2422412601
-0.210578170456	-0.839713270612	-0.50053816766
1.58308488952	0.0121915196115	0.313288897394
0.842863659726	-0.40918824693	0.349493676178
-2.63232323556	-1.48578783828	-0.218901984638
-0.572988143219	-0.166541776581	0.80246397077
-1.2162776357	2.22209977043	-0.517284206266
0.0829635202823	-0.815843085898	0.572291109048
-1.1246616005	-1.60957414353	1.86116937075
0.284239177168	-0.739947486299	-0.609660403571
-2.99285886673	0.707175910654	0.51869582432
-0.240766410071	0.407414721549	0.880934038647
2.52897056999	-3.07684918045	2.20280039346
0.704755054943	-0.498313716375	-0.504978962537
1.56220398181	-0.709489388386	0.479253388501
-0.687265230302	0.163303333318	0.707812492505
1.91942207211	-1.44385695116	-0.785428341342
0.523183323488	-0.545966720437	-0.654369582269
-1.79894304491	-2.20426963171	-2.53642136682
0.629079225564	0.519281834347	-0.578451125404
-0.637958050425	1.45527511453	1.44939775914
-0.432186724269	0.895241593051	0.108430279157
-1.92860370985	-1.18134960675	1.68752131905
0.451108011044	-0.0164440317305	0.892317856031
-0.32356754488	-0.87835593043	1.6155876215
0.339453929622	0.769807126021	-0.540525687079
1.86617880324	-0.240231490552	-2.77559576807
-0.883373359306	0.11326867442	0.454776555535
-0.943709020184	-1.55061675273	0.313320640441
-0.0789134808328	-0.628524187614	-0.773776458757
0.564768161281	-2.44988548312	2.30982077814
-0.0622484875598	0.610770307326	0.789357179917
-2.59404429126	-1.64822119452	2.45561108539
-0.233884480166	0.781574301556	-0.578307583458
-1.80258956032	1.20871887239	1.32950521969
0.199236993276	0.528525959043	-0.825205993148
-2.93403765133	2.8959285664	-2.41583022421
-0.0623379408065	-0.552152887735	-0.831409146992
-0.47550503076	1.73028420436	-1.67202814546
0.684281835531	-0.33930217855	-0.645470681901
-1.18477075538	0.98553494665	1.41710687156
-0.44384161571	-0.711255745482	0.545087043216
-0.17730871681	0.629055169057	-0.580938055528
-0.814790072476	-0.455026414958	0.359260489736
1.49437728946	1.2634147904	1.67325369387
-0.150847008823	-0.582748341801	-0.79852961752
-0.746455466007	0.351596468675	-1.90497374268
-0.763778611938	0.3028491379	0.570021606275
-0.641220543744	-2.84676365207	-2.35967051264
0.781412159629	-0.0413437284786	-0.622644146282
-2.80110280259	-0.338969205575	1.95121122133
-0.869507926311	0.0251509797819	0.493278211863
3.05069560238	-2.39728274768	-1.04481825831
-0.775906520022	0.629964512943	0.0333734118527
-1.1620759818	-2.37186755828	1.73876113689
-0.0781434697433	0.663534096697	0.74405382914
0.394035770062	2.89252136697	2.36274005677
-0.702686070394	0.233125947867	0.672223607816
-1.82642349518	2.84588342838	-2.08297847473
-0.813182313736	-0.464711444947	0.350396628925
-1.15580504692	-2.29360452182	-1.3421341277
-0.717317422437	0.646242130258	-0.260435835761
2.15099625427	1.56251449263	-3.05811370637
-0.330526443569	-0.457464724386	0.825516987132
-2.74583303607	0.232189015846	-0.213652777639
-0.584957659438	0.782413261091	0.213668026465
1.45861846335	1.53427179697	-2.2989335715
-0.772973942465	-0.252426847435	-0.58205839137
-0.707322436031	1.86299423924	-1.72676159533
-0.361597229533	-0.915255784023	-0.177635281985
-2.42555918923	1.08644690769	3.11469274094
0.208765716952	0.913075359885	0.350300246355
1.38845578303	-0.428455865296	-1.24184715145
-0.612562007252	-0.239026233572	-0.753415056218
1.02851119883	-1.93414411807	1.85065802196
0.496222591193	-0.540486346242	-0.679439216939
1.94327306625	0.212492548776	-3.11590407277
0.498552295534	-0.747410776211	0.439115861957
-1.97635889373	0.309353854489	1.79072492546
-0.577750085711	0.378744814867	0.723019504351
-0.439971651735	-2.80322022447	-0.704891709428
0.175107544489	-0.0294852718425	-0.984107700715
-0.820469241685	1.70253418343	-1.76858361451
-0.0567363405773	0.44689811345	0.89278388418
-0.550167542507	-0.423574513988	0.402243732807
0.171471289863	-0.173042363725	0.969873155165
-2.5768729309	1.11147432489	-0.423357669827
0.879948898296	-0.470118689097	-0.068398498146
-0.722217397674	0.929856622808	1.86704670331
0.613569868982	0.468524392965	-0.635623244599
1.3490405551	1.23092233934	2.05761916054
0.505226392811	-0.530882368421	0.68037504577
3.12349185014	0.958273314087	0.239162058239
0.0305938808975	-0.99076321386	0.132107034305
-0.635455956431	-2.21608325318	-1.08982060051
0.921223749088	0.369886167731	-0.120544709702
-1.85747258638	-2.66548065995	-2.42797255434
-0.220831332978	0.648627351611	-0.728365348653
2.57911819372	-1.18081838244	-0.213021174787
-0.828256991096	0.559834590794	-0.023991407862
0.311699567819	1.66317330935	-0.502425595324
-0.749466134924	-0.0412983270307	0.660753328244
-1.44960368126	1.17255760388	2.06113316858
0.666168746051	-0.738163312716	0.106461850182
1.69275161335	0.501643355138	-2.5000480712
0.876520604537	-0.473592561575	-0.0861493786591
1.99808062378	-0.578191067513	-0.44222526471
0.869415094233	0.493319077682	-0.0274532605523
-2.23640461547	-1.83710736203	-2.95241295636
-0.241571078258	-0.935312550899	-0.25852242897
-1.3858695965	-1.47547001074	-2.99583345862
-0.949529543474	0.0902049317129	-0.300427555935
0.195543462634	-2.40416728939	2.46656979571
0.961852322555	0.263195160945	-0.0746218255639
-1.09411153868	1.48171645191	-2.41798335099
0.66922749145	0.689420004769	0.277190587344
0.762732069799	-1.50331065223	2.09006053849
0.963294091593	0.216999214609	-0.158037444805
1.73288523591	0.953979514909	0.990040909268
0.152693709637	-0.960401243213	0.23305382012
-2.93810978295	1.81687749644	1.16815598153
0.235481694364	-0.762391915763	0.602749482288
3.07474083811	-0.475395237931	-0.0791786066413
0.563770681421	-0.630924235581	-0.533007718262
0.478041569828	1.54850517515	2.37417246728
0.590542117951	0.645013314749	-0.484992608936
-1.50420580187	0.730753983594	1.69919283036
-0.574699089207	-0.794931171852	-0.19443607917
0.664566613146	0.0845067086877	0.812110131561
0.311839735676	0.362080307994	-0.878438290272
-1.32289347065	-1.65602954212	1.201129798
0.667965669296	-0.677693296282	-0.307495789916
-2.55227155991	1.21741844232	2.78203491237
-0.302822881157	-0.126622098068	-0.94459787578
-0.688319552716	2.05716845581	2.72209821407
-0.561354280488	0.598695760337	-0.571353444316
0.717928337815	-1.92528880064	-2.94052832781
0.744530626105	0.310554537745	0.590956873111
2.91141575871	2.38529236486	-1.53866796496
0.274232837014	0.293256579988	-0.915858574998
0.142674632604	1.82740216028	-0.275693516145
-0.277535394362	0.900149634352	-0.335715267231
-0.628762880112	2.50025908633	-2.69773460267
0.195954647015	0.579354628566	0.791170013759
0.251532972368	1.81303977941	2.20765042158
0.746943908635	-0.653251572574	-0.123843369956
-0.307528977004	-0.467130117575	-1.50788010073
-0.724862365895	0.58365550361	0.365951914346
0.113093644287	-2.43278374579	-0.685438121214
0.843534753121	-0.352551118428	0.405162719376
0.465949085263	-2.77413262063	0.406603487401
0.0950669089485	-0.22162310515	0.970487239528
-2.75091105911	-2.7446424715	-0.441839406883
0.268867369534	0.197630395658	-0.942683703217
0.505871814084	2.85937977381	-0.495991181937
-0.783401776906	0.291129824736	0.549112994829
2.71788855193	-0.0078936175858	0.493781840322
-0.243824512782	-0.695305432447	-0.676091682079
1.59810562311	0.209653866767	-0.787402011395
-0.777896188576	-0.426028025205	0.461928177901
-1.41226465607	0.860056977011	1.82355593003
0.657986626649	0.605782372985	0.447304500013
-1.81192068164	-0.17827206015	-0.507129292547
0.748612193109	0.65608522168	-0.0955613217846
0.453318626077	-2.55231006932	1.90845064269
-0.18436971649	0.1554333255	0.970488685645
1.01673659765	-1.44195800048	-2.17966671009
0.384084201372	-0.723611685921	0.573467919117
-1.58568903413	-1.31257831686	-0.0982852899841
-0.285956505772	0.239037358089	-0.927949361897
-0.905032188826	2.36502149872	-0.00153852357471
0.466408098901	0.738617830079	-0.48673112328
-2.22480168984	1.36665776318	-0.518565702024
-0.747763233183	0.32356489268	-0.579789537095
-2.24315681346	1.9263446679	2.41840486677
0.982855792033	-0.122557557905	0.137746640859
-2.23671336763	2.99678061316	-1.11590504536
0.706298547403	-0.448076127187	0.548060349032
0.990302327917	-1.43057887976	-2.54880489987
-0.24181978733	-0.618458170667	-0.747684881211
0.147922993176	-1.71136806984	-0.255068863481
-0.69152082215	-0.132872665166	-0.710030849601
2.6136562879	1.58984444398	0.589279359511
0.558283894188	-0.191548342506	-0.807234988075
0.925554989192	2.59650031913	1.76140043072
0.961467440544	0.274782270806	-0.00866397277575
1.33597422266	1.64100879353	1.14153051121
-0.595156603085	-0.691109229206	-0.4100690809
-2.20383844859	0.831117267864	-1.95027602318
-0.571275115027	-0.317464987004	0.756875633758
-1.00801912321	-0.0771818835795	2.66030265547
0.164292360783	0.650106415336	-0.741869037585
0.500642371001	-2.95521817281	-0.539762971064
-0.741849011479	0.51186502052	0.433190771989
-3.07118450411	-1.4019726884	-1.48459917734
-0.36888586986	-0.78066111809	0.504471439945
2.35171196766	1.57295624943	2.22079686668
-0.523260636961	0.163082999641	0.83642228631
-0.271948513591	-2.12606565814	0.613830299101
0.212252237587	-0.791733651591	0.572806086365
2.03123541437	-2.49667714446	-1.15456150441
0.0629320025633	0.935735369835	-0.347043053084
-1.60945216387	1.40735709433	-1.48691613577
-0.637237558251	-0.699339592613	-0.323809247179
-2.44727852796	-3.15389520176	-1.00297693978
-0.521219379151	0.759194386151	0.389813087049
-2.34530116178	1.72129786542	1.50018651869
0.712518241489	0.413455689615	-0.566896946781
-0.40357584742	0.116798643406	-2.25351974467
-0.603817298881	-0.659185491165	0.448195445994
0.1028447832	2.95922764992	1.83603873724
0.683248080966	0.673110987223	0.283008230862
2.60624891874	-1.73093799892	-1.16181498404
0.867316802421	-0.49746940007	-0.0169044441692
2.46460015968	2.37226121034	3.05594195388
-0.310909988044	0.845344441657	-0.43442807724
-1.08887600982	1.94958717297	2.09147900526
-0.0780722718475	0.627610312916	0.774603134186
0.667335207078	2.2852101428	1.85870844607
0.633847163479	0.654896595335	0.411519407523
-2.77852842671	0.615245684465	0.967325373161
0.931602957102	0.12881608934	0.339885782942
-1.90399015241	-1.7814311856	-2.10783436007
-0.783829676718	0.608286828951	-0.124892640379
-2.55881496836	-2.06509942941	-0.61548247325
0.0334460668807	0.842812061309	0.5371677484
-2.76010892636	-1.35586299921	-0.953099427715
-0.691752707184	0.1108639664	0.713573663372
0.796710594604	-0.626507008774	0.411460459145
-0.0423355781945	-0.898366416325	0.437201876526
-0.788916618675	-2.78588619285	-2.82275955653
-0.927472931236	0.0621954205826	-0.368681015897
-2.58971699303	-2.13478722766	2.05877615868
-0.805096237794	-0.559171476679	-0.197856785476
0.593892984025	1.2056544259	-1.75792886689
-0.0162505852321	-0.466731749823	0.884249620971
-1.07296008344	2.57726116816	0.977028567769
-0.454774528473	-0.639458919753	-0.619897102913
0.538487767332	-0.840884914701	-2.16688132102
0.490906973374	-0.738014249772	0.462974416816
-0.534264568465	-1.10160045121	0.66378863438
0.55677013145	0.558102766966	-0.615246554018
-0.723721499002	-0.474003800825	1.69192502134
0.515365500853	-0.659189505693	0.547601676508
-2.10669926116	-0.0140760531291	-2.85320010102
-0.209978394817	0.56003484944	-0.80141751985
0.447556922663	1.24941095126	-2.28541062353
-0.149775471463	-0.825193919748	-0.544630427867
-0.448205809768	-3.05017651156	1.4886675529
0.723573693565	0.167746713451	0.669553694715
0.0998556204674	2.64805692323	2.58549598184
-0.615131362698	-0.693733913136	-0.374628702039
-2.90419256391	-0.586113398262	-0.801025523165
-0.0866554638755	0.650917018704	-0.754186890195
2.91142565703	-2.41842939179	-3.14328122722
-0.679295858723	0.600631573006	-0.421662008995
1.16065404276	-2.88734140787	-0.310570623868
-0.344424568951	-0.651807410885	0.675661761104
2.02594363055	-0.541555711398	-1.13505793878
0.181936076893	-0.805345395937	-0.564196824847
2.29079043903	0.89604838548	-0.565092193574
-0.966234007434	-0.213822876532	-0.14377628577
1.24865246565	1.72326184932	2.85412701387
-0.0199667569209	0.886667302094	-0.461976648777
-0.770323878127	-2.60114120139	-1.86026241652
0.647763099996	-0.735305028161	-0.19932255729
0.123589189379	-1.83669452035	-2.74688073118
0.551933241143	-0.315005962572	-0.772101638948
0.837419816538	-0.0295507145924	-1.83566582057
0.698030661887	0.715747419891	0.0214202237403
3.14097142131	-0.0249357750082	0.0295429163396
-0.603702178436	-0.653940348803	-0.45596677506
0.830977765725	-0.815649679639	1.50366756032
-0.860139464969	-0.107836343363	-0.498529260778
-3.01621241178	-2.09533773799	3.1147016737
-0.0918520258618	-0.108922247163	0.989797529507
0.237711790284	2.17174085621	1.80265388703
0.715972262146	-0.379053645997	-0.586261079463
-2.97631881038	2.67520684222	0.106984762136
0.490295334859	-0.687923763582	0.53513678636
2.01063602686	0.637052762226	3.05617577005
0.561830702622	0.74727533309	0.354860307932
-1.60484040901	2.67211249511	-2.26346370023
-0.35077008947	0.528633052049	-0.772986054605
1.63675930593	-1.12885055462	-1.40941620408
-0.532508118967	0.296037528961	0.792967139723
-2.12385889823	-1.51925015664	-1.44702931318
-0.790563802013	-0.569226596038	0.22580955983
-1.81958691968	2.36747460985	-0.00678348418463
0.711367442987	0.175223217695	0.680627052826
-0.196683878725	-2.22184520683	1.3416137725
0.615953358882	0.0949727685479	0.782036848822
-1.340299746	-2.96368520369	2.81975897075
0.367706344987	-0.377206114329	-0.850004465382
0.620682806142	-0.662899251724	-1.85794159494
0.277242889605	-0.960018326924	0.0387452207775
-0.886568449232	-0.708759363341	2.11445393476
0.523568240109	0.24219295819	0.816834664392
-1.99223560019	0.244069820104	3.00973125944
-0.288609531514	0.261502265072	-0.921043486314
2.3334670869	1.66542014089	0.315754209555
-0.455218808566	-0.873222609767	-0.173948584699
-2.73033383998	-1.52668986334	3.03486544875
-0.763036262985	0.645165379639	0.039208344597
-1.26569281023	-2.58354684933	2.45520516107
-0.556635251666	-0.518507340453	-0.649081916633
-1.57350671406	1.53823052993	0.567681096574
-0.67494786787	-0.348895812132	-0.650166969274
-2.30156901251	-1.1430284305	-2.14821784163
0.798186567589	-0.140296782649	-0.585845556525
-2.26502849808	-1.31606275939	2.910351603
-0.906264136576	-0.0407432375305	-0.420743750224
-1.08328671986	0.500003567605	-2.38325965153
-0.477040820438	-0.700741411445	-0.530465389938
2.39506485224	-1.81358929797	-3.12599262063
0.419698359173	-0.508747442165	0.75168432696
2.82879958503	0.709153349971	-1.47807072735
-0.144862138349	-0.974883333412	0.169166920845
-0.279523901642	-2.41419810891	-1.16765399967
0.91138184366	-0.411264317365	0.0156459678422
-2.57729344445	2.55360945852	-1.28950164674
-0.654631511452	0.559782427117	0.508036631066
-0.91485145272	0.184414020956	1.11537229291
0.0314922770329	0.898713190317	0.437404661654
-1.0484412989	-2.85412105772	-0.881120515465
-0.847413382805	0.231366089784	-0.477870579908
2.54148657688	-3.11967502066	2.49942240389
-0.598942218512	-0.110093634923	-0.793188256616
0.52573461911	-1.09013530887	-2.54387492679
0.711625997788	-0.445135444807	-0.543546571187
-2.19302542634	-1.77528734601	1.14642202025
-0.378192423501	0.922920672313	0.0720272408413
0.98621715115	-0.0963782634628	-1.54544422299
-0.9018450537	0.427809819471	-0.0604504547597
0.758749555174	-0.719657049267	-0.373688598451
-0.0431572764769	0.880212591003	-0.472613207737
-1.69256045866	0.665002769942	-0.808305625481
0.405409889929	0.574334852367	-0.711183730483
2.50963400215	-0.618369390184	-1.64765415862
0.194860038589	0.665273787468	-0.720722105301
-1.4808014056	-1.6232719811	1.33482109142
-0.390478528238	-0.311855857772	-0.866182684518
-1.07021100532	-2.22343796643	-1.97664574267
0.702528962642	-0.278229410397	-0.655012558536
2.94770012106	-0.268792359151	2.15887420687
0.775244411476	-0.624769113911	0.093057276873
-2.31197032647	-0.700501090624	-1.25899398562
-0.688195672159	0.328749456159	-0.646769287998
1.10029515559	-0.0860201286476	0.124657321521
0.490651810742	0.697329866457	0.522486227534
1.34769929289	-2.92742923201	-2.57793483453
0.322005997537	0.437356463376	-0.839661516025
1.22331826663	2.08944343912	1.87103225879
-0.893911844877	-0.177401725455	-0.411643342464
-1.5165953016	-1.38470895593	-0.644589084105
0.165153229574	-0.609710361701	0.775227505701
-0.0948761170646	-0.9626686116	2.58416212206
0.441098092293	-0.606802400328	-0.661228644215
-0.575015433636	1.88679892143	-2.70908994211
0.0431662486445	-0.20761955545	-0.977256770339
1.8376317173	2.23056649605	2.01948480666
-0.389847999171	0.8168741787	-0.42512952581
-0.875550788382	-0.917537462443	-1.57976500384
-0.434565308156	0.759049551981	-0.484764654843
0.192038709446	-0.12892294493	-0.400449518274
-0.814034654199	0.266501313094	0.516066499477
-1.11838891069	1.60903207268	0.716284196548
0.428660076426	-0.646092295236	-0.631518237991
-2.36527168186	-2.97000598934	0.126129189507
-0.773045099339	-0.257417672002	0.579773590748
0.749424936503	2.3832854747	0.724056278267
-0.519497204483	0.535755064626	-0.665649431204
1.23497649776	-2.87493178559	2.62668259279
0.798043855537	0.592051106655	0.112256366182
-1.79488610516	-2.50475485739	-1.16532013324
0.568067211324	-0.821876245237	0.0426506850363
2.95104445187	2.24218034811	-2.92821941014
-0.959339840924	-0.257301730623	-0.116029690312
1.91101127844	-0.840322852754	-0.872632439572
-0.481512136446	-0.469570657779	-0.740033418035
2.2267875786	-1.86427617727	1.80568187914
-0.220540432451	0.930749658504	0.291662460474
2.92678002651	1.21650888763	0.11415376675
0.916412568308	0.374736643579	0.14057187701
0.235586842369	-0.655553357899	-2.3647653656
0.0752867678201	0.793689333897	-0.603646538837
-2.5719423538	2.0297974362	1.33453936975
0.512194677236	0.857631146336	0.0461023800421
-1.41463789517	-0.762871090439	-1.28733064306
-0.771835461499	0.560683152549	-0.299840662387
2.92652562526	0.970202982104	-1.86300722525
0.928019777095	0.345562326995	0.139161673901
-1.29060713818	-0.395192609092	0.232872395288
0.592147496211	0.593914307418	0.544634866837
2.92444188762	1.10167785854	0.872326525925
-0.411460946911	0.016016737251	0.911286647161
1.64083508714	-1.1634162102	1.39507887478
0.196795554803	-0.479139749172	0.855392664437
1.32315395741	0.40612078699	2.00876723416
-0.0483838744258	-0.625510532109	-0.778714052086
-1.02876125413	-2.09178698709	0.917126499606
-0.469756207106	-0.174470543578	-0.865383808093
-3.05729770213	2.75948626853	-0.135002068676
-0.784913651826	-0.026174696424	0.619052053097
2.64969150135	2.37277069054	-3.1284112086
-0.798695209375	0.594613340025	-0.09230892907
2.78447995291	0.612193719046	-2.19121068987
-0.278127984046	0.494545374053	-0.82344987552
-0.108480745737	2.44572521027	1.45017635417
-0.641542874381	-0.587656841524	0.493033646865
-0.456292042225	-0.448014841547	-2.55949792436
-0.343976364828	0.867670978618	-0.358925247515
-0.874452295486	-3.04396385342	0.340343998048
0.425829293529	0.698174821493	0.575518315439
-2.42443545617	2.87637416195	-2.98675941066
-0.721503233238	0.452651459483	-0.523965400246
-1.80965244834	0.232983378175	1.03163637543
0.807425658575	-0.172422641287	0.564211164943
2.02317847334	2.11366432369	1.09420324755
-0.240365573616	0.52680867924	-0.815289523113
0.616987946426	0.566066883884	-0.0800163899733
-0.87718273832	-0.398647442898	-0.26763904772
-0.277260841358	-0.508472227235	-0.131087558511
-0.774204356639	0.592068478594	-0.223746577215
1.9848287851	-2.8953040528	-0.475666220943
0.711101058715	-0.693010095802	0.118626689286
-0.277023599254	-1.46635671597	2.2586643528
-0.539311920702	-0.350691535816	0.765609625656
-1.29068221719	2.77479577526	1.74360826271
-0.338963431073	-0.705380857003	-0.622528424226
-2.00375540149	-0.46141913029	0.399000641485
-0.702247709502	0.3384341105	-0.62634695445
-1.97322474619	-0.985464456669	-2.96381633159
0.0799698214503	0.0535610775763	0.995357241711
-1.83166791475	-1.06800093762	-1.15975958539
0.829643349565	0.555212436618	-0.0585752742057
-0.130783106896	2.19239301044	1.47085095462
0.932627373851	-0.332306970622	0.140635197659
1.60728006557	3.13837187963	0.461239251273
-0.462213655304	-0.319963323561	-0.827032048005
-1.58717430393	0.958727939229	1.4297139869
-0.831766017957	0.396868917573	-0.388149911293
1.72901538572	-0.208780395474	-1.11129716356
0.663443209519	-0.576020144737	-0.477539423085
-0.341367661935	1.29245376865	-1.40292112403
-0.424536288129	-0.666731902128	-0.612566331712
-2.56968724057	1.08586659279	-0.895101134431
-0.468448316289	-0.834526392213	-0.290037714212
-2.13524710071	0.193465218646	-2.94941465009
-0.281344415503	0.135265078469	0.950025619871
1.24209517552	3.02285000248	-1.36136644998
0.733223783723	-0.055984208537	-0.677678870393
-2.36527290647	-0.0972968703823	3.11972152313
0.109827219045	0.810846887163	0.574861120215
-1.7114046098	-1.60310653025	2.24623419641
-0.698164851449	-0.535744204748	0.474914715798
2.3996907587	-3.09269131162	-2.18841505407
0.331349130059	-0.713662041477	0.617166302194
3.06896499772	-2.63244508481	1.02480228408
0.320498220158	0.941660110033	0.102747885857
-2.44196502048	0.876328509689	2.69502297478
-0.783752989454	0.299270667075	-0.544213486924
-0.512352860976	-2.72824959909	2.72498641073
0.270348363204	-0.897161382878	0.349303901476
-1.42536246133	2.1812333806	2.22299186806
0.0315766406431	-0.861695753783	0.506441846295
-0.308943703394	-1.7771903517	0.489159740659
0.498517825119	-0.666094553193	0.554795479655
