800
-0.901442767849	0.107561899964	-1.06345705967
0.945075304132	-0.313516155778	-0.0924136872202
1.13120629924	-1.52483648156	0.833255243837
0.200375327117	-0.897381982946	0.393135224785
-0.926283473151	0.674324685104	1.7205315807
-0.582128907284	-0.460847274241	0.669884859606
-0.377914300978	-1.56761551748	1.21505723172
0.000929930693497	0.353706849353	-0.935355868079
-0.928030623495	0.365203165865	-0.925399625305
0.426023495548	0.233751797006	-0.873993179972
1.84849677678	-1.12705694524	-1.79252612758
0.417512089991	0.301706297419	-0.85712132444
0.543093902481	1.97943278425	0.386098290837
0.35605898798	0.903628893348	-0.238068939984
1.44935183324	1.65856659714	0.674491987515
-0.781600904718	-0.189111389793	0.594421490186
-0.377146794288	1.29607436539	-0.320395443847
-0.410133632799	0.417529877323	-0.810838581217
-0.804595305033	1.27297221877	0.519390954856
-0.132549246933	-0.301741903967	-0.944130563285
-1.67707655876	0.450473456012	-0.84969840759
0.384229601835	0.0805004818346	-0.919721308603
-0.990468324558	-1.24687579295	0.455332075676
-0.479025127767	0.696637708486	-0.534070061025
-0.844221678769	-1.30595470335	-0.829602060444
0.490181345702	-0.361473637746	0.793132433797
0.367883700686	1.96873358614	0.367561780044
-0.145145471195	0.361609387239	-0.920962237691
-0.61020645979	-1.92338822407	-0.194150202767
0.79178982974	-0.59778526149	0.125385990708
0.315174687513	-0.533454575841	0.739964561437
0.360215257287	0.166769117767	-0.917841505804
0.788583678473	-1.47116155463	0.869878075312
0.0223179363301	0.385308856975	-0.922517747501
1.43152400034	1.03116123193	0.969110652678
0.946862542528	0.141855185122	0.288666645132
-0.0551537718922	0.306387733999	-1.19911250511
-0.510826437865	-0.523487014092	-0.681922060397
1.12912543699	-1.98075521615	0.348952151803
0.578991196876	-0.766624339868	-0.277590193384
-0.826158885272	1.1723534175	-0.118411451902
-0.564995718105	-0.513742598062	0.645637964698
0.790448518823	1.61365079038	-0.132574412778
0.665622318595	0.721166545692	0.192004537347
-1.31178098575	-0.0446261625102	-0.0744344672667
0.00583321523634	-0.889787093278	-0.456338582893
-0.0292483358549	0.098341611749	0.110810049762
0.0387007164867	0.463712361367	-0.885140158652
0.144402991923	0.578888148017	1.55136689416
-0.193542883232	-0.856151054348	0.479110138162
-0.343568253209	-1.25812923786	-0.276340969772
-0.733354743166	0.676633735871	0.0660121818874
1.57838660156	-1.91350014686	1.29327188208
-0.419815329801	0.422183306166	-0.803440318169
1.28470017892	1.77928192506	-1.90103092895
-0.0172076505484	-0.414450574209	-0.909909126397
1.97094405166	-1.69928672953	-0.387194032405
-0.303769708423	-0.00533461619479	-0.952730552735
1.29698591443	1.99042773886	0.430691307898
-0.48029371146	0.666712163813	-0.569923539921
-1.09613831189	-0.266573944973	-0.88412495825
-0.0722730487282	-0.344138687641	0.936133094221
-0.356104965808	-0.00755627263179	1.02357795932
0.462111223373	0.266026144608	-0.84598067804
-0.50997063697	-0.970348846221	-1.03301985199
-0.560833632187	0.707903386412	0.429346517995
1.96097451438	-0.855017546124	0.924497126674
-0.0623279936428	0.694336126177	-0.716946696132
1.08834685405	1.54872410115	0.195624283079
0.425824426469	-0.0943120789679	0.899877096932
-1.38863083314	-1.97549579951	1.76088251473
0.691901751027	-0.424208161832	0.584225472195
-1.59866818941	-1.1065524103	1.08835393459
-0.102259024889	-0.486842394038	-0.867483472578
0.180195921046	-0.0777490521013	0.464777462528
-0.058794011493	-0.458593119384	-0.886699281079
-1.4370085149	-1.69403868262	-0.842978357643
-0.0676887983239	-0.434418561369	-0.898164094205
-0.339493834035	1.42126955082	-1.06300699225
0.917674559219	0.349641648238	0.188743532814
1.5004493303	1.6841753918	1.28371299163
-0.298095777851	-0.583380355136	0.755517219174
0.175490580005	-0.929157575856	-0.966185090626
-0.0545500957587	-0.818133061062	0.572435657039
0.107566202681	-1.66247504665	1.0285354942
-0.339264445264	-0.719750529222	-0.605688708714
-0.744954264477	-1.5011507103	-0.321582263298
-0.568292929582	-0.822427887298	0.0256030541699
1.91090322735	0.095058368387	1.96943170038
-0.00179002037724	-0.808791797631	0.588092360018
-0.396819626314	-0.0754265663262	-1.47836819786
-0.231195295727	-0.442363015505	-0.866523916431
-0.529820445521	-0.198143873959	1.43502042767
0.545126745199	-0.505364204423	0.668912440126
-1.92595046575	-0.962182702827	1.06534404655
-0.00873219192932	0.552308807263	-0.833593864087
0.182831409876	-0.207876804938	1.7869586772
-0.0416838307381	0.869136873906	0.492811883655
-0.372657561063	0.815460527937	0.698399128495
0.51357328175	-0.393065669378	-0.762720042892
1.749094747	0.528825892505	0.950457975044
-0.677608411287	0.0859413423068	-0.730384095278
1.12933064433	1.88468880325	-1.76591261545
-0.609497798606	-0.619954327938	0.494134662583
-1.18344103955	-0.302789664969	-1.14540791707
0.413104088494	-0.392373771241	0.821819831661
0.252104603845	-0.220417719004	-0.456751521673
0.215685562591	0.344978566076	-0.913493036119
1.38816529173	-1.42645356073	-0.931135824657
0.733688953203	-0.231634694327	-0.638784696382
-1.63914184715	-1.31647549219	1.31399498633
0.307576884018	-0.0417863114344	-0.950605262238
0.730093811886	-0.829367400413	0.275043390718
-0.443532943217	-0.553758695829	-0.704719685461
0.147599112324	0.979592682983	1.67663369752
0.760883329509	0.167612718752	0.626867239045
-0.260063625496	0.616819727929	-0.893257132778
0.759983412314	-0.434288679916	0.483547883362
1.45168473434	0.0751845398004	1.7381646434
-0.792182484829	0.422263937412	0.440613297452
1.32198125873	-0.715458093347	0.82206235618
0.619370047895	-0.765427045196	-0.174648739625
0.135428815663	1.71763361037	-0.820003130735
-0.254272353291	-0.313598755166	-0.91487780119
-1.10014266439	1.27973141023	-0.00483268548718
0.775063138656	-0.447641803334	0.445975276226
1.39462403696	-0.929412671275	-0.374259384686
0.304515148147	-0.840257579324	-0.448595279665
-1.72256577589	-0.735323017851	0.97579086303
-0.408725838019	0.282319338075	-0.867893415509
-0.469437661276	1.70844840038	-1.14584338222
-0.71874712674	0.693262644027	0.0528154731087
-0.221692200749	0.916187286611	1.22407840994
-0.578268676109	0.349644210258	0.737125677524
-0.198451022476	1.91171964907	-0.144754711887
-0.346510815573	-0.543178540104	-0.764779267672
-1.00652830357	0.810376796593	0.590822928786
-0.323926209722	0.839776855145	-0.435713947696
-0.861174378089	1.93915831815	1.94884064545
0.161036950334	0.0260320090401	-0.986605004616
1.18914327446	1.70687722003	0.0626378226635
-0.780084617237	0.0229825144572	-0.625251784467
1.52776363408	0.292965398339	1.17030282078
0.456428143245	-0.252492875057	-0.853182687412
0.307003796897	0.605121884674	-1.51205157116
-0.0749598056232	0.442281100686	-0.893738471543
-0.956574870328	-0.808104263409	-1.56344386003
0.623096571707	-0.298067744604	0.723122591234
1.21874567509	1.19032028901	-1.37988768882
-0.223497046371	0.190269068143	0.955953321021
-1.40260151718	-0.192609459937	-0.639524795882
-0.667211768872	-0.390181192078	-0.634497512074
0.190089730184	1.4813730843	-1.94287900807
-0.553407955096	-0.797994231478	0.238631183553
1.93260300079	1.01379604073	0.217466298559
-0.405362987583	-0.580213692015	0.706422621308
1.75587885953	-1.99318104894	-1.18111931302
-0.329141038946	0.145328421284	-0.93303045312
-1.58823767256	0.674420212183	-1.2453836893
-0.437250196164	-0.115342237665	-0.891912795157
0.550269684932	0.216383268097	-0.102975056316
0.353491405458	-0.419595255208	-0.836052419454
1.56852483443	1.45294353203	-1.23962484215
-0.144957772862	-0.608368382865	-0.780304526974
0.527654597351	-1.65475897823	-0.0317743687449
0.722099952575	-0.243515067074	-0.647512216563
0.364959245975	-1.20505860987	-1.18418007257
0.201970074602	-0.374288863751	-0.905050239178
1.73568282361	-0.551720775957	-1.00924425204
0.598633897389	0.743965121054	-0.296906307699
-1.56934997957	1.9847867597	-0.608401852664
-0.382130929428	0.0184654452082	0.923923687383
1.17380039481	0.616306493327	1.19276576614
-0.374436098599	0.409218504636	-0.832068400752
-0.910989377493	0.0327720662104	-1.35135130745
0.793221419949	0.608418553712	0.025032827107
0.700724848185	0.989163128574	1.04189411786
-0.875445549143	-0.041154257687	0.481561436952
0.448119756615	1.05329148365	-0.96717031869
0.586313396367	0.661908273404	-0.467026807411
-0.919216557014	-0.587249394098	0.345537671573
-0.22519672804	-0.50804288868	-0.831371671963
1.57869452722	1.65549005386	-0.301421782133
-0.602067418522	-0.757464812396	-0.252511151311
-0.448109084242	-1.57545695219	0.146599401727
0.540538420743	0.212553569391	-0.814026532639
-0.287435730863	-1.81155880729	-1.79530983108
0.174817869426	0.907627887621	-0.381641625273
0.885415892223	-0.585956035658	-1.73306380383
-0.511000840666	0.628289518696	-0.586626304844
-0.966465301676	0.966575568975	-0.644193383723
-0.815773647263	0.269110448385	0.511950117688
1.06084701176	-0.0665141513712	-1.88142258052
0.58374902613	-0.467846459027	-0.66359382552
0.745634710388	1.6534589805	0.68485533868
0.796315366575	0.00880960386029	-0.604817516145
1.27043652271	-0.11687065533	0.502800736453
0.811085472761	-0.248693408654	-0.529426051841
0.389297106932	1.39092134945	1.6882706121
-0.0515265943237	0.528996543799	-0.847058242818
-0.825278694064	-0.328220397712	-0.184637302943
-0.71762408017	0.69322315661	-0.0667632735829
1.37661334308	0.747184896647	1.86723580721
0.428571534555	-0.302852291365	0.851238467989
-0.888789384201	1.21633048472	0.828561625484
0.0731199947318	0.35220608057	-0.933061811018
-1.94864270543	-0.430798158336	0.32624091743
-0.353651895785	0.8171116326	0.455256978504
0.2714739191	-0.843064506347	1.50565762038
-0.403229777868	-0.244366122833	-0.881867872332
-1.31125277537	-1.0963696045	1.40431551212
-0.0203747423046	-0.48311212542	0.875321394773
-0.396389166655	1.47033755525	-1.2558838532
-0.557332528079	0.219168154703	-0.800840666493
-0.0764914054719	-1.28768043012	0.976691310803
-0.570505725174	-0.231075543626	-0.788116305301
-0.171120016	1.6827700191	-1.13731578639
-0.143049327379	0.297970675156	-0.943795722963
-1.22440903572	-0.835341753655	-0.93881812199
-0.439053333158	-0.426974820053	0.790521773061
-1.10395988545	0.880344220712	-0.807914801491
0.275243866281	-0.140916682591	-0.95099069535
-1.94827278447	-1.13283421313	-0.255823457681
0.414338886996	0.0878093384516	-0.905876816572
-1.53707066095	-0.158913593397	-1.79695085753
-0.448206894536	0.0673563517211	-0.891388636664
1.85831723744	1.15808520779	-1.67722957742
0.994156873585	-0.0845971540113	0.0670479845774
0.237150174922	1.01651693832	-0.590809095442
0.712829482945	0.512228162341	-0.479057864927
-0.637350348382	-1.25132012521	0.000599751131365
0.233892975418	-0.71542565724	-0.658376947511
-1.41411395324	-0.684574044816	1.98974266091
0.428519752631	0.351848432886	-0.832210010683
0.481920221532	1.41579199259	-0.426698104886
-0.522434694317	-0.305820240456	-0.795949728753
1.75980820359	-0.737517657111	0.238896091399
-0.645507946043	-0.168523566637	-0.74492905641
-0.530100515314	1.87933222981	-1.6454511551
0.526046274468	-0.333603423863	-0.782294108827
-0.165881243684	1.34690903268	0.963783776908
-0.869635896506	0.165395124863	-0.465164336745
1.27552933922	0.0241675287469	0.76006679777
-0.202637668065	-0.539181469301	-0.817448052566
-0.942842068703	0.993812402302	-1.02343395761
-0.685743815428	0.318062617453	0.654669069822
-1.09528444735	0.473289296192	1.37330003916
-0.240190947908	-0.42479103732	-0.872846425871
1.49221126437	0.727111188071	0.68827490596
-0.782843682729	-0.29379882661	-0.548487026185
-1.70285976426	0.0789021910912	-1.75667090315
-0.193905666429	0.319531698093	-0.927523631203
-0.427111410676	1.40527118011	1.35400266939
0.545157006749	0.455689324498	-0.703669721909
-1.42487668143	0.438424221035	-0.80531897391
0.5401106937	0.623610996768	0.565145789385
1.06469819676	-1.48794505997	0.925485954366
-0.787544142895	-0.561334004001	0.254319403396
0.112865519507	0.594810936423	-0.708055484342
0.931738461836	0.319831895308	-0.171962197823
0.127552518162	0.207384896583	-0.515663076332
-0.38526248654	0.189196212358	-0.903204079759
0.260644560076	0.722287216744	-0.0641072215102
0.671512650325	0.517003888826	0.530827410174
1.29965180709	-1.99167024199	-1.46986413275
0.599815068252	-0.477521958676	-0.642023880304
-0.894568146698	-1.33683699498	0.122318021532
0.748480627602	0.62632324451	-0.217935640709
-1.41446081643	1.35105598542	1.28975053187
0.716702386476	-0.125637988205	-0.685968501565
1.62748791665	1.49136016464	-0.791159602123
0.186355559057	0.30492337113	0.933966457292
1.87953170307	-0.727412907967	0.910411473045
0.418117514626	0.315164001423	-0.851967954896
-1.88736324615	0.598563336573	-1.97934680602
-0.14221767188	0.284760018792	-0.947990435344
1.43603940513	0.328742239954	1.53224933611
-0.523890674662	-0.809191283294	0.265985014697
-0.0608039473684	-0.821553020998	-0.240377933611
-0.698571183564	0.416843449562	-0.581583906286
0.835587844308	-1.01219848518	-1.46786804601
-0.440115288865	-0.0728872273192	-0.894978203422
-0.0227891362788	0.878678273086	0.275349516332
-0.776464308306	0.524300835088	-0.349588060798
-0.215311332896	1.03247590529	-1.12947837063
0.70411930116	0.703055812079	-0.0996420334803
-0.167825978607	-1.31139407803	0.882927206395
-0.338244270324	-0.235198938031	-0.911192774961
1.89540075668	1.49123551871	0.690971169129
0.529648270897	-0.839731947307	-0.119678593771
1.99335715387	-1.55262807216	1.78428507432
-0.0716412393654	0.872184312978	-0.483902941732
-0.20894175129	1.52490022462	0.353369495144
-0.544303566103	-0.135731423508	-0.827834892113
1.33771821455	0.622818289305	1.08334673013
0.647239466018	-0.645442774757	-0.405567131487
-0.425711568051	-1.98241502171	0.0223213630737
0.261303534028	-0.0323076311505	-0.964715854578
-0.90811480441	-1.72445541155	-0.608408640497
0.932349311783	-0.103724296653	0.346361128161
-1.08845803927	0.830852073044	-0.780521934443
-0.668825768571	-0.252796261464	-0.699118116977
0.478463675077	1.13992403315	-0.291118445478
0.198120694454	0.0280350734059	-0.979776619995
0.689714110518	-0.865111004807	1.04790393581
-0.546968745103	-0.603030849743	0.580671151461
-1.25789577288	0.559791635396	-1.6666110993
0.0999313990753	0.74574659558	0.658692440112
1.76491111824	-1.3817735064	1.85574557447
-0.620142164131	0.242693068246	-0.746005208355
-1.0189476473	0.108796870456	1.72193515539
0.664542047083	0.742196309966	-0.0867669587543
-0.787047103864	1.77029332911	1.77573900238
-0.121081007706	-0.409988005137	0.904018376592
-0.452932767015	-0.0766262353583	0.208468438401
-0.946721676564	0.319744759059	-0.0384883901776
1.71009503467	0.471277876625	-0.0964598741198
-0.0941817726062	0.691659903935	-0.716056122798
-1.55400743101	1.14199613677	-1.60781243422
-0.135107720479	0.0122043482302	-0.990755750804
-1.50063551896	1.67583992339	-1.28398204509
-0.240904895904	0.943913731477	-0.225813415588
0.696374772485	1.36888742661	-1.67208380565
0.0548358578768	0.309508660116	0.949314182979
-1.26787377195	1.78050724831	-1.68476346608
-0.199477250507	-0.465802331422	-0.862111950139
1.82046594563	-0.451385586014	-1.51975421223
-0.532686830742	-0.739920049198	-0.410807815345
1.113101928	1.87718444048	0.149152509852
-0.577236816519	0.645015714365	0.500751820642
-0.0373433221851	-0.987994961371	1.45078454346
0.717565624921	-0.633900135728	-0.288565749623
-1.51577507313	-0.0658907915967	1.15791740872
-0.35915494385	-0.246633879952	0.900099692016
0.839465572392	-1.80597674317	-1.92134930513
0.901894783035	0.147079414195	0.406144612489
-1.40709185437	1.59343700581	1.51516406573
-0.767186883257	0.556595646439	0.318787660557
-0.796761584892	-1.38188065494	-0.471492480635
0.49978638073	0.243948951912	0.831085123497
0.556042712827	0.718429853518	-1.35571107913
0.497723527552	-0.431012255244	-0.752661760653
1.80601655334	-1.60204303522	-1.87800711033
-0.510982638838	0.825438889756	0.239890354295
-1.52239734261	-0.377566282408	0.896213463077
0.0405778067197	-0.601094319891	-0.798147267236
1.39505844608	0.935681027265	-0.395951136638
0.17138977664	0.74694286415	-0.642418790322
0.0143234796651	1.26501352049	-1.58428326753
0.0990662432284	0.626432983406	-0.773154316262
0.271783609743	-1.98505067921	-0.719656564682
-0.0399417298034	0.445736925287	-0.89427247059
-0.610754493041	-0.841761478203	0.552175661231
-0.574927762093	-0.817199146248	-0.0405416297954
0.25166470377	-0.914882497709	-1.46935454094
-0.910602750025	-0.131435005809	0.391825817035
-1.21439062893	-0.813764550793	-1.04592937119
0.554315069871	0.486078790316	-0.675619873093
-1.21751580983	0.351155918102	1.65064867625
0.793001657099	0.158574460584	-0.5882197823
0.823925939426	0.141400754922	-1.81346456526
-0.175870785067	0.424513984367	0.888176414929
0.871717691303	1.41682783951	-0.10924837146
-0.389995553354	0.553684482339	0.735756048144
0.827018139133	-1.42230076416	-0.106430057172
-0.645192382498	0.740200526111	0.189288062782
0.40761655691	0.380546411389	-0.770778438192
-0.012623858753	-0.745999920101	-0.665826371811
1.45589553008	-1.91154178255	1.53105004954
-0.144693856593	0.120663967103	-0.982091591913
0.207674365234	1.52553567918	-1.64121599309
0.314534378095	-0.332519961613	-0.889099881974
-1.95879974325	-1.62264514257	-1.61316932328
0.727567074897	0.3707669813	0.577215728392
1.34365143729	1.74781613659	-0.188470229855
-0.493034910759	0.868028106041	0.0586837617665
-0.472382733024	0.349864392371	-1.44890919773
0.790150222558	-0.153208993235	0.593455668254
0.818219008764	0.864250162904	0.687256813721
0.716697247779	0.294681226956	-0.632066475543
-0.231479378503	-0.221625110853	1.44505973803
0.474856285	-0.0458812049156	-0.878866556214
-1.45542065391	1.37001422607	-1.03079853938
0.238989732989	0.96900895247	0.0624944602325
1.34046668363	1.21777475905	0.0586349686469
0.00637284817206	-0.232673171244	0.972534103355
-0.0915131590133	0.880118967315	-0.993874848974
0.365942411146	0.589535651741	-0.720092957229
-0.680807218137	0.72820324322	-0.105217122922
0.822060696703	0.543930403776	0.168392181479
1.88292414954	0.825967253355	-0.544617426701
-0.501302995973	-0.685453415692	-0.528061474779
-1.37447114939	-1.6181090006	-0.366494813023
-0.942030045455	-0.190286509058	-0.276352018141
1.38186570806	-0.686560762916	0.790513379585
-0.776098323646	-0.552869254581	0.3033265227
-0.668402212954	-1.64824298063	-1.56012582188
0.278525609217	0.865353490729	-0.416637517627
0.22053733356	-1.4942231498	-1.98948982108
0.109581790167	-0.717771178705	0.687601895202
-1.48563128797	-1.69328381713	1.30222604126
-0.821955056478	-0.504130992261	0.265031748613
-0.577045809954	1.11300963711	0.832802062223
-0.788943479524	0.309300524268	-0.530943849954
-1.97975531422	0.517995579172	-1.77550346186
0.413216401222	0.212117195111	-0.885583706546
-1.25434590151	1.11686860239	0.39775254882
0.129174738418	-0.447968059127	0.884668584814
-0.760306922376	-1.87927136618	-1.36019908208
-0.247778548468	-0.457978538035	0.85373382832
1.61563969296	-1.21679836702	1.94405442819
0.795786630738	0.39524684584	-0.458806679542
1.5852279295	-1.13628753329	1.17514789011
-0.725416325477	0.0052380581466	0.688290431052
1.24034320228	0.77065449398	0.60863757502
-0.184346146231	-0.477406375844	-0.859127261046
1.59996691516	-0.809893832385	-0.572092417462
0.45186122868	-0.678664699525	-0.578995384813
1.49060133392	0.13837368582	-0.382570616139
0.737457151704	0.67354693107	0.0499147377768
-0.107198568883	1.5518748578	-1.26799626699
-0.202298433085	0.372087847635	-0.905884086191
0.679679485535	-1.49096798107	-1.07568262038
0.323862451871	-0.38403161941	-0.864657636039
0.816914880871	-1.25744321107	-0.604445436813
0.431437228047	0.215233579254	-0.876091561777
1.13572661283	1.08766310735	1.79478531328
-0.156974314149	0.0417532589295	-0.986719681605
1.22418328822	1.82608572102	1.93286750018
-0.863205431232	0.157078694986	0.479794400835
1.89623150607	0.832722086297	0.832911831216
-0.559955489803	0.353459761067	-0.74934374405
-1.5410253842	0.447717574288	-1.23886907506
-0.500105483859	0.70343944364	-0.505042032058
-0.017563456205	0.0990688602892	-0.361441810281
0.0141480079637	0.436693378726	0.899499153334
0.459891238853	1.37812979141	1.14513491798
0.575975130254	0.809146264716	-0.11633989696
0.468508499165	-0.228825148978	-0.811977839921
-0.401034332224	-0.292447423076	-0.868127852977
-0.778369291002	0.111169020414	-0.485118590395
0.468554147475	-0.39907846071	0.788158228455
1.7528143701	-1.57074546072	-1.72958446619
-0.609835499186	-0.298658540573	0.73410063348
1.83618665012	1.97934966428	-0.993984723453
0.568311156939	0.47277524347	-0.673428539684
1.72894682262	-1.22345111946	1.32117344022
0.717594855601	-0.265943256884	-0.643686109321
-0.433641327874	-0.950746477394	-0.0394863401598
0.666079693557	-0.491007470562	-0.561470841347
-1.85547599354	0.33612783463	1.07218511543
0.104288733924	0.348256506089	0.931579983653
1.13518375058	-0.860393231993	-0.104670294308
-0.0165615057199	-0.994860516737	0.0998912847377
-0.67117441527	-0.892294963512	-0.720849352084
-0.496660387853	-0.832291615994	-0.246209514608
1.86971759191	0.309627355341	-1.56300024635
0.0624713207779	-0.922969248875	-0.379769798315
1.75832816455	1.45916655435	0.207879565513
0.523818920107	0.819567948504	0.232211362174
-0.000619593760549	-1.45309903912	0.00628458034322
0.350757357163	0.438497249866	-0.827459629381
0.239415058135	0.198890300821	0.43522620009
-0.595435559577	0.287897651569	-0.750047622896
-0.24612608379	-0.285643965546	1.24049011987
0.519446010906	0.11080996489	-0.847288022714
0.50267900594	-0.263233637187	-1.18328518005
0.602558673096	0.611173673684	-0.513215145988
-0.386702718216	1.44230326902	-0.870359238346
-0.387142564608	0.867063712413	0.313562040567
-0.236412109756	-0.417930678343	-1.67274254727
0.279333007807	0.454278426589	-0.845933911062
-0.477698614657	-1.73739236327	-0.727379118131
0.0496700227925	0.281308734934	-0.958330989004
0.446844256529	-1.32515243707	1.28411144634
-0.188205747502	-0.980513924133	-0.0563119986098
1.53977688094	0.957161115775	1.8599816698
0.484379216606	0.864634022312	-0.133359596509
-1.43051506157	0.863867328196	1.12985377212
0.523983170852	0.511568436986	0.68098411945
-0.22958569144	1.06763196068	-0.958671023126
-0.150024413582	0.683652781551	0.71422093893
-1.12398873826	-0.834005231219	0.143272050328
0.604442419301	-0.289936637202	-0.74201489753
-0.912762584914	-0.605290321061	0.0590434348257
-0.76823744848	-0.378367245183	0.516381109768
-0.0464403169127	-0.569158591272	-1.22414940298
0.0624416311976	-0.612708083622	-0.787838718874
0.505564467111	1.02841745851	1.9348131196
-0.123352671628	-0.0947176777875	0.987832313663
1.9094526186	-0.133191077471	0.251971800538
0.30198851198	0.11950522682	-0.945791435463
-1.263612674	0.198518980748	0.371395526036
-0.0284988767055	-0.359328339888	-0.93277594211
-1.54682023108	-0.607068102906	0.0118711922743
-0.609073657921	0.500793543155	-0.615008216499
0.701515347502	-1.20402339012	0.423391088334
0.84267497746	-0.00560901913862	0.538393370379
0.732448089354	0.896103874477	-0.00268777797216
-0.411842604192	0.782781320211	0.466518031913
-0.971909209691	0.85637291992	-0.595224789839
0.263771410632	-0.00246927883396	0.964582057471
1.49351596467	1.72109897826	-0.465586215188
-0.887492790711	0.374183776255	0.268966629943
-0.445863033425	-1.31655466364	-1.36450521842
0.686989932539	-0.705625390112	0.173601962602
1.65361976387	1.1018071938	1.68641290835
-0.377206269182	-0.369961795623	-0.849025147018
0.684867567886	-1.15508213421	0.488248749724
-0.0975315479716	-0.165070137613	-0.981447628159
-1.39515867716	1.9222167739	1.24666193835
0.461501482074	-0.774318959523	0.432950956768
-0.34221081387	0.00189349043272	-1.08390513878
-0.452311953802	0.365925558263	-0.813334114775
0.0295253813344	0.370939061934	1.42497843506
0.148661668547	-0.732097706844	-0.664780156095
-1.55497131294	-0.462008682597	0.961726964377
0.220907661085	0.320031483598	-0.921292382895
1.55300548797	0.868241802217	1.60006395629
0.0271587828142	-0.540973497146	-0.84060102064
-1.8322584438	-1.12744780734	1.63185155813
-0.538344637427	-0.463443906817	0.703849981592
0.77607705917	-1.3858887253	1.14425362963
-0.32419252086	-0.439233795783	-0.837838219504
0.667558061407	1.8410979672	0.514523722071
0.222877631402	0.440459403322	-0.869667221094
-1.80522442837	-0.844974235141	-0.930116266056
0.15871379253	0.195853711283	-0.967704115852
1.54170458851	-1.66736749415	1.09633537351
-0.249413408682	0.253329611882	-0.93467484149
0.192819828257	-1.27317020501	0.438276754996
-0.302657816893	0.135206840699	-0.943460309765
-1.21676927956	-0.611548301958	1.54013944056
-0.0748394963764	-0.182723364065	0.980311798362
-1.78606501182	-1.63137792799	0.197100749214
-0.452323332119	0.879125353519	0.150140654122
0.306148848258	1.66345427873	-1.25031579698
0.293577797272	0.416081974425	-0.860632248703
1.46213533165	0.460164519032	1.30527209795
0.0192946532909	-0.432559142299	-0.901399081855
-0.924385702772	-0.754972377607	-0.739896805496
0.357692449184	-0.100941074937	0.92836792878
1.20121165587	-0.623509978285	-1.90913932515
-0.74791597584	-0.39869584095	-0.530719624182
-0.767870530679	-1.61350365709	1.58891544167
0.629973669426	-0.613184898581	0.47658939978
0.93178873759	-1.55088687052	-1.51201798234
-0.529806084912	-0.208982310229	-0.821968312286
-0.250999136527	-1.57308304357	-0.321761665965
0.0554600537043	0.674617724977	-0.736080911035
-0.884467737172	-0.297825005436	1.71424825057
-0.562109279204	-0.25725283031	-0.786036983564
-0.714601287515	1.49106102962	0.461085687438
-0.668977917664	0.711157666636	-0.216155774528
-1.01715633355	-0.425688182968	-1.73580366846
-0.391643564807	0.151147120578	-0.907617687183
0.659118005298	-1.4918400228	-0.333207590608
-0.045231078056	0.286007798319	-0.957159176354
0.0393957110733	-1.56627100108	0.775078157331
0.361626529007	0.102545657318	-0.926666413378
-1.30608411491	-1.82999827338	-1.30132925245
-0.110950578614	-0.738870792829	0.66465022426
-1.2837672365	1.88323437591	0.287937321906
-0.632200725577	0.630934644482	0.449715150927
-0.607152401679	0.0874623629401	-1.84620855695
-0.162796010512	0.224826002074	-0.960703246457
-0.19215208447	-1.98505235744	-0.987882105563
-0.57256706799	-0.613523786653	-0.543834088546
1.05362798315	1.55323044879	-1.74852233799
-0.582567848038	0.158617820512	-0.797154369899
-0.414394441744	-0.777185568569	-0.14679424616
0.23138260908	0.623510961839	-0.746790578866
-1.67768324827	-0.915024418956	0.978689329683
0.525713089707	0.0675586281528	-0.847974987292
0.179100652577	1.04166708435	-1.75129484144
-0.934193064065	-0.101483231998	0.342029929504
-0.591864874741	-0.999542526757	1.00303637168
0.391475825129	-0.370222612105	-0.84242619607
1.05510759959	0.18250828967	-0.241782404383
-0.346872768208	0.0932648861459	-0.93326359818
0.186678255277	0.639384083187	-1.12667665854
-0.32876597646	0.093605778036	-0.939761081893
1.51110975878	0.856045212502	-1.61746026911
-0.464191348057	-0.724162306831	-0.510015044635
1.96899829389	0.305767563203	-1.11412106726
-0.237262988024	-0.247867724796	-0.939291150559
-0.721786485294	-0.718294126233	0.644102746937
0.616028855471	-0.310239536431	-0.72405792535
-1.51449398112	-1.06773786993	-1.30453150592
0.886322475824	-0.160274442674	0.43444743281
-1.3411404876	1.68249555263	0.855343768808
-0.150081774832	-0.928045805871	-0.340890661456
-1.54690940724	1.27060287382	-1.84836249286
0.215519684828	0.840284538729	0.497466742029
0.315347102382	0.148311072435	-1.49278542057
-0.702252918687	0.655884913312	-0.276867872252
-0.522257564238	-0.735099004306	1.47393362109
-0.0685664593779	-0.370691070927	-0.926221771815
1.69926864583	0.634400434506	-0.087249141342
0.917191711813	0.383014440928	0.109814852465
-0.569546847149	-1.42013120641	1.50187548823
-0.791987782571	0.0443220475741	-0.608926028641
-1.55824451503	-1.65372856179	-1.51834428852
-0.657824704734	0.551555722824	0.512886871017
1.57870017211	-0.00605184339494	0.670599072731
-0.867878107425	-0.420993838744	0.263726711563
-0.913312123097	0.930447119628	-0.765287272891
0.77853082882	0.494524333795	-0.38643942845
1.19334783535	1.10902579773	-1.93328053421
-0.00500132817429	0.681361061519	0.731930386418
1.56975063139	0.879417741322	-0.333832830867
0.305852944622	0.687137583768	-0.659011317991
1.92016279215	-0.305112983311	-1.98636882048
0.415004983686	0.391493037707	-0.821281964336
1.22762988198	-0.0806364848823	0.0334039968372
-0.641631422842	0.445619259053	-0.624285666328
0.189833134617	-1.54803236179	1.30858381849
0.510384596019	-0.764692811976	0.393385901449
-0.141126950532	1.15146519978	-0.851213312417
-0.59935884925	0.792562546415	0.112310194758
-1.13339141031	-1.94228797627	-0.227583346357
0.617149768258	-0.012548734458	-0.786745634117
0.228632805313	0.221350016608	1.21923320037
0.0166059636174	-0.521395359284	-0.853153632876
-1.10801840854	0.807911764333	1.91319662123
0.425503826275	0.323384915003	-0.845203342737
0.590641232394	0.0168219997883	0.43554421471
-0.143268306615	0.110628716948	-0.983481306028
0.401731474566	-0.812987312721	1.61636041304
-0.521922575361	-0.189459716077	-0.831686143514
-0.484668781746	0.190255739854	-0.0722431358369
0.136181482828	0.0754607724155	-0.987805788382
0.821625466054	0.402984117554	-1.5204505471
-0.630829754486	0.50931941912	-0.585361042573
1.73915719106	-1.9843446972	-1.35432526527
0.00487405102207	-0.416035108646	-0.909335489245
-0.499701429323	-0.755660094092	0.989087284276
0.794104383388	-0.585418621746	-0.163350131914
1.81325902605	0.286520799024	0.661268707132
-0.669733988549	-0.627415932291	0.397247570779
-1.99041015753	1.28854976224	1.99972208824
0.465688072091	0.813750070562	0.347772112414
-1.06427567973	1.73121541497	1.64829223961
-0.704456289637	-0.594276715843	0.388041906239
-0.964580680063	1.87502669992	-1.94299365697
-0.0699959533445	0.521871967535	-0.850147173151
-0.838827222922	1.97677009253	1.70851768913
0.255110149634	-0.457823727855	0.851655003958
0.209490179384	-0.88436265723	1.14574445896
-0.680961079145	-0.370044888946	0.631948406798
-0.155677073744	1.75177919618	0.856101669146
-0.657262322523	-0.327590452889	-0.678742023576
1.43772556379	0.257344697633	0.55185766538
-0.118712399523	0.345554018598	0.930859702872
-1.47805957981	1.31892456104	1.31130553403
-0.0759097986207	0.3357125301	-0.938900846526
0.507389817333	1.19594971241	-0.248042828799
-0.659844831899	-0.178702441324	-0.729842609938
-1.69137197891	-0.5843404578	0.513022197234
-0.999694430672	0.024561370334	0.00279004841038
-0.198145329066	-1.46511043319	-1.64884862023
-0.708509264115	0.100446132795	-0.69851642577
-1.34232701569	-0.971836182192	1.60986485891
0.902769729891	0.237863084791	-0.35836848032
-1.85127058721	-0.164861459842	-1.57488796805
-0.58982783421	-0.661048110283	0.463808712599
1.72514317281	-0.895345470055	1.47317882794
-0.55533227351	0.402383291845	-0.727800626849
-1.09987315601	1.99412202639	-0.608761270951
-0.0663858080901	-0.726031861757	0.684449165533
0.608115294335	0.7883439488	-1.04401791946
-0.0682705385488	-0.402144798981	-0.913027214391
1.70840896453	-1.72633184245	0.895780776457
0.100510511229	-0.484157252278	-0.869188927794
1.72891289373	-1.73778766052	-1.1310893806
0.0565906546451	-0.58230817539	-0.810996107685
-0.521305901914	-1.69577889281	1.47778496361
-0.392235086573	0.741229070412	-0.54473030211
1.08693467569	0.338301289286	0.201061938485
-0.542769122172	0.661743918796	0.517200798485
0.206563109316	-0.134810638314	0.333893321527
-0.47193105669	-0.0147295006949	-0.881512404644
0.807288996843	-0.526892820508	0.436953189845
-0.38170563426	0.0167065034508	-0.924132945802
-1.40350669951	-1.87572486442	0.519771771602
-0.99577771706	-0.073173058477	-0.0554296105062
0.840000105394	0.567421933283	-1.60534785289
0.536641167623	0.428799654525	-0.726737307072
-0.155848723826	0.86490689008	-0.713796927278
0.632517507978	-0.284475788201	-0.720413164808
0.727859669522	1.14746778462	-0.285005630332
0.70122295988	-0.391068369888	0.596113991289
-1.69002169418	-0.122088094381	0.757534787724
0.35670163786	-0.0688558858742	-0.93167741656
-1.36607221275	0.313061827397	-0.453492657123
0.495873297773	-0.354947766183	-0.792541327526
-0.788972942858	-1.64138966693	1.16873589553
-0.474543442358	0.304723898253	-0.825803770365
-0.774106401559	-1.76665666303	-0.231928128477
-0.226430830531	-0.615411786557	-0.754981729548
0.836927283546	0.847729944752	1.84620517603
-0.163745167254	0.0810200784768	-0.983170009248
-0.910730774528	-0.863977356211	0.746626766353
0.21409330926	0.465927374469	-0.858531150658
1.19959736636	0.800619822307	-1.47769603858
-0.239553580163	0.273437941925	-0.931582403305
0.0575756095969	-1.57086781843	1.01312621959
-0.10042913708	-0.285734483124	-0.953031895363
-0.981769734701	-1.00613216856	1.91255986733
0.509480808347	-0.589781753166	0.626567466087
0.60086203418	-1.79622956198	1.97356036491
-0.288265242859	0.907375882064	-0.305895665887
-0.805303010611	0.7277283303	-1.008187788
-0.404826723935	-0.429801691626	-0.807084772167
-0.744937825244	1.42005612914	-0.295677278939
-0.580090880801	0.778408429911	0.239947673994
1.93520101906	-1.08662059514	-0.313983384125
-0.976442298239	-0.191613269967	0.0992209301643
0.667636860534	-1.8189308999	-1.63781203835
0.740182793228	0.625481156061	-0.246784837504
-1.11518238673	0.256899743687	1.94762347943
-0.848905318894	-0.462213215266	0.256356593806
0.569595164687	-1.78999283647	-1.40178465909
0.279406820258	0.817441583163	0.503707342521
-0.765425711783	1.95375491981	-1.46485269388
0.572652845225	0.107626629949	-0.812702422404
1.36956534131	1.71382668669	-1.09849379283
0.45406411693	-0.443467155021	-0.77276300386
-1.59209641435	0.774273915234	1.02999747178
0.114593883827	0.557661508176	-0.822120358639
-1.64145814418	0.413432874597	-1.4638589327
-0.829059457497	-0.361807651064	-0.426328089112
-1.56112677618	0.597566181602	-1.33609969642
-0.680483085484	-0.497950516317	0.537576091052
-0.247461028263	-1.04066206127	-1.03708233053
0.243061713349	0.845057910911	-0.476233273418
0.782482260163	0.437939884625	1.77978252361
-0.148860958474	-0.612308019484	0.776478785491
1.34956575895	-1.9645814508	1.28869496176
0.0190851694719	0.235817362111	0.971609967031
1.27492438198	-0.110905334187	0.768414629868
0.394481893355	0.596031868382	-0.699378329439
1.86277433635	-0.935608581864	0.704256482193
-0.297976447764	-0.0411328195851	0.953686598276
1.67991477467	0.165832818905	-1.63630722213
0.45850041081	0.870721871725	0.17782237032
1.35468423045	-0.963062731921	-1.84484839282
0.542583086991	0.716656434787	-0.438186202647
1.58258317751	0.77348490816	1.49518241034
-0.508076604397	-0.596523398107	0.621303468182
1.39226557647	-1.53897092442	0.860167202986
-0.533089238786	-0.830929384706	0.159286600576
-1.70899436418	-1.16484987512	-1.27725033211
-0.925047112509	0.275682214502	0.261318113124
-1.94500717376	-1.39451388662	1.59220080026
0.685932405164	0.554994096138	0.470614798746
-0.28439728799	-0.217973755973	-1.24598792951
-0.0612216773362	-0.720381558426	0.690870694489
1.47795213807	1.43822258098	0.972306829557
-0.737369858188	-0.0904614431046	0.669404526088
-0.00176233699059	0.971734449024	-1.90123533948
0.629720479437	-0.764634794274	-0.1370611147
-0.588793792592	-0.139186802917	0.536410953991
0.013671512099	0.135255540029	-0.990716421913
-0.241839556328	0.993437363627	-0.0941080240957
-0.0304056041682	0.286759394241	-0.957519999295
-1.76408540113	0.810648563023	1.76174969212
-0.299079623211	0.109806582767	-0.947889177785
-0.100682851621	-1.97844771832	-0.152892769062
0.565945441085	0.118834237505	-0.815833427675
0.973070914899	0.527338628883	-0.995730667116
0.591825573318	-0.788690136994	-0.166464286186
-0.450096242614	1.37963456241	-1.61789025085
0.223414533001	-0.942329396623	-0.249201233353
-1.19752658187	0.868031642577	0.10418956595
-0.428957699638	0.812624021411	-0.394509178281
-1.44013488957	-0.206359404666	-1.67228536839
0.13983622374	0.0436280578967	-0.98921303221
-0.840516144547	0.2107287884	-1.03331661744
0.46953687039	0.495963735154	-0.730448561335
-1.19389359121	-0.998411992949	-1.09709025134
0.629319614775	-0.694292732395	0.349162461045
-1.11209886801	1.10654607375	-0.903480064093
0.380022213242	0.0232433382789	-0.924685278713
-1.0395027358	1.19566894433	1.95777065167
-0.643626976705	0.131477600471	-0.753961507925
-0.119001926214	1.20248410769	1.06854072684
0.504626573433	0.527379175225	0.683537290076
1.54837901162	0.593006694306	-1.87593790221
-0.349488767252	-0.328922667834	-0.87730694751
0.177317069868	0.712314330492	-1.92429905523
-0.00168046471902	0.664240982487	-0.747516617356
0.220415812732	-0.2721470647	-0.0822769226208
-0.394024475062	-0.0110453842118	-0.919033575306
0.64209670767	-1.53419964536	0.336235582193
0.377957358312	-0.207704668651	-0.902223368085
-1.75860630754	-1.1081542372	0.625969737422
0.642387434129	-0.420226349332	0.640896403329
-0.860914189283	-1.63767254154	1.29473344195
0.389098689191	0.354052839459	-0.850440354722
-1.08178145873	-1.16422602545	0.01790099384
0.394773770298	0.241119475803	-0.886574908664
-1.78883262797	-1.07400119516	-0.220191259464
-0.477847312513	0.715431294151	0.509725425374
-0.67943792314	-0.863834553384	-1.3590248819
-0.653057850956	-0.690154977631	0.311771631418
0.890913488434	0.518005259617	-0.361839673072
-0.0449041317156	0.240822771451	-0.969529788973
0.210614155855	-0.0760218767314	-1.92670669426
0.460664680571	-0.481851586473	-0.745390569223
0.103447663634	0.561951881784	1.17199473657
0.133276018392	-0.456057916786	0.879914018219
-0.726274574905	1.32521047161	-1.21214367561
-0.541683403755	0.0430615025148	-0.839478884247
1.17405653746	-0.0857255111298	-0.766920339485
-0.229303528063	-0.630454591723	-0.741584047693
-1.92047219267	1.82711531557	-1.20783486824
-0.243964376243	-0.433413000086	-0.867545131092
0.803669272499	-1.80023582064	1.21938431501
0.0733589619987	-0.0859994739351	0.993590737264
0.524948378097	0.107931205604	0.420314584417
-0.391549012245	-0.0419632822236	-0.919199898801
-1.91394007984	-0.154338359199	-0.641631372591
0.721483072726	0.244063679146	-0.647993129819
0.382660778842	-1.01231253585	1.70189592966
0.187878915894	-0.0022515602221	-0.982189616845
-0.542502732946	-1.28788955838	0.362048604935
-0.490164426102	0.852194771627	0.18303799222
-0.0582580829368	-1.51829394418	-0.414765931752
0.473340310186	-0.396219607102	-0.786739457318
-0.0319727686229	-1.64603673269	-0.277158631484
0.115933119277	-0.647035101934	0.753594777529
1.19605436068	-0.385064358734	-0.324077566856
0.41572948991	-0.742429966844	-0.525325361611
-0.0463489717364	0.638167123885	0.750727967454
0.426557398645	0.0428124906262	-0.903446664894
-1.42551732832	-0.0686242019365	1.24889195234
0.210128894518	-0.337207851909	-0.917680070776
0.0109682859056	0.90346392337	-1.98240632726
-0.339650082338	-0.794936980924	-0.502705697131
0.964475111953	-0.49411918522	0.347707273436
-0.587160615362	-0.0817163593291	-0.805335239752
0.611551422615	-0.520749453902	-1.6487738841
0.110876343164	-0.321247837129	-0.9404819316
0.952832215145	1.58098653978	1.9371311898
-0.565962036189	-0.452796527038	0.688957385253
-0.28820347099	-1.31972422338	-1.75485108199
0.925053764937	0.341446833842	-0.166401897933
-1.66674003519	0.434286963156	0.815509681165
0.344147047308	-0.912177285035	-0.222475640228
-1.67012599139	-0.658782707438	0.214913685324
-0.0960232649064	0.933182532759	0.346337830956
0.720716419026	1.07190245067	1.79646058463
0.694527151928	0.565233862131	0.445132245895
0.713609049917	1.17585962822	1.05950344757
0.589152849322	0.155251772653	-0.79296646034
-0.778979632886	-0.387148916744	-0.252573619657
-0.492240452807	0.850564829861	0.185037311976
1.88987343753	0.542436156177	-1.54967879435
-0.520495909194	-0.737324728246	0.430623099275
-1.00333106772	-1.77547603597	1.14283613069
0.528933836685	0.19477373521	-0.826009799265
0.845728859324	-1.08865238914	1.08583285325
-0.354729215054	-0.363983701851	0.861210223333
-0.0292841302392	-0.702259782827	0.0816280203342
0.0564948059445	-0.524903187082	-0.84928498226
0.486160482805	-1.56090579698	-0.747646063916
0.161028015983	-0.564564440592	0.809528857107
0.353265124005	0.76634854704	1.91779723055
-0.571343907761	0.183855391812	-0.799852070051
0.125659044612	-1.04398968232	-0.516982047823
0.75832264879	-0.0729797313166	-0.647781382218
0.0545849184619	1.23504215044	-1.48867391362
0.785774716528	-0.460954213364	-0.412406726482
1.7710310626	-1.10684859036	1.96812725751
-0.00423291516475	0.899918127097	0.436038354908
-0.639974669563	-1.7894908727	0.527930739222
-0.369113561115	-0.872678954172	0.319666422926
-0.320477171393	0.674691989497	0.996712986196
0.0496601057782	0.0502106618825	-0.99750326482
1.37885366014	1.92909626254	-0.370035506853
0.182292800789	-0.913955366692	0.362567128233
-1.04586119195	0.0792477230367	0.54596574527
0.631776918826	0.774092927304	0.0404730124551
1.01701674208	1.70919652573	-0.542811967894
-0.169130197791	0.0626590599466	-0.98359992802
-1.80225434255	-0.674346715037	1.29721062309
-0.453718597833	0.639805391472	0.620313223318
-0.324811955747	1.89817764403	-0.981780954868
-0.808720228304	-0.464345768619	-0.361046533701
-1.28850339378	-0.213113043447	-1.23403451715
-0.377717231004	0.0843893700715	-0.922067311871
1.74342090061	-1.33662471496	-0.794776417127
-0.124176752239	-0.348315226579	0.92911605149
0.234126671094	-0.416064491286	-1.13762592033
-0.0162157144267	0.480043831694	-0.87709461876
-1.71546527449	1.01664530916	-0.249711018863
0.310730950893	-0.771077086175	-0.55577549724
1.43787559131	0.903206407159	-0.455860060692
0.446887086976	-0.266797437395	-0.853880002631
-1.56558748716	-0.985445866989	-1.27857867425
-0.820636238215	0.0221242550546	0.571022488057
0.960620194246	-0.221356356295	-1.65411565339
-0.594945158575	0.0274047951097	-0.80329897018
1.22201359746	0.158258854438	-1.37264298039
0.724251222175	-0.5480723769	-0.418421840798
1.55741179518	-1.08625650025	0.834339110717
0.537677130857	0.128471679287	-0.833305664552
-1.15743256103	-1.14569864103	1.48382998859
-0.492121707209	-0.846939643226	-0.201269635133
1.46604126794	0.688141084033	1.45936925697
0.06040241137	0.356347546686	-0.932399042616
-0.670400906492	-1.6987805135	0.216020198436
0.360200802293	0.296841715054	-0.884387007046
-0.979500681813	-1.06289087357	1.74629630849
-0.490483393814	0.497449989917	-0.715520473449
-0.137044123679	-0.664921814472	-1.51907420227
0.272034187065	0.64392919908	-0.71508921656
1.69220544171	-1.78161003845	0.734425105277
0.243291809936	-0.939923464232	0.239484814975
-1.55427335934	0.319921205418	-1.87008937577
0.876039895889	0.150039522783	-0.458303657429
1.94368271691	1.26307857221	-0.898900796449
-0.496512405507	0.488943202676	-0.717223797524
1.83094729845	1.265636998	-1.34175405908
-0.245156135166	-0.165260959882	-0.955294344445
-0.181672421011	1.22936344684	-1.05474186556
0.248611025246	-0.146528330435	-0.957456007609
0.634861449092	0.747241502824	-0.50827524299
0.0931578360225	0.716080043407	0.691773799028
-0.585075991803	1.30599425318	1.15641473513
-0.356011254567	-0.395726070991	-0.846555883187
0.1555656736	1.54269932462	-0.771004425464
-0.744437279754	-0.495257860888	0.447808874121
-0.61209825003	-0.763132077983	-0.796602852248
0.43445243966	0.157662278547	-0.886788409711
-1.53224430314	1.70517771816	-1.13518499962
0.361664132919	-0.089312521489	-0.928020650883
1.02002315504	-1.88632682105	1.02768594812
-0.973516453204	0.22250031468	0.052529280488
-0.830073087784	-1.26191419606	-1.62555679251
0.0916580187709	0.311154489161	-0.945929009741
-0.300497886492	0.664685023148	-1.87059782133
-0.240421702814	0.932951508264	0.26795314524
-1.71458834306	1.95755337138	-0.200361181413
-0.627857972769	-0.200607049844	0.75203136742
-0.0326216552869	-0.90485243331	-1.65635364254
-0.774385024462	-0.00495820141778	-0.632695226888
-0.293723199343	-1.75802937484	-0.969890987938
0.246781118092	0.0148662887896	-0.968957209174
1.49699326544	1.14300027679	1.05669167961
-0.350982148986	0.537500107958	-0.766749740814
0.586248795131	1.47803583012	-0.35839233781
-0.222891705162	-0.0595057483559	-0.973025361274
-0.467175040874	1.65861470901	1.71294358071
-0.485791508543	0.0976711135378	-0.868600577831
0.0732869932579	1.69267203877	1.37361246481
-0.901745035656	0.105527100242	0.419189601236
1.20901501333	0.779611550313	0.595558126905
0.316566394704	-0.814548367135	0.48610356442
-1.55109879957	0.185157049247	-1.28814304832
-0.396180892094	0.345372962906	-0.850739805835
0.243817104405	-0.300556903606	1.20347599747
-0.33899414533	-0.0149681866007	-0.940669401449
1.918274482	-0.626959589661	0.534150372326
-0.0781370676897	0.0656497691204	-0.994778722364
-0.629202191882	-1.09355159918	-1.84582036553
0.00885217314959	0.479098843599	-0.877716319259
-0.345151043347	1.34320650569	1.2299185513
0.133995108285	-0.291308565089	0.947198305985
1.71662236285	-1.93286974692	0.833852905757
0.789656295398	-0.193158247622	-0.582351119613
0.480222779959	-0.678321129117	-0.930719471058
0.705392137834	-0.700482303354	-0.108381154123
-0.899630552876	-1.33454582346	0.142071395271
-0.00483257556688	0.50108454939	-0.865384839581
-0.0259910761949	0.892023003303	-0.719877974826
0.721627486008	0.25452846261	-0.643792694242
-0.216101026247	1.79322636234	1.22101685351
-0.34466881584	0.330239601274	-0.878717937189
0.647418198092	-1.07011154121	-1.91591045812
0.310659756435	0.305743910533	-0.90000620937
0.040928926891	-0.683121567519	1.07079152638
-0.31837820016	-0.26339460779	-0.910636372132
-0.0443559308679	-0.439353884208	-1.96014005142
0.168354111442	-0.479139883576	-0.861441736351
-0.707106118625	-1.57490650301	-1.79291095472
-0.641803931738	-0.453515627046	-0.618394121278
-1.81068829654	-1.03502151031	0.956573434448
0.528265681337	0.621448629836	-0.578564577551
0.830506574785	-1.92975541189	-1.40751369916
-0.510167856296	0.371739864771	-0.775588957723
0.532361707403	-1.65564700174	0.0172243691614
-0.71701413653	-0.0936200988731	0.690743081836
-1.12606378321	1.51949444417	1.27522751286
-0.124504861734	-0.00146050857619	-0.992217922797
-1.05538615952	-0.417781287651	0.0512485303047
0.338247839023	-0.466003936305	-0.817574908338
1.02225933002	-1.96970119628	1.47599705045
0.316971514171	-0.285184800155	-0.904543359361
1.02109608283	0.445292308389	-1.58592978273
-0.127377706811	0.130628963102	-0.983214622453
0.744375954027	1.29512186888	-1.92315502717
0.211210059491	-0.605314033795	0.767453732325
0.459338565297	1.34347410614	-0.607767255592
-0.509206914789	0.0414374885631	0.859646004162
-1.81350546029	-1.42247586434	1.01134514441
0.842311123142	-0.118750621262	0.525747336448
1.76033133119	1.23672414177	0.933527216866
-0.386387913725	0.922333956336	0.00211024080519
1.23623914638	-1.99564302048	1.95403463601
0.144185974766	0.466663414669	-0.872602808894
-0.37428943484	1.98021928394	0.664916689906
0.315634617337	0.336829307418	-0.887085568592
0.618907663943	1.33185758957	0.593124857012
-0.481137280365	0.427639447755	0.765265587994
0.651332534559	1.08174963671	0.80690862197
0.616084925557	0.738601073443	0.273692927949
0.00274346032772	-0.105284737386	1.25593630929
0.497478871255	-0.105306875988	-0.861060528955
-0.505850586152	1.80025610796	-0.130589079512
-0.883357980404	-0.013153827001	-0.46851430639
-0.220187190461	0.583899388032	1.25263883
-0.608097704437	0.671589294319	0.423302494222
1.68016141092	0.646535465527	-1.45741487192
0.191648319266	0.443407243114	-0.875591764738
-0.234942598088	1.50816586624	-1.30940027641
-0.551411973792	-0.461819179245	0.694743032236
-1.9273362479	-0.82093154339	1.8319848959
0.61443958388	0.705728332102	-0.352720171001
1.63082694772	-0.0836137113955	1.36823536707
0.809967751161	-0.232751072527	0.53831141574
0.804074503986	-1.96703395718	-0.644682563354
-0.517586112468	0.510198904012	-0.686878223942
0.0153133088085	1.84689020577	-0.153743842696
-0.140816961429	0.473467639119	-0.869482017112
-1.78385084631	0.344720780141	0.724950309081
-0.0148739630391	-0.482482249253	0.875779449621
-0.060537574501	1.6115008703	-1.31507359535
-0.532391252842	-0.137050390969	0.835330320432
-1.30681528816	1.11702574451	-0.181002698063
0.667357030931	-0.719692413487	-0.191513506665
1.30881440349	-0.418355963705	1.95931876034
-0.462886776006	0.321499196455	-0.826059379995
-1.81708938265	0.976216594474	-0.704838275169
-0.220078675628	-0.618065359197	0.75469237991
-0.246605751676	0.977433358294	-0.731782084651
-0.819774754599	-0.0829854284713	0.566641659591
0.539963373621	1.08472154382	0.960558325941
-0.334962183419	0.437510067618	-0.834497020014
-0.776198140112	1.26977104232	0.900019828473
0.430729765273	0.407922224765	-0.805028774548
1.0772588798	-0.461855576156	0.116074250291
-0.548670144096	0.387256312904	-0.740941037528
-0.512958566613	-0.108613284547	0.616887588162
0.559291778117	-0.533599596996	-0.634400643927
1.24040147139	1.38178140333	0.075999373884
-0.595811345538	-0.265779326134	0.757872146426
1.27425878806	-1.91927230966	0.518629691542
-0.16463567745	0.368231387255	-0.915041386578
-0.623201028381	1.73139321068	0.399494702989
-0.909621654757	-0.323661068556	-0.26044569088
1.42908319365	1.9735670105	1.5644680813
-0.390323240261	-0.512963487647	-0.764536610277
1.80333898915	-1.07756726037	-0.474312135069
0.040664657797	-0.512393270647	-0.857787573821
-1.79541295467	0.140343922456	-1.01882077672
0.210141954971	-0.839805180944	0.500567294997
-1.2197561786	-0.300668186645	-1.76314796318
0.0332188181768	-0.422678853443	0.905670523408
1.16389546869	-1.8235949346	1.40565149317
-0.0564219855009	0.189822160991	-0.98019595324
-0.220107895235	-0.543603182656	-0.136307992545
0.0284392677471	0.595581291186	-0.802791463357
-0.562440288228	0.824955695019	0.232273315489
0.653263975296	-0.0221476121957	-0.756806224773
0.703725946207	-1.70472878351	1.28045507369
0.0497426468621	0.411607327531	-0.91000278956
0.666718951268	0.0352212065952	0.390942518131
0.36769698299	-0.24566754853	-0.896909351216
1.31558233692	-1.1105809088	-0.218230603756
-0.572377136833	0.268827330751	0.774671723682
0.0607641916498	-1.41736496997	0.00900613554731
-0.330517336897	-0.450588395773	0.829293909061
-0.195469377871	-0.0051144800684	-0.319476468219
0.487415371387	0.497954890971	-0.717263676965
1.86073447367	-1.39407088598	1.90504458971
0.14914779642	0.753797870164	-0.639956018613
-1.03657014386	-0.638209857096	0.587530684523
0.197106412329	0.756191044206	0.62395846567
-1.69584536274	-0.423085610187	0.357200084684
0.837690355025	-0.231149790705	-0.494817788034
1.98158207366	-1.26764312359	1.73392755497
-0.60171101712	0.797673799299	-0.0407475372036
0.50504240591	0.34020112272	0.626472367226
0.340919134473	-0.149329269157	-0.92815672875
-1.19694983139	0.869810509491	0.984361554688
0.850861559461	-0.0267371842162	0.524709185752
1.68122866135	1.78291485155	0.806179266068
-0.537473700367	-0.475235966834	-0.696615243331
-0.712033271859	-0.522711770963	-0.822301174788
-0.650058309368	0.351400175091	-0.673752262606
1.2846868055	-0.824044640279	-1.62924459899
0.660899359944	0.251443349424	-0.707098492472
1.96063568078	-1.40025542972	-1.58525139547
0.275077325953	0.24032038301	-0.930902023984
0.6885769591	-1.46201612501	-1.32428363048
-0.0101948045098	0.104813365319	0.994439653479
0.742200152983	0.840291664666	-1.90586979794
0.0762018874125	-0.177124362891	-0.981234035501
0.266030514372	-1.90746268984	1.53022623423
0.348133818499	0.26085462365	-0.900420851456
-0.332855660619	1.66164694036	-0.617858583566
-0.160416624004	-0.301736969509	-0.939798546485
-1.96926605925	0.864460200023	-1.01441076185
-0.520340717001	0.519617703769	-0.677674686086
-0.720060540342	0.978354986954	-0.182084928718
-0.962184478262	-0.0325077317404	-0.270451986809
0.880046376154	1.13918429586	-1.97318556977
-0.315894706643	0.914270917571	-0.253612349067
0.578601416599	0.997256329041	-0.688400934314
-0.809743586218	-0.18989240812	0.555208247343
0.920973021323	-1.30254106647	0.338051143213
-0.0812471081633	0.794516804399	0.601782315246
0.547681778721	1.28555625489	-0.398500209092
-0.398422579343	0.375817729897	-0.836672266879
-0.507881499237	-1.07797768865	0.828258146107
-0.36843699956	-0.613610494642	-0.698381226996
-1.99051766064	-1.38058707028	-0.678314177655
0.427734189392	-0.766276555706	0.479441032244
-1.21959101474	-0.282691666936	1.06058231215
-0.320269730686	-0.0751027966355	-0.9443446773
0.78476430936	-1.76215291199	-1.94793101214
0.49851499435	-0.823379877099	0.271161166828
-0.680982248197	-1.6542587447	-0.263798261789
-0.292046015966	0.745207169831	0.599479272862
-0.783546088117	1.20245378555	-0.548241788633
-0.222880357813	-0.045838149295	-0.973767533948
-0.949883711486	-0.0963005259941	1.94920919921
0.739984649719	-0.516169283957	0.431267884823
0.730162387155	-1.9114143125	-1.28785692758
0.19854644214	-0.218263546822	-0.95547911251
1.8443628141	-1.13283049704	1.11477986699
-0.569997320972	-0.749424448025	0.336847221729
-0.745499320441	-0.562544630319	-1.13900170902
-0.0820980606144	-0.85260441201	-0.516067461738
-1.45393721409	0.77392610999	-1.98003904976
0.939854387347	0.284445209205	-0.189115450306
-0.959291331598	0.695216575904	-0.697844367961
-0.836053726227	-0.0128694996588	0.548496620628
0.874515189218	0.986252644379	1.75887451802
-0.364547958699	-0.904785126586	-0.220155991328
0.548367853348	-0.49601682891	-1.50739015686
-0.321917591355	0.713750496753	0.622036407906
0.922940832293	1.93769574686	1.11533006171
-0.609910889848	0.603465098343	0.51365219899
0.795917151965	-1.91564767437	0.459132261319
0.323583032392	0.705593424962	0.630422033084
0.329065805407	1.39488084331	-1.35145327311
0.205466907968	0.51634585202	0.831366532182
-0.416373798033	0.75027709254	0.164296737037
0.250306011874	-0.891369188856	-0.377899284967
-0.987063535086	-1.21782985877	0.534833929503
0.47793824832	0.666199372655	0.572497534202
1.36850225981	0.658344651347	1.2652605464
0.367920792897	0.603621603766	0.707301385282
-0.36705503062	1.70832611131	-1.85770730973
0.627331649956	0.576567187551	-0.523474239292
1.38775066864	-1.91422663709	0.27108523092
-0.167148823825	-0.163029822243	0.972359268868
0.49496257562	1.02244295317	-0.51691003653
-0.251975987547	0.362707445521	-0.897190844059
-0.537339129172	1.58309688405	-0.268310095472
0.748888069698	-0.408984052987	0.521439069755
0.268008843964	1.74825342458	-1.65150676792
-0.173277100409	0.90676002727	0.384397319734
-1.50697579691	0.400237075482	0.859526245329
0.270346028295	0.322792738674	-0.907037966595
-1.82596424968	1.59595502477	1.76427233691
-0.667809737725	0.0810059608921	0.739910932816
0.944766583621	-0.280564311456	-1.56986911142
0.172987229769	0.233246542918	-0.956907241353
-0.282613846657	-1.65409105155	-0.891100868742
-0.629706521796	0.655096360678	-0.417514616073
1.22887713627	-1.13056750684	0.109599431897
0.393454850696	-0.580696206506	0.712730802066
-1.49258756397	0.63448932562	0.0329597145637
0.839850001622	-0.40614723441	-0.360133862273
-0.227309830319	1.91963592893	-0.860062190637
-0.389812741516	0.179431946624	-0.903244265458
-1.34291890827	1.18457817646	-1.52975029445
0.400093046082	0.13655169097	-0.906244553181
1.40108667811	-1.01556539557	0.801427289018
0.238695759378	0.626230192098	-0.742199488655
0.57960968439	0.230670076075	0.356808013456
0.435914755889	-0.333580194904	-0.835884309678
-0.806518722945	0.87179850521	0.199628022316
0.566639507062	-0.818843791582	0.0917306602243
-0.86095494809	1.85294454241	1.88378621692
-0.456180917488	0.393676133826	-0.798071470594
-0.313302329668	-0.487234943813	-1.18638784826
0.820934756012	0.41754127655	-0.389519458754
1.0410800645	-0.822551261547	-1.18821068011
-0.489037757477	0.841864590741	-0.228267568037
-1.54047083658	0.963028264133	0.611477411352
-0.310456389218	-0.428555152922	-0.848502982492
1.29982299457	0.688642944773	-0.161687964097
-0.914495573767	0.153030423723	-0.374539096725
-0.704632218753	-1.61887612136	-0.711217261232
0.137304600431	0.978974415799	0.150852709328
-0.489377323049	1.15372149728	-0.0223947231106
0.383136908448	-0.283951403044	-0.878963998179
-0.56881936649	1.39928635196	1.01622331765
-0.448233147039	-0.364317888563	-0.816308472312
0.546145227222	0.966795969307	0.424448551874
0.661092105634	0.519467361527	0.541397163067
-1.49795966463	1.43211979111	1.66358164361
0.231321788147	-0.348853888797	-0.908180155366
-1.01364328293	0.688530295963	1.90965354516
-0.180635683599	-0.841528927382	-0.509116699971
-0.0500058864338	-1.54328924314	-0.166045654149
0.634413254226	-0.481449933988	0.604752663429
1.68744313092	1.73111216336	-1.22238317348
0.709538354229	-0.702686448101	0.0527927981307
-0.384350846285	-0.611764012165	0.574884351843
0.517305196309	-0.308453398615	0.798280548901
-1.83780504368	1.57749910607	-0.000261159177315
0.538580740146	-0.707327331553	-0.457841492638
0.624999749484	-0.132173621764	1.08954340087
-0.147198606301	-0.163643549988	-0.975475965286
1.95434897062	1.31126751137	-0.8166935947
0.274306277972	0.685412705737	-0.674511296184
0.798663147111	-0.700519207781	1.02758434285
-0.460785963427	-0.729574132886	-0.505369053793
0.506394222396	-1.33464475692	0.803627833788
-0.674916431711	-0.410639999798	0.613076341717
1.79917293609	-0.596634993702	0.965644849518
-0.586241014957	0.0845065460697	-0.805717143949
-0.38512903781	-1.19373552211	-0.270770994843
0.591630734097	0.0906832392844	-0.801092769026
0.114458769946	0.839748204649	1.02023969457
-0.563628754653	-0.130275469339	0.815690461521
-1.60917312256	1.66442183751	-0.433483697229
0.442076913018	0.277055048868	0.85311693388
-1.25509783488	1.04376778122	-0.288716846298
-0.0343528089922	0.962622460036	0.268659419989
1.37982385768	0.659340162496	0.669171986212
-0.18399118519	-0.189032467488	-0.96457968567
0.968895334858	0.213344381418	-1.79523823393
-0.290141783975	0.545655414507	-0.786179314031
-0.635897504739	-0.120956798389	0.0289113700089
0.196352172893	-0.450763922235	-0.87077994385
-0.813774243777	-0.468493794586	-0.042999832534
0.620415259776	0.68668802843	-0.378872613221
-1.69405875513	-0.667043895817	-0.832477980182
0.489301359455	-0.74532286089	0.452855399295
-0.074068523011	-0.95257784467	0.409511851347
-0.259228762645	-0.293632160971	-0.920098148385
1.53323842304	0.941402312248	-0.400708430656
0.475907714444	0.353795565264	0.805195967037
-1.69998364187	-1.27788371978	0.884193473505
-0.54979482959	-0.437027255564	-0.711851686273
0.0150698608299	0.598423602755	-1.26918215232
-0.721524621446	-0.651620970941	-0.234077617209
0.747411952831	-0.405687741713	0.0930654940371
0.304112866762	0.016632738371	-0.952490795905
1.67916929981	-0.396864890338	1.69373096687
0.0500162774569	0.957819907737	-0.28298303188
-1.17964254288	-0.446753164042	1.11364019733
0.359914494181	-0.195473713219	-0.912278238433
-1.82839613425	0.651957303221	1.25628132396
0.812422242149	-0.283394704606	0.509566032878
-0.591036683434	-0.942680215704	-1.0008536983
-0.58781499179	-0.427695371691	-0.686695132108
-1.43227829677	0.92749404395	0.212418562212
-0.166357666356	-0.140833299832	-0.975956509535
-0.905347917544	0.767298020629	1.66206732286
-0.60622798663	-0.689609254835	0.396139752956
1.80947232863	-1.90465986879	1.3837322893
-0.210828983619	-0.240276917112	-0.947532660529
1.40646154429	1.63706121215	-1.41345402508
0.0729687189585	-0.288924024062	-0.954567165983
-1.00726134813	0.138074210661	-1.83195915118
0.48514990302	-0.497938522331	-0.718809292914
1.86522452882	1.27140111797	1.45803265122
0.262783585896	-0.0304957754936	-0.964372746743
0.801043926721	-1.58420616413	-1.79434906792
0.417525000977	-0.595251308475	0.686548434794
0.7778749179	0.806542118899	1.14517487762
0.284425673017	0.374952857404	-0.882333492084
-1.94393950758	0.610703326019	1.87832001381
0.554585273374	0.122998972071	-0.822986286293
1.68890550272	-0.273019373851	-0.110554723789
0.609054313805	-0.169331077321	-0.774841809074
-1.04463839694	1.04614989113	-1.63434817688
-0.513517055347	0.257388474038	-0.818566678591
-1.45427783579	0.977828295009	0.448688762771
-0.217917288919	0.360089770047	-0.90710937196
-0.00430396511455	-0.759879315508	-0.372720048333
0.039740690706	0.89701077203	-0.440218527966
0.720918920395	-0.940218263455	1.49112819606
-0.811300686159	-0.0340714355327	-0.583635446078
0.241018168505	-1.24074164998	-0.182200749314
0.673332867885	-0.583543945648	-0.453981621349
1.91055108195	-0.519722523163	0.685903661582
0.259987864016	-0.619181792772	0.740958985413
1.79596495291	-0.759471584422	0.691277266282
0.177634512004	0.892979874459	-0.413561269894
-1.57107325383	-1.03222248967	-0.497042151136
0.0328344324564	0.549644600856	-0.834753084927
-1.80903331779	-1.68278165218	1.53854426522
0.235428272254	-0.421920649123	-0.875532120751
1.26086771173	0.501718046461	1.43408582649
-0.429008562585	0.197135188553	-0.88152672714
-1.05740046691	0.900019628672	1.69260303117
0.403870594476	0.180559320601	-0.89682042498
1.94126778841	1.7492238089	-0.888219537877
0.39199586625	-0.913857973623	-0.105843492424
0.433879520134	-0.507487163193	0.263610000757
-0.882625569866	0.463481488429	0.0784666381477
0.524798716847	1.40669787882	-0.967308097932
-0.275535832713	0.262633365752	-0.924718184143
0.402460906328	0.891486380271	-0.950999877623
-0.707730075657	0.664295911868	-0.240476779516
-0.695078925769	1.47546688347	0.304728489096
0.537615133136	-0.321330846605	-0.779561707399
-1.39903882934	1.17586939723	1.13914427346
0.665887972168	-0.634400337805	-0.392593199018
0.179983562375	1.72369772167	1.56714146752
-0.431048382078	0.200340074096	-0.879807448832
0.715126031915	-1.1613394927	0.828205845579
-0.616111334711	0.583166279191	-0.529456243759
0.921776974946	-1.86866972372	-0.695478380919
0.642514965598	0.754177285404	-0.135613941628
1.10543485182	-0.0746582496057	1.79502923646
-0.179507683405	0.376916402878	-0.908686423823
0.242296571847	-1.57840200849	-1.47460912256
-0.62024433167	0.228861439376	0.750279554964
-1.98132949966	-0.19756371899	-0.650244271002
0.33099957472	0.744514476576	0.579773641781
-0.0457600764505	0.652818950357	1.49551492681
-0.535179898143	0.840290160779	-0.0865732194263
0.703507423453	0.427376645956	0.0922885338586
0.572519505427	0.287823804699	0.767710149311
-0.144138813027	0.900352047173	0.756174627444
0.80965595329	-0.237916633857	-0.536519256538
1.7172646131	-0.434433728214	-0.0141202538981
0.537144895641	-0.372303132251	-0.756878945937
-0.87401045325	-1.17799968456	-0.772520972089
0.564647478205	0.771991049916	0.291895604978
0.0581436388398	1.89180764839	1.48868601677
-0.458568409952	-0.137681398977	-0.877928724766
-1.12427595685	0.99024459122	-0.0150948718253
-0.00966739122569	0.255877858067	-0.966660779849
1.75463481963	1.22145164018	1.55653031878
-0.651559882156	-0.721308611564	-0.234911912956
0.982196334672	1.1675560718	-0.222624007365
-0.927042925283	0.146949188905	0.344959926024
0.534838471444	0.576555864603	1.16499870472
0.251699958522	-0.0271298075015	-0.967424986459
-1.78207340013	1.63977293199	0.705211513731
0.0727069359836	0.477212856899	-0.875774851586
1.43261599829	1.20002621551	-1.46238306232
-0.342516098885	0.0534524518596	0.937990169136
-1.0894622508	0.201941837859	0.20893078407
0.577303370214	0.478160590388	0.661878590483
-0.151055409766	-1.36661206527	-1.99743779094
0.786794526981	0.230104602284	0.572718294034
1.64751418835	0.286557578677	-0.212399199207
0.362153371542	-0.429887546698	-0.82706809434
-0.15011871252	1.91304753871	-1.28976754817
-0.356010166992	0.654448836084	-0.66704833554
-1.4169237747	-0.0977966963975	-1.72967918859
-0.438221458661	-0.898468543505	0.0267624644159
0.498632218836	1.03065452839	0.148982513184
0.504577121705	-0.370175585865	-0.779982027922
0.0713532588318	1.62774641695	-0.150208962977
-0.554463777077	0.814283942822	-0.17178934883
-0.224969161734	-1.20368154598	-0.871542565881
-0.96068886268	0.260352831591	0.0964018267771
0.434290810844	-1.26406912913	-0.426857313853
-0.310395234909	0.931125056279	0.191470435615
-1.23420059332	-1.57031455083	1.09899458383
0.440285336415	0.44280260102	-0.781072774502
-0.262215070698	-1.73776293992	-1.65048100119
-0.459225731281	0.0222380047849	-0.888041214625
0.557949535506	1.57879412769	-1.39194469952
-0.0287673270072	0.0648531842059	-0.997480077693
-0.000436318527106	0.967576536902	0.613517667525
-0.739050987479	-0.490475402361	0.461776480113
1.23992525026	-0.0201917403986	0.032801307188
0.284433059553	-0.409914240505	-0.866641881093
-1.50578161999	-1.08599529119	1.8722379611
-0.31180321366	0.42713359309	-0.848725897805
1.79356021958	-0.256953782886	-0.178137195312
-0.481385640903	0.681170097105	0.551611424413
0.0222981723587	0.393512087831	0.521140033243
0.173635752923	-0.900182499062	-0.399402170361
0.273274245035	-1.17486630328	-1.15744040384
0.164457632311	0.641177762981	0.749563048337
0.473827279556	0.213186128289	-1.47733214488
-0.705662437491	0.112884779939	0.699498070599
-1.804412278	1.25310331446	-1.04899390938
0.33997856579	0.906946514074	0.248721923866
-0.780986174721	-0.363753345774	-1.63860444435
0.702019672726	0.40938850442	0.582725863124
1.06616670766	-1.32781833493	-1.80281595882
0.134946281109	0.380952703684	-0.914693685761
1.6194460161	0.924892646235	-0.91182588406
-0.141452655097	-0.202212522139	-0.969072361723
-1.78135168398	0.0989244263328	-1.83974611519
0.221471638845	-0.0145930822627	0.975057616317
-1.58319805603	1.17219425375	-1.23695477639
0.251561317086	0.349433832163	-0.902559084318
-0.39013715771	1.6052965001	-1.23137294669
0.0235988571849	0.588923493694	0.807844175887
1.78624389672	0.56917537305	-1.13414335484
-0.884297275098	0.096395171023	-0.456865735482
0.820483868133	0.294343429657	-1.48244723281
-0.685388098156	-0.501890012955	0.527588447373
1.26255167016	-1.6455283581	-0.589813957526
0.0563608484926	0.996832877004	-0.0561041004002
0.840484008205	-0.838241944758	-1.35368585951
0.0995626257723	0.204951737145	-0.973695059549
0.702037697552	-0.451109853851	-1.32998547013
-0.130444050631	0.532179017743	-0.836522469948
-0.0115878357009	-0.466603453497	-0.688773560872
0.541323137991	0.377831888785	0.751140681958
-0.608523631899	-1.20089226017	-1.77330999419
0.809626493828	-0.520339871437	-0.27157201381
1.8661625104	0.376351731656	1.57865599129
0.181977902952	-0.0980665389855	-0.978400223206
-0.169557822982	-0.551788354026	1.04440286313
-0.604448154309	-0.185610780821	0.774719992511
-0.219004714733	-0.66985775058	-0.0916018189444
0.453638045719	-0.268108533896	-0.849900192687
0.022557058636	0.91089724	-1.19763385425
-0.535459874086	0.721107165383	-0.439644378194
0.231033695425	-1.05761385143	1.19801067673
0.0894403697531	-0.499213926264	-0.861850263145
-0.253304556579	0.0886336486842	1.70067947036
0.216226477431	0.949151665529	-0.228817014843
1.54740909252	-1.63525105206	1.12652778848
-0.442899341478	-0.0981672278519	-0.891180884386
-0.522770661769	1.27843644226	-1.56930345554
-0.150813601067	-0.160532150185	-0.975440765239
0.599817769259	-0.833276735024	0.686521850739
0.808783533829	0.584340810625	-0.0664455600167
-1.87950749084	-0.871839286564	-1.68433645615
-0.614224634307	-0.506148669767	-0.605426810361
1.89639721665	-1.00783487208	-1.65691109732
0.718459651694	-0.3157762243	-0.619758908814
1.9046271088	-0.48293841935	-0.0239882605164
0.87469450702	0.182717278775	-0.448914151511
0.21282859736	1.35923420577	1.66447694312
-0.234834083242	0.403582798551	-0.884292868942
0.386282868766	0.169852789632	0.913319433836
-0.572982715176	-0.619707165365	0.536333699579
0.80219097222	-0.0969554066287	-0.207893216122
0.630355728457	0.0997025009692	-0.769877306395
0.626983818016	-0.623824979079	0.864116678883
0.177651566576	-0.345104892925	-0.921597815629
-1.88264177164	-1.92760946354	1.12885588917
-0.540975058051	0.0191402508677	-0.840820811686
-1.3910183369	0.429419896735	-1.58333926998
0.224133521303	-0.236144767672	-0.945515633572
-0.0342995607782	0.783499854604	-0.955033916291
0.564944398171	0.690561764697	0.451621828651
-0.492882081712	1.97052100887	-0.167292842971
0.612753051765	0.768184341876	0.185543834307
1.24911985216	-1.77239636893	0.367194077801
-0.427370700241	0.665407312475	0.612035450836
0.0435823806478	-0.351347799601	-1.31040517292
0.509040661508	0.740881147819	0.438146927112
1.19730464377	-1.98639360526	-1.50970766306
0.705220576027	-0.0924253866449	-0.702937754749
-1.01186155987	1.35489836505	-0.935410050548
-0.510623353768	0.569473460984	0.644176814098
-1.85001823875	1.14163788505	0.16094859267
-0.453111451994	-0.435375777091	0.777906128523
0.206341881647	-1.31371756055	-0.65383307745
-0.630448398815	-0.766821485389	0.120497410668
1.41741567441	1.35608311004	0.588779757914
-0.478811367683	-0.279827964931	-0.832127384611
-1.50130513334	-1.5635541307	0.928156029643
0.8322678385	0.442328579621	-0.33417910265
-0.14465533252	-1.74274662332	0.152315680502
0.337108625117	0.317987408142	-0.886138692945
-1.88388533926	1.71809021071	-0.397467811734
0.345976161244	0.681717945938	0.644640316794
0.259565472294	1.89110422741	1.14682889279
-0.552703720029	-0.258652793217	-0.792223030735
-0.462125139603	0.907914504879	0.0662380562978
-0.686134741404	-0.0299347564771	0.726858326631
0.358614675649	-0.935806048371	0.75265289528
-0.368841643366	0.00200177409396	0.929490094094
-1.80453540127	-1.35843902908	-1.51363482689
0.331034507548	0.264923787552	-0.905666352252
-0.904935527239	-1.99055773744	-0.234920807993
-0.096492355749	-0.990257516252	0.100395601438
1.59906022407	1.5105198349	0.239888506728
0.520976999557	0.576871031415	-0.629128587052
1.8095290477	0.997188247868	1.11474778071
-0.578083916202	-0.525429131599	0.624294172243
1.80844777288	-0.502952793975	0.393361750548
-0.109597814586	0.534677271924	-0.837919169088
-1.36526308105	0.650521595935	1.49949320283
-0.991635057008	-0.0548096805602	-0.116858087567
0.8007735508	1.06245779913	1.23176882233
0.0770152838904	0.487905336061	-0.869492397374
1.48638948466	1.56293590381	0.139083512226
-0.529062632515	0.204741609349	-0.823512965458
0.722720770347	1.61413084798	0.52331286391
-0.725190815428	0.186235659486	0.662883519447
0.504657043855	0.318712757627	0.591247878787
0.208392026246	0.119266204943	0.970746277745
1.83582617076	-1.80802334898	-1.41559683498
-0.456559909872	0.267935943393	-0.848388695667
-1.17040825333	-0.461025952464	0.358345801199
0.481818526287	-0.347451312373	-0.804442970792
-1.09057509127	-1.51418611773	0.0567882884407
0.806977358342	-0.589566914958	0.0346178553738
-0.0907903500249	0.0393741603763	-1.34513461243
-0.602360794967	0.371912552119	0.706287849438
-1.17608239213	-1.30240654517	1.30472026156
0.36075403067	-0.15463474533	-0.919752480232
-1.21829867527	-1.51313606247	-0.57812910246
0.315407336834	0.415912789422	-0.852956483923
0.19568767913	1.37171935182	1.46031895728
0.329115982316	-0.33876549909	-0.881430999461
-0.764460295798	0.7173759001	-0.112249493968
-0.321601511879	-0.22569128454	-0.919584640824
1.01019321728	0.185312059025	0.176766339095
0.0236497747614	0.552308872905	0.833304024389
-1.86131436103	-0.898513135111	-1.99149436484
-0.626146541918	-0.769040088662	-0.128521788327
-1.31794074386	-0.259730954227	1.30259400685
0.273826139824	0.114587827754	-0.954928727644
-0.700044974359	1.07915881809	-1.98815333299
-0.164837776562	0.35459994723	-0.920373502901
-0.161786478831	-1.30660565226	-1.01181004854
0.666741523451	0.433739860497	-0.606073819202
0.983195104971	-0.031185127171	-1.70480305916
0.77827549318	-0.500873377698	0.378699242446
-1.8243103985	-0.454018619802	0.499818489021
0.885989219676	-0.45663625817	-0.0806624469135
1.30616347065	-1.1616283163	-0.14509956533
0.394109209448	0.653062473486	0.646674057584
0.511856470813	-0.589298841403	-1.29350392606
-0.0963290403413	0.207524095619	-0.973475457176
1.03505152706	-1.30605307894	-0.071043865363
-0.705346751297	0.657499116216	0.26491672769
0.269662103699	-1.91086030747	-1.77917808816
-0.392961856165	0.824144269143	-0.407881359267
-0.272483787063	-0.237915620084	1.20825591825
-0.719543082233	-0.0787676715454	0.689966235934
-1.48759541834	1.28539534856	1.00284221517
-0.572085840186	0.275097049052	-0.772683250149
0.684189773305	0.23542155887	1.35005252345
0.327082862005	-0.37372842798	-0.867953837195
-0.141972515418	-0.663534902065	1.46768409997
0.981454410874	0.185548079622	0.0481575489827
-1.09900927996	-1.51541415448	-0.234020592094
0.835190999421	-0.116997165806	0.537371061445
1.17568766884	1.06046646284	0.3625561633
-0.131546153538	-0.472988495474	-0.871193143131
-1.16513580731	0.780545827796	-0.352240378886
-0.0811183843686	-0.0413249192491	-0.99584740737
1.98247371422	-1.76830865808	1.01854824434
0.138201949074	0.312792012836	0.93971345525
-1.79092296359	-1.24687192456	-1.11606853181
-0.994734312595	-0.0525895800562	-0.0879658082166
1.62234956085	0.645412381246	1.75376193178
0.688080589386	0.105288234386	-0.717955075343
0.553055167252	0.652710978644	-1.69405638011
0.882786892918	0.391550100296	-0.25956852785
1.75643317917	0.097629642036	-0.797638859236
0.0586064311528	-0.827596647306	0.558255385639
-0.368972429399	0.436877605367	1.01842544007
0.144795233554	-0.474216885431	-0.868419648507
0.316944507239	-1.90278523788	1.90777005259
-0.391536337188	0.437799666214	-0.809339699338
-0.614847877233	-1.0160561247	1.44710871657
0.216711364631	-0.190063558124	-0.957555235124
-0.617980109188	0.81391840378	-1.26433203965
-0.976086016241	-0.107212920809	-0.189107055686
0.284552163469	-1.16638202851	1.53395945903
0.07050871636	0.442149415108	-0.89416576519
-1.73684536093	0.171706040761	0.670137575892
0.83942649398	0.444939063354	0.312077540214
-0.680967507766	-0.551979719775	1.89608806245
0.564287863687	-0.472432622554	-0.677042557039
-0.695503616896	0.328523555575	-0.939633809639
0.463819791711	0.548631305978	0.695611163594
1.80521287015	0.869135354085	-1.36317277982
-0.23718001032	0.930296785909	-0.279809815467
1.36044622792	1.80458476805	1.09210218509
0.505474043314	0.461445832421	-0.729084175715
0.246571999925	0.323800080686	1.38962682924
-0.738852834349	-0.0843031809497	0.668572705737
