400
0.684732857135	0.672295827092	0.485637304575
0.618519363502	0.675460786244	0.40148041449
1.75311159087	-0.328714640773	0.242929821692
0.779742573958	-0.0657160610444	-0.62264188558
1.2271095899	0.812795486537	0.825724359134
-0.0247687453126	-0.67255775963	0.739630021847
0.322454275428	1.89870234633	-0.211066337398
-0.162758624932	0.65598034571	-0.737020634753
0.221785715016	1.62444551658	0.757934110926
0.499247333247	0.815069113942	0.293963330611
-0.769728515404	0.805739556483	-0.99466887503
-0.469391611005	0.881925749289	0.0433415304167
-1.39262225649	1.81499465805	0.560877024531
-0.249784035139	-0.50182194932	-0.828119959287
0.644826381389	-0.26313495372	0.968996798176
-0.329961578464	0.419923143204	-0.845452488635
0.743731458137	-0.350534993512	-1.36894325187
-0.774532664935	-0.0412703212954	0.63118611481
-0.626039756304	1.73780621489	-1.33524597963
0.990716032811	-0.084868999453	-0.106202614198
0.663051305632	-1.50876885896	-1.21053515932
-0.672974470957	-0.723055032152	0.155874250341
-1.13191901997	0.584851175605	-0.664298006888
-0.365093201639	0.72878728475	0.579289260822
-1.57813957028	-1.40391134492	-0.833193562364
0.628309490172	-0.777909128151	-0.0091963525013
0.0323617442995	-1.69905541975	-0.586963803628
0.329299731898	-0.0796161287876	-0.940862879812
0.782112794325	-1.7859040097	-1.17601473857
0.399414649112	-0.487410108682	-0.776465919425
1.58219342362	-1.18731920298	-1.95628835935
0.347000906153	0.0263979094727	-0.937493211445
1.13392446117	-1.00724941246	1.91827382207
-0.761501124835	0.588721050052	-0.271152285812
1.61813321138	1.96079867971	0.177027961894
-0.794017027939	0.586406567087	-0.160200803433
0.241932363532	0.616804726823	0.293221082499
0.0627954439516	0.604729233226	0.793951690407
-0.522765943554	-1.93818389256	-1.5411401375
0.491335136703	-0.55722148495	-0.669398237339
-1.61200786964	-0.109427460584	-0.183142106937
0.340055586345	-0.594484185707	-0.728663674915
1.54070596536	-0.37262646675	-0.799410658425
-0.832413346049	-0.513867889189	-0.207431467671
1.44329927255	-0.47602716264	-0.993981605704
-0.459322475057	0.762384078165	-0.455843592987
-1.32867558859	-1.11074009321	1.3737910698
0.329364862081	-0.90030899615	-0.284539099383
-0.261510521092	0.648905956034	1.43681935097
-0.286759909378	-0.134480104677	-0.948516660802
-1.93637410204	1.6812214985	-1.6578636904
0.944264197071	0.284048257087	-0.166378225063
-0.79884463024	0.787161582239	0.249768322431
0.583626643716	0.811412796306	0.0314517842951
1.72280043304	-1.33908620073	-0.27583379017
0.884379579779	-0.424546176131	0.193993049365
0.612427932952	1.20933489151	-0.678999210402
-0.41372348803	-0.3456453278	-0.842236417416
0.712129848678	-1.96071569413	0.301687192209
-0.336874595802	0.0269556011358	0.941163589537
-0.664074388028	-1.68145912249	-0.626363933899
0.23811073484	-0.448558350159	-0.86145149861
1.84219573185	1.30297311475	1.54000984113
0.513096434154	-0.147011954322	-0.845647405569
0.112556186736	-1.1050617558	-0.88202903216
0.711018583026	-0.401851026788	0.57703407773
1.91658431195	-0.63990247631	1.45460710985
-0.183641933682	-0.815045827375	0.549523374819
-0.734069194494	0.857398639502	-1.5150509932
-0.80940351582	-0.574325513149	-0.122540415877
-1.09863930263	-0.0431935901928	1.64735669324
-0.58309094374	0.0907082263026	0.807327052074
1.68463755256	-1.62737475888	-0.982865554951
0.121117417927	0.388439164219	-0.913479932333
-0.879128973644	0.457052741271	-0.994260870764
0.24324046997	0.911354551154	-0.332064686259
1.89993984981	-1.09924851455	0.359174146412
-0.274336242182	-0.726051958892	0.630545937435
-0.0291730551434	0.241840202395	0.494802142426
-0.11412106731	-0.472109970455	0.87412159211
0.782182105136	-1.42605117431	-1.94570129182
0.433801574816	-0.48050526529	-0.762188220662
1.37422317217	1.97837366372	-0.612829869354
-0.0542993095318	0.536493241206	-0.842155916161
0.140357485782	-1.23425694678	-1.86599391736
-0.102086460381	-0.239219450762	-0.965583973036
-1.36317652718	0.699466135787	1.71424111666
0.874364612278	-0.234381976656	-0.424913654541
-1.47574330516	-0.651963844702	-0.733149679101
-0.227673471024	-0.307896904452	-0.923777184618
0.83459548587	1.74079188592	-1.21054168326
0.548990062889	-0.139557079865	-0.824095705794
-1.38604553174	-1.75095841905	1.91734717671
0.74079835574	0.641475554702	0.199316102841
0.657457926668	-0.987587021594	1.00452748272
0.73135675381	0.406466605206	0.547633269177
1.7360832824	-0.0767793134206	0.188020235058
0.090677431058	0.821322843107	-0.563210787261
0.550720982383	0.259091122534	1.37181019999
-0.0210343904647	0.243288652753	-0.969725830253
-1.09547057562	1.47755295709	1.28025752524
0.109209394936	-0.500078540083	-0.85906621503
-1.69137424552	0.181967329065	0.833627681203
-0.933701091277	-0.351502489692	0.068178236183
-0.206501362055	-0.23293330238	-1.10273198399
0.430317271774	-0.288031920161	-0.855490887492
-1.20505023891	1.80303863984	0.561248525619
-0.316716249762	0.191736849987	-0.928939070926
1.64173832351	0.207800533433	1.05728293006
-0.215776043928	-0.100720790803	-0.971234277179
-0.522199903534	0.851523900563	-0.613072604563
0.496131778299	0.371787067167	-0.784619420643
0.365517553256	0.0582871074038	1.98707453977
-0.412326281506	0.0525992203789	-0.909516552678
-0.0133874097507	-0.903673537541	0.609290470741
0.635141037515	-0.463406052324	-0.617940687392
0.109725642319	0.645773292096	0.438267666132
-0.0453855512717	-0.940870777136	-0.335711680564
0.0655103914008	-0.95273296534	-0.117814068911
-0.0909082694057	-0.449963939318	-0.888407642846
-0.193441402303	1.75365212813	-0.16759214973
-0.64046115189	0.396523457782	-0.657707123535
-0.0812580008005	0.0282684247626	-1.8271488386
-0.105049547252	-0.439882852562	-0.891889942002
1.66794943658	-0.846815941736	-0.562856660183
0.10776833794	-0.679632506185	-0.725593303355
-0.0832713829212	1.77687169716	-0.0232830047499
0.0168314824188	0.306188186955	-0.95182219735
0.38281375232	0.423900969985	-0.00513605875798
0.116122399671	-0.64443467995	-0.755790666503
1.8268795421	-1.01086364801	-0.924397773889
0.438577225471	-0.217711883738	-0.871924052299
-0.936841557377	-0.973914968875	-1.59809528354
0.347461541417	-0.292799559795	-0.89080800121
0.81098802655	1.55977506893	-1.26537982871
0.548611254597	-0.77045344962	-0.324695508589
0.994151301723	0.407682025753	-1.21090262344
0.0912427443737	-0.161311456711	-0.982676638337
-1.88782273737	-1.15473422129	1.64403395197
0.539062364072	0.0171927417582	0.842090361702
-1.449427027	1.40167677502	1.23625173157
-0.370702275426	0.832485710277	-0.411761296358
1.92660942265	1.68350327237	-1.67356728214
0.90071216024	-0.000621549663426	0.434415950527
-0.226904446845	-0.435235746511	1.75746527107
0.0623005574376	0.114131974393	-0.991510228371
0.841745382231	0.25689567173	-1.56125430113
-0.825601513963	-0.534053990708	-0.182122143497
0.160283857034	-1.86942365123	0.138195300974
-0.298669916374	0.423266907071	-0.855360395641
-0.181654079478	0.425563322716	-0.645043301636
0.447020831721	-0.0957832309463	-0.889380654544
0.884930290767	-1.84988191789	1.95226084674
0.608739802983	0.681802986194	0.405685272448
0.520072123984	-1.39124660537	1.82285237459
-0.757892398154	0.160844356606	-0.632240623313
-1.17284717704	-0.945706669853	-0.645508459838
-0.026490787956	0.362864065659	-0.931465462595
1.38566520265	-0.730540678956	-1.80787769896
-0.962108504562	0.272661364042	0.00173378450331
0.955350178886	-1.48166047963	1.96656949357
-0.473503306771	0.370382831554	-0.799131513937
1.02845198344	1.51664645309	1.98614219096
0.0729625256484	-0.983822046416	0.16361739161
0.204682760405	-0.487922923799	-1.63348264016
-0.27367799276	0.881988696273	-0.383661694629
-1.85135053829	-0.702199361523	-0.721683564401
-0.765545567079	-0.641064805311	0.0545518113093
-1.96330661105	-0.32112352672	0.837512278164
-0.621817078828	-0.664892157833	-0.413838058823
-1.80818145894	-1.59496255799	-1.11936985399
-0.124713065882	-0.738476390198	-0.662645661209
-0.0375631829056	1.39894238718	1.93787691461
0.515290787585	0.397319821493	-0.759349961269
-1.58197435033	-1.49805131157	-0.275088855981
-0.657226161952	0.428619185381	0.61995109966
-0.288681243176	1.22415821453	-1.30082877843
-0.103011785986	-0.173121053635	-0.979498684397
-0.460121518639	0.619185460765	0.637747507297
0.0730808689452	-0.447612341082	-0.89123643255
1.09228582493	-1.07198387508	1.16842628296
-0.221368057299	-0.0856162287699	-0.971424749828
0.263384402139	0.741788296361	-0.174756891702
-0.70594980738	-0.363731132095	-0.60772899635
-0.959892552818	-1.85263432728	-0.985677029079
0.185903568677	0.687699282167	0.701790253894
-1.51581122538	-0.349320144982	1.05424228507
0.705975386217	0.350388426653	-0.615488996265
-1.75722370122	1.04550459434	-0.205857744931
-0.997743099409	0.0617679911614	-0.0263329232881
0.727018276404	0.791353819274	0.699306622905
0.781787369155	-0.606643041044	-0.144196845257
-0.982174753069	-1.75406576659	1.61389820786
0.28866855	0.744118171522	-0.602460467625
1.00930291175	-1.16739542758	-0.582037122696
0.631329314059	-0.769539555423	-0.0960841810572
0.95534545704	-0.958640981936	-0.922088381612
0.993157947578	-0.0742783499058	0.0901111419165
-1.80816790444	0.032502338182	-0.0614166713268
-0.803103425762	0.578203976838	-0.14389249007
-1.81944774051	-1.86873895943	0.756261645853
0.22905605416	0.702175265093	-0.674153707357
1.5362376538	-1.72141786082	-0.889085131412
-0.122108446432	0.0560476101087	-0.99093299103
0.908874646584	-0.562094459183	0.427014058366
0.756617315586	0.63887791942	0.139159052286
0.465452183796	-0.593459615762	-1.25740771506
0.696842352786	0.717147013893	0.0105307088021
0.4598335637	-0.736105324269	0.831027345359
0.765373354654	0.148737730393	-0.626163489469
1.88021866957	-1.6006582925	0.371764727121
0.602763588437	-0.26917304185	-0.751147076141
-1.04277289677	-0.642639893928	-0.126509915134
0.337796041324	0.407424005083	-0.848468923737
0.165873569967	-1.96961699941	-0.734136887032
0.347302182	0.029223113291	-0.937297820347
-1.36673959102	-1.09755612144	0.144440857196
-0.417228225256	-0.489278335161	-0.765850715735
1.66464573379	-0.730128716108	-0.758859475392
-0.471099742274	0.606927454705	0.640081321048
-0.796191244185	-0.566413162004	0.404688447962
0.514871471309	0.714567280834	0.473604232661
-1.39438605742	-1.08907049463	-1.78299778787
-0.458656895209	-0.114853338414	-0.881159782975
1.2959797916	0.709944381425	-1.08126402766
0.939689767286	0.0995376393527	-0.327223776045
-0.124261250623	-0.979960016404	0.27312938371
-0.696058992709	-0.178175905709	-0.695525143538
0.750697040117	-1.02520240176	-1.88542809908
0.10366963781	-0.989704012072	0.0986842170035
-1.76203221494	-1.00669008752	0.501747868621
0.481436184748	-0.82933491217	0.283589145547
0.121930705686	1.00791175083	0.987416206621
-0.520998089565	-0.352214135576	-0.777499963582
1.23686673126	-0.338947871049	0.636185009223
0.355940156436	0.0996115307453	-0.929184668394
-0.698988522462	-0.569723702585	1.98556143093
-0.315488410835	-0.314064438267	-0.895449937878
-0.642289615032	-1.15615470206	1.7670443802
0.605673807223	-0.783971382014	0.136191451375
-0.416883881098	0.222107955169	-0.307702764436
-0.691205036198	-0.625621976795	0.36170808684
-0.0272003834394	1.56671401841	-1.0696085275
-0.760687102067	-0.325160114791	-0.561806045267
0.713173169086	-1.5185602005	1.21505623393
0.641230742721	0.518622418763	0.565556293702
0.385477047972	1.86784298311	0.0508736423214
-0.0552482757926	-0.950322366909	-0.306325034847
0.0808937001852	-0.0611381032957	-0.799087714994
-0.226392354106	-0.586912647507	-0.777354517706
1.09038662738	-1.91460255175	-0.151443040363
0.379864063574	-0.416364431249	-0.826041133113
1.88946103586	1.13623886224	1.02149902401
0.0782351955292	-0.405620991445	-0.910687029379
0.913011371813	-0.200608867659	-1.69127193148
0.298180560274	0.156865032379	-0.941531579445
-0.446411491306	-0.248901793105	-1.37577217205
-0.0986367301147	0.182003293233	0.978338181165
-1.83175635044	1.33504350234	0.215618694232
-0.622644493997	0.781926494497	-0.0300797489861
1.45870209565	1.06903365699	-1.23821530683
0.595292979249	0.406152012277	-0.693301385965
-1.1286498435	0.661231895217	-1.92647603319
0.471309905855	-0.19942764885	-0.85912489518
0.0535226780198	1.74652488539	-1.81242102921
0.683626004801	-0.0770729175256	-0.725751507711
0.935087790748	1.07554975415	-1.94555022426
0.647383996574	0.315214623229	-0.693926294561
0.645720186637	-0.188931968139	0.806974976043
-0.461498220588	-0.815513405139	0.34922382283
-0.0724284064522	0.924174215384	-0.351881553139
-0.259077945163	-0.622998307675	-0.73807298214
-1.93201600545	-1.37477488527	-1.65766905809
0.550908224242	0.247085854184	0.797150367951
1.56626210433	0.604477355349	1.47826155945
-0.203639767646	-0.606341002817	-0.768688124883
-0.575167589011	0.716238996915	-0.14184408189
-0.312863679992	0.783450143077	0.536956414482
1.75033411867	0.960693796342	1.5551501741
0.76034303706	-0.548788759731	0.347432530411
-0.0948398971216	-0.873460958596	-0.712405521893
0.936115765952	0.176988393169	0.303911798749
-0.412580118824	-0.693895639714	0.957927435838
-0.714481295177	-0.222012560495	0.663495969713
-1.3797088321	1.56464808962	1.88338488222
-0.52547569424	-0.209341594928	-0.824652285146
0.466976237447	0.0223456361929	0.554940184115
0.650586032642	0.42809493327	-0.627273897304
-1.73757701262	-0.765856849467	-1.97396984649
-0.421483478406	0.108264817031	-0.900350157896
0.626588140007	0.336122498516	-0.783724534426
-0.748333303452	-0.20842971417	-0.629725591981
0.167677034606	1.69053572083	1.20892327251
-0.47024859074	0.158530703959	-0.868178713635
1.2529868031	-1.71613858606	-1.92724536921
0.244423602114	-0.258416933626	-0.934600337655
0.73776798174	0.00722582151609	-0.838140948143
-0.124065514213	-0.846732005455	-0.517351581732
0.167560267083	1.54333059566	0.87339357389
0.134343696996	0.297511634493	-0.94521880981
-1.31043813817	0.398196490276	1.68852980234
0.235764473836	-0.152618442086	-0.959751386564
-1.23355012705	0.778853837257	-0.324163426351
0.278712302576	0.4253414143	0.861048276041
-1.66558541329	0.992335457144	1.14581198885
-0.486483736899	-0.0679424748048	-0.871043853001
0.675469943771	1.31410957017	1.06792945948
-0.26050553423	-0.111444194423	-0.959018799693
0.613811138919	1.30740023501	0.0688054397809
-0.851279876152	-0.434425761559	-0.294273393553
-0.280447020229	-1.5479296281	0.561592475181
0.226897768315	0.0970349264058	-0.969072559611
-0.533531818087	0.509556456403	-1.257628921
0.744904431226	-0.158273077503	0.648125775817
-0.92428791715	-0.529409294969	-1.53529501759
-0.530699529691	0.490011264169	-0.691554025491
-0.348233425068	-1.78081499	0.291749336824
-0.169691095025	0.221585298464	-0.960262926377
-1.97877642347	-1.01862497634	-1.0866247576
0.269950682606	-0.0877289058024	-0.958869265357
-1.80458950584	-1.53712442193	-1.63194853855
0.323647302556	0.136845145596	0.936229581713
1.91552329319	-1.80800874365	-1.12839065446
-0.53085355172	0.519991988092	0.669180722186
-1.59112524373	-1.63024205171	-0.17229263274
0.349162771356	0.552845286749	0.756602569397
1.8948283582	0.744263677393	1.79663450489
0.693358322868	0.552508959501	-0.462588462655
1.62277609644	0.620299866262	1.28500959115
-0.410704068617	-0.0879797534114	-0.907514039016
0.319127887337	0.688505261369	1.23038061694
0.796727119461	0.554801495652	0.239627205335
-1.96740172859	-1.55262217077	1.69112439426
0.351745497799	0.60305453468	0.715961125328
-0.478018528294	-1.24594576568	-1.69657630675
0.40346829095	-0.30718474562	0.861887968506
0.632692271018	0.721624709125	0.312214166847
-0.317421117794	-0.00967830888509	0.948235289533
-0.390870658112	0.122683049822	0.688451438919
0.54630504466	0.256836613334	-0.797236321444
-0.550218879484	-1.51488059644	1.48703024795
0.68153691887	-0.535381323227	0.498872996821
0.61967945549	-1.83283450634	1.62627085357
-0.476061395173	0.558254131882	-0.679498250375
-0.0905141113464	-1.28833407603	0.481634495551
-0.833737976885	-0.424169257158	0.353498836182
1.91725767462	1.47729669736	1.5798962833
0.0115824809578	0.23947630678	-0.970833118834
0.0309776355858	-0.239762431733	-0.468426692646
0.53019686118	-0.532431536125	-0.659854489819
-1.06599182463	1.86384910698	0.0853790935748
-0.298104738244	0.136469135814	-0.944727336329
-1.29822401201	1.94368751001	0.391327648878
-0.647659248118	-0.519277616897	-0.557573542161
-0.167615462965	0.588319931931	-1.51422960621
0.450331158915	0.600771197811	0.66051178278
-0.692889920776	1.97249539418	0.680487034046
-0.457813671535	-0.181673551466	-0.870288091872
0.0521873575553	-0.800400390043	1.20832825117
-0.0316544059065	0.805898985186	0.591206245115
1.78125645465	0.645862547981	0.256799568502
-0.197644741497	0.0827592205553	-0.976774010491
1.29241349004	0.972751080745	0.444097860929
0.132657370424	-0.399713906771	-0.906989975031
1.52038502048	-1.55477734394	-1.46243708805
0.301166001174	0.660142051873	-0.688121726939
0.212777176748	-1.70083243575	-0.977252042636
0.629853461322	-0.0771077266557	-0.772877102618
1.56159532942	-0.40489974269	0.998642402189
-0.274225006128	0.355211254606	-0.893658553708
-0.385102540708	1.66438987852	-0.329885151286
0.527330354183	0.628269751868	0.572013825397
-1.40420934523	-1.21867591247	-1.48323748686
0.552555765726	-0.499465329576	-0.667245464814
-0.973976720723	1.2840927445	-0.748493594223
0.502279064171	0.520558956645	0.690459350254
0.838954220576	-0.556151202431	1.48348337768
0.363814423825	0.381411993468	-0.849802304219
0.233244229135	1.94052468435	1.00231374973
-0.580926092844	0.37588471176	0.721966452211
-1.01087827259	0.257033599008	-0.0750130068715
0.546488114881	0.146008760086	-0.824640638262
-1.01432070904	-1.03196771953	1.99851623456
-0.152580635012	-0.46916894699	-0.869827367355
0.917008249003	-0.472678289048	-0.992947889515
-0.21049151975	-0.650204723622	-0.730018587088
-1.63029233065	-1.6731109657	1.65551297056
0.717652009803	0.00378254629894	0.696391617675
1.61951554315	0.118817374297	-1.56777529437
0.0863339830304	-0.525054270522	-0.846678484657
1.0933717159	1.50518785192	0.729614944337
0.599987412974	-0.116181498206	0.791528245704
-1.57391757172	-1.04342304185	-0.432898018609
-0.955304373801	-0.239875964022	-0.172780425052
-1.24011739825	0.657666405941	-0.171438430189
-0.0824655212143	0.944159328986	-0.319002506729
-0.860160736384	1.59864908298	-0.3873917854
0.316207927556	0.838255164792	-0.444230599182
1.30861605722	-1.94943279284	-1.68183347268
0.724703661521	0.0721185300354	0.685276236713
1.64411672437	1.92331278776	-0.757242998511
0.313091722342	0.339106930159	-0.887118967963
0.693165348549	1.50767378038	1.08394897385
-0.0562561895996	-0.499783691918	-0.864321411527
-0.571324097625	1.79267746618	1.53876855558
-0.537752940502	0.350809484694	-0.766651472593
-1.02571371557	1.23728917123	0.765189892736
-0.484266464779	-0.0637832472835	0.872592509971
-0.759085467218	0.858891770023	-1.29701354797
0.298353528872	-0.495033345657	-0.816043600855
1.31715672406	0.245281376404	-1.95856621637
-0.436988919219	0.0913423832982	-0.89481688266
0.257118696261	1.40662328536	-1.83712071817
-0.49062801281	-0.750171976491	-0.443312709871
-1.68617224745	0.553512318065	1.35439080995
0.627517053527	-0.567998827481	0.532540777324
-0.614760981621	1.04157813167	0.598919297781
-0.651625237191	0.0900484228064	0.753177158314
-0.0217337246283	1.12165717548	0.964046083631
-0.272407230027	-0.076544423967	-0.959132551939
1.89144661822	-1.32731769268	0.868773059186
0.599299160189	-0.800262466109	0.0205061437971
1.84940793914	-0.282449022625	0.819349826976
-0.457628561834	-0.487736620692	0.743430620993
0.656686686008	0.0145153375274	1.5327610661
0.470312918651	0.298199420203	-0.830591875918
1.90969399356	0.420071881132	1.62064042383
-0.775089674245	0.543567675216	0.322133791055
-1.75932708543	0.558235098448	-1.18182385126
-0.263079524148	-0.48017308865	-0.836793265335
1.26896319086	1.51372815689	0.322605827033
0.81140319622	0.528586219257	-0.249442301897
0.221463056293	0.543726835504	1.05683802844
0.299514176234	-0.669969796867	0.679287663307
-0.711715960084	1.32680626796	-1.97622384108
0.85635550729	-0.0110808162077	-0.516267818721
0.391222898992	-0.297828922405	1.05778563182
0.496603098094	0.806105643982	-0.321836998656
1.37824065932	-1.84771335166	-1.45176150644
-0.606808209515	0.498938819666	0.61874376853
-1.78925193517	0.480773045828	0.847148794414
-0.316949496903	-0.378594677662	0.869602832596
-1.47891621522	1.13385206643	-0.505700358059
0.0035186993427	-0.286006369331	-0.958221256003
0.0291942440991	0.415879183918	1.33336526481
0.871131436156	0.47326995145	-0.130941108885
-1.34859654079	-0.476108768215	-1.38625531618
-0.455513448843	-0.192889480682	-0.869080632718
0.177097356093	-1.59814380998	0.0684116501876
-0.498289771389	-0.34695274821	-0.794563461429
1.51516826799	1.48211202144	-1.816336654
-0.0282011627911	0.162281311189	-0.986341457334
-1.06204596979	1.33041136305	-0.366452402497
0.459893409581	-0.766322000249	0.448607449512
1.20386581292	1.13629206337	-1.11906204166
-0.698623275029	-0.691365245971	-0.184227077951
1.06095659988	-1.88457997614	-0.589315604807
0.195451629721	0.445140472536	-0.873869910313
-1.26819387728	-1.06737000513	-0.24820647487
-0.401544906313	-0.0527252907819	-0.914320366133
-0.741092612061	-0.848643932105	0.342711864729
0.596917536553	0.796919043084	-0.0927873554206
-1.67055201382	-1.84629785619	0.0441705325019
0.0422146656668	0.432240271433	-0.900769820628
0.130315197869	-1.06272251132	-0.998063714919
0.983044214673	0.116463055352	0.141634842946
0.242248135987	1.32816329874	-0.0220996059251
0.288862980618	-0.0629788673757	-0.955296729133
0.340587899191	0.542319570783	1.3163169843
0.0600514265563	-0.660930021306	-0.748040996941
1.33375959839	0.982340359248	1.40956266501
-0.544641289336	-0.298560029336	-0.783726849631
-1.55319700349	-0.478917921572	-0.824864874316
-0.637403537579	-0.307355556549	-0.706575751169
1.90899328047	1.51899014969	1.53883335384
-0.22016789257	-0.406986850567	0.886503131718
-1.08784450143	-1.06727481431	0.445823584253
0.444787661391	-0.116715185707	-0.887998593298
-0.328355350082	-0.956835951219	1.06963640308
-0.205590464094	0.473726763781	-0.856338434471
0.716583543556	-0.418339730911	1.74151007994
0.544287161312	0.368528813057	-0.753616613391
-1.40558473077	-0.60887974663	-1.22090951662
-0.458707376003	0.346539094446	-0.818228696161
1.61921609597	0.381214877897	0.950914069781
-0.700786353832	0.669009250067	0.247639071248
0.617184184342	0.00901001731901	1.29090608585
-0.82568478166	-0.558459763862	-0.0797955730716
0.975026163374	-0.45755590292	-1.38167874732
0.925092588913	0.172461298771	0.338320561546
-1.56719684143	-1.46764448291	-0.104694739975
0.94537017432	-0.112886231342	-0.305829907432
-1.19607119166	-0.582102407717	0.653492370455
0.437755737348	0.434293932931	-0.787247543177
0.169289927133	1.75773569456	0.500472754088
0.404368288159	-0.834026422173	0.375348124609
-0.375800352727	0.903223725316	-0.2829515002
0.451597030514	0.289446919544	-0.843967181114
0.246117939322	-1.3854344734	1.3537495995
-0.0435928780698	0.571978259534	-0.819109596819
-1.18383066289	1.45377572054	1.42521662084
0.805174330444	-0.244388903701	-0.540340967669
-1.13505954973	-1.1914832949	1.17896636495
-0.111182078568	-0.37711389281	-0.919469225834
0.548636001698	-1.75507475849	-1.55379118385
-0.569881699571	0.805328415273	-0.163343172639
-1.97556251306	-0.366497507214	0.860629292915
-0.468337866753	0.470944982592	0.747576394716
0.909249868439	1.7568424477	-1.68347808958
-0.755786412538	0.383692489849	-0.53062884567
-0.269227984425	-0.221665956151	0.624174781692
-0.346758323415	0.725368226713	0.594642414244
-0.606653427864	-0.690012725581	1.46911069359
-0.449205358753	0.665476656343	0.596116905926
-1.92491052818	-1.76171040075	-1.26222602681
0.10402771999	-0.819635300703	0.563361524526
1.19593568895	1.90472100253	-0.962081844866
0.486587658303	0.354850272808	-0.798319318741
1.40796666286	-1.44054724454	-0.221601222782
-0.454324024193	-0.184187801928	-0.871587364905
0.554486326145	-0.238119894194	-1.43934500637
0.200790018376	-0.333923813817	-0.920965935899
0.801581339724	-1.32315220405	-0.565283258912
0.184748855651	0.54233938265	-0.819594933099
0.320488959285	1.85189870492	-0.284123607545
0.399370737801	0.118528727408	-0.909095129547
-0.7550714427	0.0961109397977	0.0446927414317
-0.508356676754	0.830581096336	0.227395100229
0.35751916185	1.43981469515	-1.56044578852
0.44198866582	0.572730055789	-0.69038127327
-1.01255730937	0.0474672547694	-0.146553085947
0.448693842195	-0.25898404183	-0.855336835436
0.481608137653	1.36949836385	-0.768852705307
-0.540364192985	0.169807794105	-0.824118833665
-0.118702249443	-1.25412696097	0.256414444977
0.303574261721	0.152342515006	-0.940550065516
0.932745714898	-1.14209639544	1.26894304124
0.196946350904	-0.108931322787	-0.97434393403
-0.835065840092	0.664190013346	0.883562375032
-0.0104262373629	0.100189475263	-0.994913746322
-1.52539376197	1.22576002699	-1.27555352721
0.441454424647	-0.0843831570977	-0.893307043383
0.60717466601	1.2436120779	1.41257114265
0.605288987743	-0.792187773583	-0.0778702298855
-1.57077353073	-1.65506613468	-1.77272009505
0.918095761664	-0.110414865606	-0.380668792873
-0.888117978824	0.534584398898	-1.60648523567
-0.807919856229	0.0364513992516	-0.588163923922
1.48875824294	0.0981893456344	1.78254534189
0.00761015228554	0.750166903774	0.661204735361
-1.58000800281	-0.233860115806	0.324928166909
0.655003098916	0.10334524652	-0.748525684551
1.27103364998	0.205768006615	0.543484668571
-0.0250045175372	0.24422473048	0.969396232262
1.86751531616	1.06865992381	-1.37422531274
0.920297741506	0.335748562419	-0.200810781115
0.848182834095	1.49828489565	-0.138911306937
0.487904159235	-0.872395815887	0.0295816129421
0.150325534788	-0.60696676211	-1.38323711856
-0.368900118602	0.481981935717	-0.794736507364
-1.52380960648	1.00086344411	0.355297985251
-0.783703749188	-0.555119527637	-0.278658830013
-0.512591326516	0.187887739415	-0.35141685388
0.495582695733	0.292925846173	-0.817674898926
0.785799471377	-1.02204337967	0.497383901002
-0.42378893647	0.887541046462	-0.180759033442
-1.65438323079	-0.31551326707	0.761571912978
-0.161657981114	0.697251809217	0.698359944216
-1.21174816261	1.17726437872	0.0133674008182
0.249189955638	-0.573139771587	-0.780650477637
0.557134710122	-0.336221685461	0.936336457485
-0.24148026117	-0.704815681722	0.667024840815
0.592854988803	-1.97407412079	-1.20742877195
0.0815421558673	-0.953961480093	-0.288631895873
0.600865079512	-0.565046154099	-1.62186510504
-0.676706447467	-0.672320672318	-0.30008881607
1.83008870337	0.0993727552206	0.778886794104
0.603261201081	0.797514788066	-0.0067886734235
0.469930685876	0.720898717667	-0.473003688605
0.377604453659	0.180519710433	-0.908200149043
-1.40359355472	1.2995885422	-0.57476695695
0.793406954222	0.11776376238	0.597191009027
-1.17003360032	1.24094816399	-0.987095285417
-0.105466079257	0.358539306229	-0.927537854761
1.69931407662	-0.433428011905	-0.953393062477
-0.495585026092	-0.537108861365	-0.682575675626
0.717909098003	-0.323898599044	-1.60046012055
-0.643377936626	0.620504349088	0.448373932589
1.37423660805	-0.281771844284	-0.272693723408
0.237862436894	0.351643398824	-0.905410614682
-1.69110432591	0.845268381847	-0.912139616761
-0.398681505226	0.0604300891809	-0.915096312807
-1.91749800249	-0.419024261283	-1.14865400118
0.102846177498	0.588567563384	-0.80187959639
-0.621571034667	-1.63789903637	-0.305364388971
0.0720561314173	0.148863480291	-0.986228968425
-0.73930190538	-0.818592094641	-0.377102754282
0.384534614708	0.251164675857	0.88828454658
-1.3874435851	-0.125214192671	-0.550403295414
0.550699401077	0.0605306560642	-0.832505981558
-1.69956349497	0.634833441598	0.320693924039
-0.0679589868118	0.758306170145	-0.648346611337
-1.82157507796	0.0690552354872	0.0651084730255
0.13842645645	0.274030841463	-0.95170647475
0.130733847934	-0.991895854202	0.0356418851472
-0.254243439755	0.954267176204	-0.157271833972
-1.20089453797	-0.635088362439	1.7245906379
-0.0977002547014	0.313193966477	-0.944650305454
1.9729595373	-0.0618074698042	1.00197432268
-0.341702980004	-0.461201553709	-0.818860305738
-1.63679498123	1.38190154683	1.86753015853
0.790109307716	-0.568204891101	-0.229935824937
-1.32378055394	-1.98038441394	-1.15408798091
-0.661314830657	-0.618487464362	-0.424424258472
-1.03882945619	-0.815381288219	-1.99709549203
-0.0272331614902	0.428635924997	-0.903066774229
-0.223426312949	1.85738092493	-1.93025909605
0.971489083902	0.088006061376	0.220145163516
-0.517801622249	-0.743037840499	-1.60923407011
-0.282070547476	0.493830153216	-0.82253752864
0.315448302899	1.19946635515	-0.469978493806
-0.383862021048	0.159147664944	-0.909572410278
1.30756251158	-0.145473485682	1.75765159653
0.831920728444	-0.224538850756	0.507434927933
-1.99976559936	-1.08012498246	1.96607922968
0.7776717701	0.626513740383	-0.0520302902219
-0.75395651901	-1.30798270037	1.56461352123
0.52904914742	0.620903414886	0.578434048961
-0.81673193152	-1.71925831003	-1.69196913809
-0.327519900046	0.232940585824	-0.915679746718
0.591104518001	-0.0762496767145	0.810998297936
0.235080049336	-0.57447294224	-0.784039673128
-1.6567294192	-1.20694276529	1.67285870472
0.799303693249	-0.593492093143	0.0942376853247
-1.07811729833	-1.79126317771	-1.65523623353
-0.527730862175	0.82047292244	0.219827934191
1.73084351544	1.42538674566	1.5217932116
-0.278302746773	0.490517339177	-0.825796779544
1.03203999523	1.34130761685	-1.37780538002
0.235111787709	-0.0850047993697	-0.968244096994
1.41680299646	-0.741585505009	0.760964908361
0.414755795838	0.430861795754	-0.801458509705
0.564198428779	0.81350012532	-1.76583446902
-0.56511622914	-0.154731847274	0.810371336488
0.699436516584	-0.691892232173	-1.10181014745
0.177800934325	0.221474552893	-0.958820030128
0.972544092274	-0.838833831404	-0.939499235695
-0.491761788267	-0.446510015875	-0.74752869465
-0.636093678268	-1.35370759071	0.262777575555
0.730793726299	-0.675476242095	-0.0983482382514
-1.48609368267	-1.99736440058	1.41976427416
-0.105985741699	0.814217124841	-0.570804253814
-0.870553532953	0.980584716837	-0.672797855312
-0.163876625933	-0.209698901818	-0.96393507149
1.21826167657	-0.719757109431	-0.248401791047
0.173563230758	-0.430300822776	-0.885842540662
-0.864180183036	1.90387630919	-1.44468939852
0.638013465621	0.358959997708	-0.681238972558
-0.771093499652	1.72888487322	1.13953690599
0.292929707637	-0.636241834118	-0.713714589245
-1.03780136504	-1.62138169339	1.28119396583
-0.75865630503	-0.118129732307	0.640691795783
-1.16087868388	1.94184505603	-0.414774540665
-0.246683387981	0.194526820572	-0.949371698637
1.27780251256	-0.613062251947	-0.327903936234
0.00609597003078	-0.971255637624	0.237960764693
0.976010475681	-1.29194445694	1.56734490792
0.734551386597	0.678357144223	0.0163047640105
1.94503351561	0.792205355391	-1.90711065362
0.941799051912	-0.179537154337	-0.284219907872
0.136629538776	-0.884413473525	-0.0664234251269
0.630744906121	-0.733009270583	0.254672873784
-1.58114902874	0.253662382603	1.06780324087
0.404758818371	0.391994628995	-0.826141942883
-0.664238222565	0.936826954444	1.57849203474
-0.332664406589	-0.434674016617	0.836894791396
1.15930182224	1.93080404807	-0.586039232101
-0.458999973202	-0.125131692361	-0.879580061261
1.4492364508	-1.55952269528	-1.19506410585
0.0586172985977	-0.381969502069	-0.922314106904
-0.916071745307	0.112102893197	-0.508278319638
-0.329820906682	-0.241013182375	-0.912759998815
1.14832102427	-1.5968744165	-1.65473390676
-0.18427357372	0.0178159377142	0.982713509825
-1.7417790514	1.98233280002	1.31679713318
0.470945172622	0.55006517493	-0.689665823217
-0.373247418248	0.136090690232	-1.03735278933
0.255913508236	-0.810432808837	0.526979068524
-1.38885130248	1.3972730944	1.84431695892
-0.620538314518	-0.454907226221	0.638742213844
1.14797407601	1.9612948637	-1.90048476081
0.0408556366382	0.284786318478	-0.957719985049
-0.0425394209401	-0.462826064315	1.15393768504
-0.307817202873	0.280121221544	0.909274804916
-0.498947295072	-1.53122995172	0.191487959434
0.26959632998	0.0977482875382	-0.95799952565
-0.988159443522	-0.958988142252	-1.56201238667
0.639327979116	-0.379360441883	-0.66883883728
1.45439049361	0.344127985476	1.93847385105
-0.357478329032	0.0923285607499	-0.929346373072
0.501976156039	-1.41043543914	1.78498083077
-0.183961314132	0.873656928586	0.45042402915
-1.19681373573	-1.7511784481	-0.275303720091
0.537836590789	0.0756587267947	-0.839647282297
0.829042113854	-0.159798226297	-0.811151841999
0.851310357685	0.418442549187	0.316506726512
0.71703129249	0.179401724041	0.779871771614
-0.674031151293	0.676931692501	0.295711837394
0.762616646076	1.56652516255	-0.403654067208
0.312493352087	-0.168657396615	-0.934827570982
0.879027935012	-1.6426537782	1.2214337174
0.581372322415	-0.517687531843	0.627698846664
0.716551151831	0.900292404167	0.325355785916
-0.1180006517	0.350451495324	-0.929117643587
1.51774198329	0.630713252664	-1.06719930092
-0.859683494311	0.149501484478	-0.488460434169
0.286391603584	0.692144914724	1.20148762527
0.847115835711	0.250671238341	0.468570903019
-1.82440956346	1.14310943141	1.59185302674
0.233184980454	-0.400762425754	-0.886010295084
-1.29394533094	-0.277583480496	-0.873482129246
0.379891388194	-0.0376721912727	0.924263674057
-0.196792336472	0.445261503895	-0.501495141383
-0.00598443227405	-0.470459919231	-0.88240107149
-1.36122157416	-1.53061602075	-0.281953675683
-0.180500621301	-0.152482354197	0.971683414168
-0.843738612856	-0.794305447641	0.672988241563
-0.0695250114881	0.309508177288	-0.948351707421
-0.463995098943	-0.370033933896	-1.75102872452
0.63730642858	-0.753224122328	0.162769584486
0.874042469413	-1.84331478215	1.55168497766
-0.575463693658	0.636143281479	0.513968153401
-1.04095438199	-0.286862229253	-0.190832045724
0.733682278451	-0.254123370347	-0.630183804085
-0.404659408234	-1.29232678405	0.886043629188
-0.676114183736	0.730567515277	0.0956070926986
1.87802526996	1.66999337479	1.59367721849
0.694734832904	0.684257297758	-0.221665203436
1.49290897532	-0.472064374081	1.87159787952
0.0877940814757	0.920300039279	-0.38123488424
-0.276630689224	0.402601961486	-1.30740127523
0.955750712802	0.0612895808999	0.287722370093
1.28661936637	-0.291849252737	0.426305533952
-0.6920924477	0.661222885025	0.289469065974
-0.102097702331	-1.92052060598	1.01240446128
0.150005891385	-0.706405976708	0.691728869298
-0.538311837107	-0.172473917597	0.601214214409
0.858187469736	-0.157788467083	-0.488484458754
0.418178451547	-0.239608206504	1.25658521522
-0.719381423113	0.687469760262	-0.0993765405203
-1.71221676119	-0.329007339174	1.03271185117
-0.967561123589	0.207865426786	0.143587730906
-0.175176578372	0.667117986423	0.969520677441
0.333064159291	-0.687514609822	-0.645284376904
-0.973007881818	-1.60828683786	0.276721196501
-0.14924740462	0.856165286831	-0.494677888975
-1.51387504743	1.38741428544	-0.902396854056
0.917768554059	0.24650671437	0.311344376778
-1.61530865683	-1.65467968058	-1.75197476167
0.261162074013	0.891490975874	0.37018672455
0.245306438744	0.337029414143	-0.846436474427
0.669613797245	0.648106927147	-0.362732371761
-1.37806762102	0.856618147436	-0.301855025508
0.105914930138	-0.162899356406	0.980941296539
1.4848544182	1.85530230972	-0.063421518517
0.440274747415	0.230468956914	-0.867780045108
-1.60490612887	-0.142059341418	1.55961632981
0.849560972253	-0.45721486354	-0.263060302939
-1.17359477611	1.43350379658	-1.24775131291
-0.35389313352	0.273315891193	-0.894459654579
-0.645031201428	-0.229829720432	-1.55045799573
0.726424142462	-0.510869739696	-0.459695632252
0.539361180089	-1.85511963487	-1.33648811681
0.251355793943	-0.0889144080186	-0.963802102559
-1.43757693693	0.297515966939	-1.06862389409
-0.0274488050517	-0.0574109913119	-0.997973216664
-0.0328892697198	0.430358049433	-0.668496725574
-0.616375181656	-0.026458965063	-0.787007978744
1.34399937919	1.87862977895	1.74309703176
0.0315950013521	-0.130482841294	-0.990947013728
-0.913459545854	0.19173808557	-1.94548305317
0.742845493413	-0.470062628248	0.476677772128
1.45051704441	1.40579180398	-1.5008201624
0.241857517812	0.922942688549	0.299469088107
1.27803908365	-1.80393761228	1.87158719171
-0.78269946272	-0.601404596321	-0.160293676053
-1.06905476191	-0.626082126568	-1.8266747253
-0.502911933242	-0.0743254043478	-0.861136064551
0.682641396014	-0.992488693737	-1.94225236282
0.105114481156	0.878863244959	0.465349699164
-0.905480649447	1.8165261839	0.321488728342
0.503838911352	0.382048176483	-0.774716426993
-0.695061900558	-0.400732964112	-0.91199215565
-0.758750792748	-0.645231940372	-0.0892915316697
0.078306936903	0.353600372123	0.51373689941
0.197076950248	-0.414025376516	-0.888675229362
-1.74658162156	1.93946295758	1.26351141242
0.880034538631	0.154570135635	-0.44905153823
1.35878373009	1.78648450084	0.294613114653
0.417856301874	0.73772767473	0.53023955805
