160
-1.67959157916	-0.49994386793	-1.52631053231
-0.385909961791	0.488115219948	-0.782826311161
-0.831504125487	-0.314821154124	-0.760808367144
0.853054013473	0.367285708523	0.370675138649
-0.70456453756	-1.27197679316	0.152090583053
-0.624442919749	0.493456276217	-0.605451850635
0.226602342339	0.734021024859	-0.0272199544537
0.63317341362	-0.29168467827	-0.716945937116
1.78647001587	-1.10859148735	-0.842694944664
-0.818233054516	-0.140580040251	0.557433333036
0.595340039709	0.93729635106	1.29681147603
0.628900384341	-0.58533228476	0.511732765214
1.20169333659	0.947514442119	-0.806319202007
0.751849085406	0.297509783977	-0.588396873897
0.297055933922	0.497865299668	-1.18968061899
0.0544265894141	-0.109035790415	0.992546695513
1.1666686173	0.131101911027	-1.67634395633
0.592348977814	0.662336159668	-0.458730313015
-1.01615633688	-0.782644543339	-0.379908380092
0.707281712475	-0.137527382762	0.693425409247
0.617601602305	1.74010364555	0.966684903008
-0.931294490369	-0.200005959945	0.304447348807
0.774835128414	-1.05544562775	0.097088781563
-0.137490712006	-0.510897988789	0.848575010923
1.54880564992	0.784467593856	0.734836114174
-0.726185946326	-0.63593883263	-0.261219778181
0.690385078572	-0.361512348602	0.16580738851
-0.372312768831	-0.764209803938	0.526656033603
-0.387121385092	-1.60786049878	1.17141593424
-0.723593786902	0.106341747515	0.68198494433
-0.192235553551	-0.986061917092	1.78849113935
-0.542456944313	0.165470163122	-0.823626182611
-1.3739770721	-0.0461079395547	-1.83873105895
0.994214438213	0.00535927460152	-0.10727967666
0.546218991254	1.63606917537	-1.33220926987
0.271074755129	0.710254615934	-0.649659031859
1.38925822593	-1.0697304153	1.43573238832
-0.365708180553	0.47250295579	-0.801871862236
0.169469601768	-1.29130507881	0.0438297624487
-0.786481444181	-0.50849383537	0.350543802326
0.890640772088	0.320134228188	0.0196976361486
-0.749334243706	-0.219642926534	-0.624704070767
1.44800061451	0.864235754253	-0.918598753156
0.258823875895	-0.342506251437	0.903160931946
-1.30886773579	1.36731231645	-0.202579368359
-0.78196037919	0.11984571922	-0.611698429752
-1.68917988534	-0.877188109549	-0.932656926317
0.986259298394	-0.060799146431	-0.153610091222
-0.00519950069878	-0.201491668606	0.113048012013
0.447723521747	-0.68204050622	0.578242506177
1.24170967381	0.220551506259	-0.246053170905
0.558920484306	-0.495683136011	0.664760198039
1.79126880346	1.18076636433	0.593120538768
-0.23342822319	0.748939074341	-0.620162500916
-0.12465037147	0.856589831505	-1.31467231185
0.19736646846	0.646099334007	0.737293786576
-1.37991491223	-1.80444331722	-0.935386216456
-0.367997286069	-0.841033497118	0.396535817011
-1.02630016474	0.363216585757	-0.854148963931
-0.883099270846	-0.408354108803	-0.23104674777
-1.5349567691	0.114845353603	-1.62083388781
0.539689382886	-0.47647589254	-0.694050498039
-0.338474002096	-1.82034938576	-1.27281180902
-0.667136269943	0.545904536152	0.506870234611
0.18929979539	1.24529221917	0.878484499173
0.241214413635	-0.391695992455	-0.887913203049
-0.59937220155	0.812216416212	0.719703932461
-0.70267007324	-0.111929131527	0.702656842057
-0.358562777415	1.2116811085	-0.366652217013
0.614335110963	-0.560403081594	-0.555464452128
-0.0721312298164	1.6423745653	0.204460861663
-0.650655429487	0.418621043985	0.633564466817
-0.66296138574	0.462716900031	-1.28556120279
-0.654428588816	0.16329221581	0.738281026707
0.669473444532	-1.16720520645	-1.13848681715
-0.644026824039	0.661593102828	0.384088552561
-0.432073960488	1.19189781442	-1.39317268709
0.129702495737	-0.225053798638	0.965674919586
-1.48379252359	0.388977381271	0.957600854169
-0.837469452536	0.539109014167	0.0894784159037
-1.12486014549	0.165548328953	0.406666323607
-0.788264187539	0.541379931791	-0.292484769002
-0.311285114372	-1.0435215086	-0.789057964759
-0.305357202156	-0.57612541942	0.758179714968
-0.461781495798	0.224801935369	0.770599552359
0.719110439058	0.473723745033	0.508395505319
0.478854906303	-0.339190992532	1.01218329559
0.00922668574617	-0.655947372742	0.75475023184
1.54959635761	0.296854675916	1.45628456551
-0.28446247766	-0.930120526742	-0.232286255594
1.38479912187	-1.05363305844	-0.783393307826
0.437934590102	0.749076604803	0.497089061364
0.39103509599	-1.63457123361	-0.765556682106
0.430359587117	0.15086255483	-0.889961299904
1.68331456318	-1.76829789411	1.7877401246
-0.899148885727	0.371466744641	0.231395200731
-0.941162986445	0.35676862395	1.11858621015
0.685993067634	-0.190036821117	-0.702352844216
-1.83330297777	1.26324793175	-1.77055146486
0.865573573577	0.439422550923	0.240187864941
0.35605793187	0.289055602328	0.989390493672
-0.64411555108	0.762735037606	-0.0578828062979
-1.73069977951	1.68725058191	-1.17692838449
0.117217123895	0.822866257525	0.55601373013
0.439471959523	-0.801426490792	1.0759684631
0.9618299032	-0.267144204931	0.0593060796367
1.82531030149	0.795823560135	-1.60910245657
-0.699631282728	0.701806367248	-0.134104030954
0.316433733743	1.17472358625	-0.138815284614
-0.72378177696	-0.563726365073	-0.397935327236
-0.529684259945	1.26369830777	-0.939323186531
0.395423491237	0.655612067433	-0.643283047821
1.59392172672	0.783854625591	-1.66677413699
0.019707658857	-0.999738544853	-0.0115952626839
-0.540067841458	-1.71381767185	0.566136388526
0.97587695328	0.218311499933	0.00206423224801
-0.247598041493	-0.990108496547	-0.227910316488
-0.0870418960703	-0.843694453837	-0.529720092968
-0.456766877503	-1.26316023736	0.936313546364
0.820565971701	-0.450193091844	0.352133023363
-1.16624895961	1.30869874069	1.01477074046
-0.370422273379	-0.600640850427	-0.708532220992
0.170144038581	0.0117959173588	-1.5485112668
0.510421441356	-0.61005202623	0.60605814696
0.478359140626	-1.82351573522	1.44643513445
0.826010600991	0.0494313284755	0.561482885595
0.181949634945	0.510902386433	0.220509638332
-0.697016223857	-0.66111817829	-0.277652909249
-0.0545731348128	-1.61293001436	1.29930110878
-0.212228673339	0.976379257351	-0.0405282127422
0.596574987832	0.2694692447	0.862177582297
0.679583508405	-0.485534675008	0.54992939044
-0.169798048779	-0.618522090669	-1.170191705
0.532562413576	-0.0793358679647	0.842664284102
1.69468287261	-1.49833419231	1.1006718405
-0.735650465297	-0.664911702687	-0.129270338969
-0.965216938906	0.481784607649	0.216672341176
0.484113833833	-0.144045540371	0.863067018366
1.40068300706	-1.16530646683	-1.24978893018
0.727527182449	0.657122083351	0.19721756101
1.00644566061	-0.207494938584	1.19534392305
-0.460838413786	0.886765894401	0.0356960068667
-1.17075127039	-1.26462502146	-1.07631039174
0.0272283637006	0.950997927509	0.307996035825
-1.81331401093	-1.69618091266	-0.819247490443
0.448497432575	0.103048213244	0.887823810629
1.23966766192	-1.70915266049	0.283715582734
0.633709411838	0.211811297195	-0.744008303534
0.521695730285	0.751775976449	0.961644687648
0.401663549573	0.859404236064	-0.316371224954
1.66482847792	1.69874405781	-0.408843121325
0.403841284114	0.769640387222	-0.494536036707
-1.64189824474	0.632449797566	-1.08091907441
-0.704146901904	0.360711517652	-0.611607996656
-1.59718162175	1.83857281547	-1.12790491496
-0.762439689138	0.564500082362	0.316267888728
0.221174729223	0.722808214798	-1.52030788192
0.333628883632	-0.606570579238	-0.721639730343
0.830289056868	1.01377782961	-1.37224318707
-0.941662019054	-0.335362087985	0.0283709677807
1.11735330425	-0.133033956399	1.66149043599
-0.626201325322	-0.636934862539	0.449650843485
-0.23554330609	1.38746105837	-1.29766475816
0.348983454728	0.455705366362	-0.818867002263
1.20821366442	-0.913340663799	0.34984846397
0.877232095234	-0.325415499957	0.352942776493
1.50303054503	1.2946225276	1.09388110949
0.263832595435	-0.915367851362	0.304128358229
-0.591930330313	0.732350927929	-1.20484008446
0.314307245023	0.570640178191	0.758670378201
1.83773992978	1.82376526271	-1.41835161992
0.473828195896	0.701577241886	-0.532236990862
-0.80832974628	-1.08907749881	0.139214114666
0.677234583562	-0.62382211118	-0.39012727722
-0.0366186160791	1.45337422632	1.60223675197
-0.516857149867	0.77941125443	0.354085841428
-1.47346677905	-1.5031988791	-1.1456680126
0.774087363978	0.604613033818	0.1877014445
0.918364221669	0.624083697274	1.1269651635
-0.598281534272	0.57458644212	-0.558488698436
1.06393638117	-1.35234113571	-0.107470629372
-0.342221537077	0.470152873024	0.813535921486
0.443640330879	1.26289804529	0.40985625725
0.789245338575	0.13683080152	0.59863939671
0.446487879717	0.902767801662	-0.0688011114416
-0.665493885097	-0.703414863406	-0.249650593504
1.26885710185	1.77822833983	-0.273730260559
0.770901162083	-0.311798313001	-0.555421650918
-1.10320948883	0.69179041512	-1.5506292447
0.82549230258	0.30927834999	0.47213277858
-0.158874453544	0.263109555376	-1.6572978751
-0.579073009744	0.0317885884669	0.814655715643
0.833254971927	-0.938543012955	-1.75144463557
0.395004275209	0.751943650712	0.527780606617
1.04440911881	0.161827755071	0.238379489409
0.178476230845	0.761060864152	-0.623644607193
-1.00112810514	0.629483500188	-1.08494997049
0.9523186785	-0.267635495362	0.146493604644
-0.400304520415	1.20332680787	-1.62734933182
-0.587069158198	0.787004492792	0.189667424238
-1.41955777831	0.955819625238	1.11511832799
0.791704992013	0.602031385331	-0.103737248366
1.4195396413	-0.201031536958	-0.194128211342
0.772933821144	0.63270336271	0.0475369640079
1.7370595615	-1.06590732812	1.7387964783
-0.47896147304	0.125410776285	0.868831424694
0.570866797223	0.22456456568	1.06010848563
-0.499014684677	-0.512638245976	-0.698703351386
0.352567751603	-1.60805723313	0.502078096305
0.295360259952	0.937944296146	-0.181721804329
-1.82892268178	1.31988361936	-1.41656585113
0.777277060876	-0.126598579254	0.616289842824
1.04817763518	-0.664140560879	-0.267068876398
-0.709617179804	-0.631024676048	0.313450660144
-0.394419772743	-1.74219115872	1.38960532414
0.316610835448	-0.378867969508	-0.869607176004
0.572513620436	-0.233171759617	1.45309705605
0.968794092082	-0.0156134942204	-0.247374667147
0.117154339314	-0.451499838763	-1.2077987566
-0.726287099095	0.681782698317	-0.0876321970744
0.972826578606	1.45855498175	-1.62810256844
-0.140313067491	0.983704701334	-0.112415762526
1.24936713441	1.31643391669	-1.45455558444
0.725355029304	-0.0725568362204	0.684540420268
-1.5260395206	0.558390931844	0.431788312166
0.845885737852	0.142601924968	-0.513947477369
1.20019918511	0.971878347104	0.216122899581
-0.113034467302	0.984510502685	0.134023428191
-1.24685065593	-1.58098228458	1.13476927246
0.652981831629	0.490270217182	-0.577277958792
-1.51700125904	-0.461130887392	1.15561752267
-0.0419540276454	-0.954918850003	0.29388747757
1.78169539134	1.25559406986	-0.880203769627
-0.339411093617	-0.577091104313	0.742809509129
0.255032614577	0.881171622551	-1.75575408348
0.078857239449	0.612320727355	-0.786666932467
0.900652588108	-1.40880858719	-0.298146548623
-0.668318981112	-0.314088819376	0.674312948881
0.850360950513	1.77554926623	-0.974710804057
0.485158431395	0.223001960073	-0.845512520457
-0.301125480676	1.62298716973	-0.858863984982
0.302759343189	0.00863497320744	0.953027920551
0.829594430197	0.30088077358	-0.849499261246
0.766676069967	-0.572650201372	0.29030940496
0.944087537806	-0.174268087145	0.767402993116
0.478198630832	0.0570189922308	0.876398827016
0.882397028578	-1.19126128415	-1.15366543141
-0.124075519698	-0.686262932097	-0.716692718981
1.0924755608	1.24554484022	-0.752713614415
0.197700722383	-0.682060872301	-0.704064905279
1.48414019689	-1.12108279313	1.61184013755
-0.934086293905	0.262726990101	-0.241779495018
0.560666915763	0.746651043553	0.34147409585
-0.982595006181	0.0377037542495	0.181894147084
-0.114468927948	-1.26044741468	-0.417743930901
-0.712259467511	-0.700246169084	0.0483916689466
-0.973666775448	-0.719343751755	-0.044632808409
0.927430634031	-0.372200216272	-0.0365980609846
-1.73993132231	-1.12716285514	-0.684896739607
-0.0310868433101	-0.312312682019	0.949470587656
0.669111393125	-1.10065822568	-0.936326196441
-0.533649712131	0.302555254643	-0.78973305783
0.519187333379	-0.485818448372	-0.381987050484
-0.539300323858	-0.661079282401	0.521660179684
-1.62598366567	-0.546000535487	0.510447068027
-0.588964136756	-0.808099587346	-0.00981338611377
0.701585310562	1.2461988328	-1.55613524606
0.458084936792	-0.875075540697	0.156208158424
-1.43153880818	1.09948107649	0.591061106733
-0.982680147586	0.0306390613123	-0.182759337554
-0.309185854261	0.0835672953073	0.398205805095
-0.873056636005	-0.11007489988	0.475032237583
1.75895645646	0.69556804076	0.477132915603
0.404591636986	0.405370760747	0.81974395613
-1.26397282554	-1.36008123437	-0.180863323499
-0.249820416317	-0.794720587943	-0.553180754086
1.28568428387	-0.613251992809	-0.932459206492
-0.596695296765	-0.300204735619	0.744198790331
-0.44536118346	-1.13914529045	-0.650598970984
-0.813005383752	-0.582139079974	0.0116763674974
-1.20157230003	1.24580040043	-1.48574582551
0.195044553927	0.778639889028	-0.596387076652
-0.213758921884	-0.628995417393	-0.587806281533
0.391113941232	-0.178154254366	-0.902934630317
-0.895947575446	-0.120555906342	-0.691547222502
-0.424883311001	0.535483515495	0.729884632436
0.785058051707	-0.400549984491	-0.0282881791558
-0.706194886969	-0.269378144106	0.6547703392
-0.950566669301	0.458383759834	-1.57169800206
0.568164701702	0.819948942264	0.0698040387154
-1.31233542553	0.190118975913	0.758232049114
-0.590931791006	0.649376469846	0.478654174524
0.431996026269	0.799231935011	-1.60678683473
0.597074145555	0.681163009205	0.423697320739
-0.797817771421	-0.212413578214	-1.24817041726
-0.12779129526	-0.672557419709	-0.728927912794
-1.09648003367	1.20412395068	0.727717102472
-0.766754861995	-0.454887582126	-0.452950625604
0.415451598584	-0.488621933841	0.825572168687
-0.0852703777733	-0.921368421813	0.379221826851
1.51213501852	-0.620688464164	-0.954002805204
-0.202198909781	0.0865607940162	-0.975511573392
1.0079033879	1.76744514088	-1.19509203158
-0.310037481462	0.641228190247	0.701928178749
0.674569267034	-0.125760874816	-1.41921510729
-0.499004576642	-0.666438146265	-0.553944608868
0.43187521905	0.717498388574	0.18124592492
-0.806028803638	0.577671348524	0.128892904386
-1.05333869225	-0.0410058185314	-1.12574426728
-0.296838648715	-0.777536022067	-0.554368605729
-0.149449608878	1.46572262917	-0.736911749667
0.541438315868	-0.246765794426	0.803710888822
-0.358898106325	1.00058067411	-1.41373295408
0.705060339347	-0.525217196921	-0.476483802388
-1.76869702106	0.230777042165	1.30155985574
-0.408495187855	-0.904546619267	-0.122176491489
-0.590456271357	-0.0509472976817	1.01790348051
0.629026202526	0.452145994508	-0.63236859203
0.763971532333	0.830188551334	-0.612524908005
-0.830614385734	0.488883729452	0.266594150889
