992
-1.68490829693	-0.114461904118	-2.31086522329
-0.527095103496	-0.0545105448655	0.848056220052
2.65172146533	2.77305837121	2.50212283527
0.497519846501	-0.347718999361	-0.794710953631
-0.899003657642	2.83366440496	2.45680435817
-0.305876241786	-0.6763018626	0.670116046185
-0.87218070631	-1.92597730141	1.55739316539
0.671649526949	0.69957887958	0.24387764185
-0.154086246024	2.50602030717	1.69917909627
-0.600448749106	0.363725629852	-0.712155155767
1.69235192272	2.97128161449	-1.13768185364
-0.834529073021	-0.222486247953	0.504044735866
0.117350662518	-0.393110011787	-0.674581303966
0.230673927402	0.900354593593	-0.368986646117
0.627166909085	0.0476415958301	-1.02828043377
0.731110684571	-0.65044645434	0.205904290734
-2.49056787852	2.1160619082	-1.23003442283
0.399504595894	-0.386987443889	0.831045604123
-1.92175251155	-2.00107365646	-3.35516678387
-0.648123032913	-0.755177349916	0.0982023644402
-1.55844812764	-3.19987855247	-2.16774813083
-0.738233641999	-0.475500534409	0.478445745721
-0.837424251762	-3.33466647205	-1.23855506065
-0.552141624771	-0.0620945684886	0.831434838553
0.209872354727	-1.04652769614	2.93586121328
0.162107053642	0.930060337146	0.329710588892
0.458415826298	-3.28932673913	-0.291023593839
0.660570681245	0.428680917434	-0.616343285927
-1.45314524994	0.155544229481	1.49129977182
0.194545002193	-0.11276313445	0.974390433877
2.75036077486	-2.72065373136	-1.37449400113
-0.288468259961	-0.929354409432	0.230404957987
-2.79039802295	2.42937552198	1.54298247167
-0.390191309884	-0.917114343277	-0.081559935302
0.838086449144	-3.35465210109	1.69472812944
0.709681830087	0.594614444259	0.377869504887
0.380235503278	-2.07796910496	2.08037001168
-0.090231933366	0.595321667692	0.798404853553
-2.31362480473	2.86821699626	1.95691770162
-0.0700826105346	-0.651989014478	0.754982617482
2.10439017595	1.19310103613	3.05639230792
0.703988819932	-0.684829401762	-0.188171283391
2.23380625475	-0.882437052484	-3.21234300361
-0.200574640682	0.966327770391	0.161184533026
1.53169619927	1.69519415314	-2.91315238672
0.412739051998	0.371155069611	0.831799488614
-1.8466171118	-0.711730187876	-0.227702230282
0.275301788215	0.76512008271	-0.58206544687
3.38318269246	-3.31241052122	3.07113226883
0.50389529214	-0.839697699206	-0.202477921036
-3.1035307498	-0.553963764197	-0.514815330156
0.412946032934	0.73058806145	-0.543798361849
0.867687281945	0.444212147417	0.820490166533
-0.193734669618	0.227339245659	0.954349907094
2.25776182527	-0.412361978625	-2.22776333706
-0.518637775875	-0.531870209465	-0.669424333079
-2.00477924742	-1.36557111114	-2.84788038207
-0.770674533424	-0.2582820477	-0.582538537239
2.76448796307	-2.10300094755	3.29327736513
0.531360937675	0.408844731318	-0.741957909579
-0.273612485297	0.412865200547	-2.77355516951
0.515270429313	-0.555517876886	0.652607288601
3.37065233734	2.09425542458	-0.426408714548
-0.842151829847	-0.414448628569	0.344982071654
-1.86039258782	-2.57830988455	0.396358545106
0.765887772865	-0.624495930577	-0.153038400633
-2.03523397981	-2.90544377975	-1.92145875394
0.468751643105	0.471350077397	0.747061578201
1.90911192	2.39333446815	-0.466138468313
-0.439580316926	-0.149087456456	-0.885743797776
0.468026326347	-3.33551947301	0.675693037038
-0.530181057572	0.122294391575	-0.839018550439
0.719726705074	-1.81873338209	-1.60168143047
0.346228800459	-0.700020053587	0.624577891306
0.0558856051461	-1.09625384837	-2.03078095585
0.065741226131	-0.332059796113	0.940964602412
-2.00652243175	-3.25197473812	-0.0595726429968
-0.928784573872	0.146691723522	-0.340353865245
-0.880798339904	2.41876064593	-0.335776176242
-0.070681516584	-0.063234030594	-0.995492632111
-1.94802452728	2.31440481066	0.14060138745
0.232786215734	-0.187329215827	-0.954315641002
-2.94108747982	-1.77974131641	-1.36760058658
-0.568502033083	0.809195437588	0.148351549261
-3.25656921924	2.70606084387	-3.10100174395
-0.1699287714	-0.460442016789	-0.871273413932
1.33506395575	-1.0025055417	-1.58243653899
-0.963919439177	0.172684697656	-0.202581613117
-1.6022427298	-0.614935354729	-0.966365883953
0.958312071644	-0.283084145783	-0.0387471256555
-1.94780179774	1.35669494875	-1.56649530846
0.437480811114	0.171553109942	0.882711770838
0.644773352227	1.90254345844	0.971664890064
0.227629459356	0.81010728944	-0.540287894395
1.73884996822	-2.57441833493	-1.8370438578
-0.85399380892	0.476372038297	0.209199080912
2.08031038853	-0.160910891673	-0.651390334213
0.78671413245	-0.617052536641	0.0180842701653
-1.12216901605	2.32580250607	-0.760045160034
-0.534705385129	-0.348950421479	-0.769625723624
-2.82892177303	-3.3488075394	3.33587299161
0.863999471212	0.487101842466	0.127423344846
1.82241965356	-3.16096320099	-0.838817863749
-0.364290275341	-0.885179612594	0.289395315685
3.24857345187	1.34614688108	1.30607335309
0.310809384341	-0.122611929118	-0.942530551995
0.476967803271	-0.353312819997	-0.715084938446
0.167835524252	-0.747098056666	-0.64317628262
-2.86984259515	1.85539391459	2.67270803705
0.76513313498	0.195345000429	0.613523933163
-2.32205481344	-0.92521231187	1.81272733672
-0.954732473849	-0.296923047807	0.0179612655247
-2.22357963615	0.831132654133	-0.799937296827
0.736164492784	-0.259939059576	-0.624894811045
-1.65491822283	-0.144595340624	1.84141189241
0.637173048363	0.692468277694	0.338375813005
-0.0533240104236	-1.92696792645	-0.743758310079
0.705111744039	-0.702494664815	0.0965332809205
1.59872462936	0.82973490093	-0.864007063832
0.0164425731418	0.932574989522	0.360601623273
2.46356396735	-1.55324524804	0.562330716559
0.318713713046	0.799103900645	-0.509759281514
-0.141080599926	2.1766347624	0.335906496725
-0.594784536615	-0.379898652348	-0.708454916666
-1.73534122153	2.9535924586	2.45977310896
0.213355381897	0.818719956488	-0.533082652001
1.04259788841	3.19295149385	1.81706718068
0.739988896055	0.599182979383	0.305607903913
2.82137319918	0.127255791874	0.842057227191
0.900099585159	-0.0343385551427	-0.434328908117
0.181652155406	-2.53049145945	-0.919458963135
0.234250761867	-0.453616789362	-0.859859516999
-1.52621429415	-0.0995140964665	-2.00039209913
0.430293783162	0.592303092211	0.681193296451
-3.05677865915	-0.674116542936	2.93045778918
0.000845795944991	-0.824379908377	0.566036263232
2.06304834334	2.24606664116	3.17366757957
-0.801166590962	0.036851379261	0.597305674987
-2.653552808	2.66253779662	1.82566030594
0.663170519875	-0.421262006606	0.618662414697
0.95820807671	-3.17459006768	2.47407438326
0.718114478318	-0.43441305706	0.54368823041
-3.37367189647	1.38838670193	-1.92383214029
-0.901577656211	0.339038935316	-0.268719798603
0.60465388203	-3.09472517609	-2.78535518401
0.594271549092	0.705365346094	-0.386394946228
2.07483840452	-1.75603933842	0.774635182231
-0.750282191803	-0.523887496152	0.403259871595
1.89026413132	1.34503932137	1.40811734954
-0.51612370675	0.813543743502	0.267885977123
-0.518347537295	-1.01381368237	1.86063074258
0.723573614214	0.314676767243	0.614344982051
-1.47702177132	-2.75625183724	2.35231696924
0.0896203782794	-0.613484552819	-0.784604926858
0.804003101904	-0.0916707685317	-1.71167654989
0.645024555751	-0.72026103583	-0.255278990016
0.269587735493	-0.167107854594	-2.25829945427
-0.332463381252	0.409960689862	-0.849352890673
-2.28377551096	-0.209075249352	3.28379737993
0.750373375686	-0.442014934125	-0.491490178002
-1.85879465693	-1.60576178344	1.86316356393
-0.459051690442	-0.301527323168	0.835675067766
2.7532787832	-2.41158496331	1.21456854901
-0.00746219216628	-0.999778446268	0.019681820691
0.805323885404	2.55298778179	-1.47362832532
0.556610311863	0.578732306765	0.596031775859
1.58118265639	3.29201281911	-2.74107721015
-0.253888269515	0.962226889515	0.0982861114136
-0.653364017188	-1.66736090163	1.8934422755
-0.219224504397	0.638861594677	0.737425575579
-0.387694583565	2.65627748451	3.2702358399
-0.0810566435853	-0.930257680741	0.357841400557
-2.4123025888	1.91999876562	1.5895433361
-0.799740289516	-0.406204736087	-0.442055631912
0.350613659602	0.568229183307	3.34123661058
-0.926629072241	0.28431101206	0.246019940043
1.96584857047	0.477592471852	-1.88407868071
-0.885788568449	-0.23100442804	-0.402511572791
0.0216852908397	3.27460358233	2.20622484578
0.528835626468	0.769956821503	-0.357070543729
-3.26286432637	-3.38494231533	-2.51669836541
-0.238012713449	0.971099226794	0.017783136857
-3.21889692005	0.356452311421	1.55671120819
-0.292524898069	0.546953070223	-0.784392454696
0.7587855171	0.731434142683	-2.83339385483
0.0677451763357	0.361050691947	0.930082248475
-2.8815646229	-2.20117395613	-0.672473802041
-0.624814433659	0.449865368215	0.638144242294
-2.14161408939	-2.10592617161	-0.142733648844
-0.340186154293	-0.0200420203713	-0.940144509023
3.28352803754	1.11755527064	-0.322024339537
0.368562148237	-0.539002494892	0.757389103029
-0.243408649193	-2.22977485928	2.02626978685
-0.854500001254	0.51588776161	-0.0607417918573
-2.5983548101	-1.73775040038	-2.85203858913
-0.614631401041	0.43217301427	0.65988993521
-2.15064259233	0.820811073584	1.31446368179
-0.817873216312	0.104430015508	-0.565842534545
1.20605423021	0.064758075232	0.888753019841
0.484009879388	-0.596352772463	-0.640388793961
0.328707318553	-1.63571359151	-0.840095251395
-0.069219715045	-0.728717409399	0.681307249549
2.12317918421	-1.57660669845	-1.41565335868
0.6780682809	0.0927735498274	-0.729120343215
1.26937964281	1.7985222492	0.327038673383
-0.146713208689	0.985465441771	0.0856335067105
3.01952800431	-0.980109433963	-1.25095060214
0.465418676818	0.54852289702	0.694628020392
-0.919373728682	-3.28986749552	3.00461670414
-0.727322682829	-0.30027657145	-0.617118866735
3.05199804319	-1.85050010717	-1.53354586387
0.785468539909	-0.185028760376	-0.590595911471
1.83270430792	0.330620207176	1.85645895408
-0.459086546098	0.4327184165	0.775882926229
1.9134235268	3.180499986	-2.46648394767
-0.622041998975	0.760413122753	-0.186643066454
-1.99181607523	0.34856875425	0.666737077026
-0.453689751623	-0.784327103957	-0.423079901757
-2.62536240359	0.676068922661	0.0562762081133
-0.691017084401	-0.537290237387	-0.483543782789
1.10996668071	3.17894229263	2.01598292062
-0.0517895290689	0.707721453722	0.704590795158
-1.18614767437	-0.888099924878	3.33216598226
-0.892703724073	0.447561049425	0.0526228853684
-2.60066787906	-2.28252742149	2.12754749088
0.703431367393	0.193483434009	-0.68392139324
0.161899105831	-1.23577972016	1.91050256033
-0.00192310277431	0.800044474341	-0.59993761405
0.247006881929	1.24267209559	0.381698083374
-0.960008462674	-0.0168705646669	-0.279462225786
2.34011510642	-1.90309638336	2.33044246365
0.241844179282	-0.637562086376	-0.731454700555
-1.49831054381	-2.7217449938	-2.12159568584
0.264526344508	-0.697696169662	0.66576712738
2.9813622399	-0.871740029706	0.288115350504
-0.789622768573	-0.390070011623	-0.473646777022
-0.439289699855	-1.93786217118	1.2602224369
-0.904632956477	-0.134790345247	-0.404315194969
3.12306182639	-1.86383628858	1.64938708193
-0.923626749772	0.161788974544	-0.347473675005
1.50848884593	1.99367605228	-1.27061683527
-0.00128580627099	0.848529270885	-0.529146882401
0.377824793805	-2.55746126841	-1.63684379749
0.444204258391	-0.659503847513	-0.606413433181
0.471445992188	0.941708834481	-0.68615773646
-0.849841333221	-0.482891286026	0.211153295569
-0.97261519116	-2.740145592	1.30551179
0.572381186956	-0.438236368783	0.693057473731
1.3685082701	-3.11264015914	0.334415375648
0.0338732672219	0.770675494983	0.636326868206
0.48412643427	2.81640573258	-2.02374321428
-0.0427866345323	0.454936333125	0.889495495609
-1.44406998736	2.22994163045	-3.13026892244
0.786497683054	0.106701188526	0.608306050371
-0.0483285838493	-1.50831654345	-2.30018180878
0.304371961357	-0.220453701706	-0.926691898391
0.139770524016	-1.68159126912	0.532091521667
0.626192301125	-0.0930007176424	0.774102104719
-0.0599338204249	-1.73472707633	3.13388521491
0.760473292706	0.342522166788	0.551687353798
-0.914159381671	1.01898461992	-3.15261774599
-0.177819081147	-0.255527976607	0.950308280271
2.19115260981	2.67181623571	1.26260561962
-0.14511620617	-0.818728361835	0.555540418182
-2.84733015322	-0.0847590076978	3.13069955628
-0.683866257041	0.576647967499	0.446994478779
-0.415287882878	-2.45407091661	-2.31569808662
0.512407057488	-0.233314557749	0.826440151843
-3.23488224234	-2.9135515472	-1.51207301756
0.81142509053	0.323703977081	-0.48662619913
0.321998538542	3.04559369019	-3.17431758411
0.657016458846	0.750739107265	0.0687034615464
-2.92448691697	2.89018906083	-3.37916555206
0.619102132698	0.733779930427	-0.279784851255
-1.6251388927	2.80328183074	0.197586260882
-0.381391386176	0.776033519618	-0.502307263514
1.93304497312	2.22323607784	1.35129442297
0.747641588475	0.580700346176	-0.322209812286
-0.00680956072934	-3.11096492535	-0.989092635219
-0.741315547032	0.467008924323	-0.482031040837
2.28698159219	-1.23258859997	1.63168174359
-0.421497928674	0.841151638023	-0.338826530802
0.515947886571	-0.0584015472745	-2.34088228918
0.45404133984	-0.657305099038	-0.601495194075
-1.98723457437	1.20356086544	2.03165034326
-0.982598239446	-0.07009668494	-0.172009170098
-0.993396919471	-3.27947476527	-0.0230319141382
0.480030093155	0.291254960955	-0.827491182663
2.29321327478	-1.78708060603	-0.221448255422
0.308430967885	-0.656520288927	0.688368686299
-0.326857537685	1.40238854012	-1.31353756959
-0.397799188473	-0.45034551258	-0.799340180993
1.40860027299	0.897179376943	1.09209729964
-0.263301485468	0.922604564169	-0.281909818781
-1.47052394185	1.54183978933	-2.95309457741
0.683774233114	-0.305727525219	0.662558283061
2.57851805441	2.45929007721	-1.8297689155
-0.141468850299	-0.874478819728	-0.463975600912
-1.65662676922	0.36322064069	2.68786049395
-0.701983833597	-0.236331709753	-0.671837793171
-0.588893119874	2.74519527613	0.368426210141
0.626708158566	0.176448968751	-0.759014259032
-0.0348663740188	1.48713185184	-1.87310511646
0.880313645893	-0.466318759986	-0.0871475698999
-2.28672354996	1.37644617134	0.968078178707
-0.680349181878	-0.451988059852	-0.576915751622
2.93217384884	2.78747721788	-0.958578382006
-0.689652399462	0.564863386317	0.45311027655
-2.35029600293	3.30645584558	-2.43447247983
0.626675512144	0.00610930517682	-0.779256362739
0.843018319029	0.255509674325	-1.38442182247
-0.530632052577	0.411110625376	0.741227143649
0.646465434111	-2.26459745003	-3.04419111891
-0.959332427884	0.259240227893	0.111695107558
2.60226049871	-2.52630058587	2.0778000553
0.238793991621	-0.21967886903	0.94589567293
0.361055320028	0.391926998116	0.913484284371
-0.976674079523	-0.202711081816	0.0708234403018
-1.25962183352	1.29925056143	-2.10605877136
-0.81489246555	0.520878803737	0.254235208828
-0.389672692761	-1.68773071632	-2.97914840496
0.094579705123	0.924142983188	0.370154597436
0.147132329753	2.02720609413	-0.0411578651562
0.188936046684	-0.845939124843	-0.498688447152
3.3495502204	2.32108166017	0.634638211212
0.784777331539	0.256502232518	0.564208423028
2.50105034356	-1.08097086786	-0.649488113448
0.515134572669	-0.849849063915	-0.111323585119
3.296309106	-2.26198351922	2.47167289861
-0.674118034271	-0.24816624916	0.695685552997
-0.805747202683	0.611380200453	-1.48495185228
-0.384499683636	-0.823710841476	-0.416725860632
1.91524973433	-1.19547672482	-1.22109935059
-0.784224688187	-0.554695235065	-0.278037469839
3.30550623684	2.31109199021	-0.93055940527
-0.807956442795	0.230720776009	0.542193978262
-2.68573226329	2.68968850559	2.78568998406
-0.685868775102	-0.601424200291	0.409723021864
0.849375480727	-1.81249928792	2.57083244336
-0.499095862546	0.589493207093	-0.635138629577
0.446835159367	3.33499387574	-1.31565807854
-0.851837132003	0.521103097826	0.0531513120941
0.773412718831	-2.51346996274	-2.97376666764
0.457340734541	0.797569020066	0.39334858683
2.61092780702	1.46642588846	0.558475603922
-0.637030799435	-0.713141647838	0.292610236818
-2.04607778024	-2.31165863809	-2.62052459623
0.0311149699477	-0.218729377014	0.975289351052
2.16614954293	-1.00922486285	1.09996945636
0.139877487123	-0.813019957467	-0.565183896936
1.02350634001	2.86325241798	1.48511902314
0.532495698478	0.574887968318	-0.621250476849
-2.96883317124	-0.401590095339	-0.235658698076
0.390548151627	-0.478127462777	-0.7866805391
-1.32693581282	-0.820366556257	1.71719355358
0.756684465917	-0.509256390361	0.409983594692
1.14896355817	-2.09292045843	-2.09342004124
0.396404449261	-0.489905741961	-0.776437941242
-2.2783756029	-2.80349813999	1.62742604369
-0.62397476603	0.582826987458	0.520546053725
2.15066007828	-1.8170987766	-3.30909550368
-0.383854198466	0.703463671561	-0.598159524804
-2.46095838897	1.79930111087	-0.518936957703
-0.674249226867	-0.689629773661	0.264194540727
2.76112194133	-0.685457555741	-1.08306639178
0.362679077629	-0.158534225458	-0.918330433999
-1.897565546	2.39038365512	1.10195868651
-0.532685473292	-0.00516561278136	-0.846297526281
-2.30787788334	0.947196195867	3.0877491324
0.798786057996	-0.552056189342	0.23911252029
-0.289597979477	1.32108819727	-2.63002384371
0.633596055384	-0.160219324482	0.756892202803
3.19675550765	-0.285966415572	0.0653782172819
0.267472893782	-0.963541232533	-0.00682233838173
0.748988772767	-0.112636614829	2.01636510146
-0.689351085925	-0.585014564006	-0.427262261655
-1.81855802804	-3.15414174662	0.0372228583556
0.0234737232815	0.354744042808	0.934668737258
3.05350515008	-0.24703616163	-1.3054673326
-0.169595768008	-0.543830808494	0.821879143917
-3.00589760229	-0.120484796052	0.560800339092
-0.973938412618	0.18198742172	0.135368189625
2.67964612974	-2.76262873327	1.07469861445
-0.864469249013	-0.26845464961	-0.425000021898
2.90965280804	1.16374933382	-1.23297268516
0.458297845161	0.849602690516	-0.261033241923
-2.1751734134	0.609517408064	0.369083496726
-0.305651196238	-0.135795319239	-0.942410195993
0.270254369256	2.06121394904	-0.363520413587
-0.705887204189	0.673416924705	0.219619900015
2.42953765022	1.37165317475	2.75040293857
0.074170690704	0.335834032528	-0.938996385103
1.65656141819	1.47179238496	-1.26060637705
-0.162654718897	-0.892796030437	-0.420069863781
0.248316380771	0.940029060552	0.600768270242
-0.711489578701	0.661176307028	-0.237967372603
3.11958192717	1.72573675439	-1.79213977454
0.345487157276	-0.902613395658	-0.256763864544
-2.68263086483	-2.25551049628	-3.35062713241
-0.639795771798	-0.553599481717	0.533093785588
1.35488057561	2.82024363552	-1.62436233243
0.677087465393	-0.710345326995	0.192255248627
-1.77958351715	-0.928401953017	-2.50032599367
0.571153350882	0.554584289334	0.605161231244
-1.36095723682	-2.91486181105	2.53862798717
-0.456843598293	0.569930980341	0.68298799722
2.97522376967	2.23900500469	2.51414606843
0.687138643538	0.726467957998	-0.00920817894381
0.440904558194	-0.257740083678	-1.36766715608
0.600564219596	-0.790192697212	0.122139753617
-0.754084141011	-0.233743036664	-2.502473121
-0.666389366152	0.52196634004	0.53242497363
0.412596472261	0.0313052031457	1.18949162078
-0.288333397768	-0.573933349878	-0.766462237575
-0.256981352997	1.87102957914	-0.338113927678
-0.244874940475	0.960276920071	-0.133807698977
1.75164840032	-2.60221418302	-2.27544995303
0.0941454346395	0.995318735983	-0.021846073722
3.25010100088	3.08839586288	-1.87025707784
-0.478320830561	-0.66049177156	-0.578757118965
-0.91518603643	2.1629655939	2.09978957044
-0.7842904318	-0.607304272525	0.126767658177
1.62998776387	-0.767102886621	0.243945646137
-0.0294905451384	0.660186394537	-0.750522639376
-1.64234800727	-0.460964238143	0.0583589063101
-0.48691092226	-0.376842791771	0.787976690057
1.45260482643	-1.11993205983	0.703743008873
-0.475819276577	0.821986325606	0.312944877821
-2.92848481821	1.86299836627	0.874874110112
-0.0249421393374	0.901340631167	-0.432392132553
-0.725061811701	-1.96087044145	-2.82649657534
0.660397687308	-0.73957606052	0.130008250905
-0.469291186278	2.74849285162	-3.19680729082
0.163141224951	-0.853004384403	0.495750401826
-2.74532430155	2.99443826419	-0.558971186935
0.977697058672	0.177121346315	-0.112856059401
-3.11227035864	2.12435828039	3.19896926321
-0.480492551729	-0.844320477546	0.237170484948
1.48509291922	1.14637142268	2.55082013902
-0.497408939806	-0.852148951736	0.162562328529
2.90743920657	-1.8488817694	-1.68049816706
-0.646368113257	0.722076241853	-0.246605277959
0.875880234045	-0.156919827377	-2.54462439548
0.855528458391	-0.477534967718	0.200078513313
-2.18209024509	0.758263054108	3.15330527495
0.461958222221	0.885723665516	-0.0456967095999
2.22566646978	-0.765787584421	3.22443122931
-0.447841382974	-0.887871671097	0.105460852259
0.784055265915	-0.861032662008	-2.82464821227
-0.574293298411	0.518223431809	0.633744177192
-1.35115216201	-0.207085666154	2.39479234814
-0.589597371651	0.399515465196	0.701970321603
0.0985743750419	2.53049530053	-1.1650111867
0.605579569591	-0.678131851634	-0.416425955836
-2.82237556575	-0.706221097723	1.31255110161
0.536529583003	-0.43082805044	-0.725619182158
2.90231260747	-2.04701162918	1.61514885282
0.83916283286	-0.216404151833	0.498973930197
2.0570428566	0.615083752785	-1.59624887795
0.347557803807	0.79994226503	-0.489178848308
-0.142370185963	0.0351150046319	2.05706129221
-0.720228436012	0.693637251851	-0.0117627719232
-0.482674648931	-2.97834146865	0.918240779475
0.272448234546	-0.495436253524	-0.824812025971
-1.13147111857	-0.526557620891	-0.915087924147
-0.767134144248	0.0889348295274	0.635291902062
0.52103555754	0.639522695063	-0.382613666199
0.641560301281	0.41635129319	-0.644245279749
-0.151596598302	0.84945455011	3.16830829625
0.403308298681	0.107765676001	0.908696305314
2.24617827544	-2.61282730366	1.06668443131
-0.328647187576	-0.133022944443	0.935037925621
-2.44974331033	-1.35690567948	2.7304380779
-0.420044187639	-0.57876401837	0.698995773571
-2.12769444645	1.95473757455	-0.098552095997
-0.256265962219	-0.936313192958	-0.240094484111
-1.45706843845	0.181659218454	-0.505208285139
0.890214196809	-0.137831996979	-0.434190078662
3.1896266068	1.21667121156	-0.928659434006
-0.0823735660586	-0.664936065876	-0.74234400645
-1.6040041632	1.1278292788	0.167016374858
0.598468988096	0.616095545059	-0.512114391172
2.1416898148	-0.965201739528	-1.73567422788
-0.847165609297	0.427182159756	0.315952263498
0.883773711886	-1.86916630623	1.55391841649
0.182046112909	-0.571680749664	0.800025207877
0.826100737475	2.15847310605	0.379344626359
0.566026810031	0.586910257778	-0.578921410591
-0.336815289495	0.400516718379	0.815218173474
-0.0987487956748	0.432546306854	0.896187685577
-1.31353377741	-1.37144687112	1.49613227353
-0.640436774423	-0.598001629021	0.481907449263
-1.06678595896	-2.07289121103	0.293773490363
-0.0684837365107	-0.175746881161	0.982050411942
-0.00647803859962	-1.42986901511	-1.77050483604
-0.197180193349	-0.1748340884	-0.964651757312
-0.452001118325	-1.91410747682	2.88933119014
0.58537693388	0.531242912354	-0.612466173233
2.66356916957	2.20434947486	-1.36816544112
0.44594400607	0.803442744215	-0.3944790238
-0.380518283083	1.68548264373	1.01795648352
0.412190241741	0.612132368817	-0.67482825049
2.71234946439	-0.546625982686	-2.74695461625
-0.525941870021	0.538163204846	0.658608771813
0.24440999732	-1.55306999388	2.12879046097
-0.586384462907	0.59313758525	0.55167115805
-0.777170453123	-2.1983817011	2.00153641817
-0.7062106057	0.131971401895	0.695593365034
0.678897652584	2.0177935976	1.92201815398
0.814066749282	0.241800687768	0.528041433136
2.72838512129	1.16653841762	-2.0731611416
0.61255297057	-0.186438534425	0.768127288363
-0.506773786458	0.0590876939846	-2.21718438219
0.463633497047	-0.442677843293	0.767515672461
0.80527820061	-3.37519600363	-2.04913581139
0.780781486834	0.139898919836	-0.608940524227
-2.31670785906	-2.83956867679	-0.954947429108
0.191814384698	-0.422552191718	-0.885808606358
-1.11994963161	-3.034403362	0.838958146208
0.0550068799599	0.148120280729	0.987438416102
-2.1966262082	-1.70953988826	-0.988811787133
0.694352023263	0.67880961567	-0.238940941372
-0.899906844789	-1.53381045916	-1.13837480342
0.129320679892	0.468128349158	0.874146446808
2.1154928287	1.06581839036	-1.71237637351
0.690291237344	-0.615710641863	0.379997912024
2.61960455339	-0.361961883197	2.21010664776
-0.823534103023	0.425342287903	0.375333877074
-0.602278168807	-3.29842989006	2.02510502441
-0.407540007889	-0.864309387876	-0.294754854074
1.38964584499	-0.326611464866	-2.21761083429
-0.697647608086	0.079694633051	-0.711994789584
1.4387817327	-0.2623196986	-3.11800387594
0.496715647679	-0.56228109264	0.66114562557
1.99521527218	-0.582842532327	-3.0602305518
0.846385312567	-0.112209678889	0.520615876279
0.221429346204	-0.872991222966	-1.38284494935
0.856254465696	-0.0878082294959	-0.509036349201
0.329557663183	3.09401933256	1.99713728713
0.613098165849	-0.786738592299	-0.0717845834453
-1.11336197849	1.34555727796	0.535995404467
-0.687575135987	0.0829545183239	-0.721359120177
-1.84013908993	-2.54796138159	0.189424837714
0.0494130856502	-0.391478223919	0.91885969939
-2.38200765424	2.09873299907	1.49758701668
-0.0995772287865	0.96191946225	-0.254549255845
2.84207786048	-1.310913308	-3.00679690609
0.702306723579	0.376461718664	0.604186925046
1.44290392577	-1.86205669404	0.644031038725
0.570109438358	0.820114477931	0.0488617578734
1.943792925	-2.27762424416	-0.539887448022
0.827573387985	-0.508244299956	0.238348524353
-3.38266300515	-1.37996689394	1.39027083238
-0.491865660484	-0.458150860942	-0.740382307092
-0.660154848117	1.45197749713	-0.696116593083
-0.03287214406	0.717856612887	0.695414484663
-0.243640667965	-1.28592454627	-2.98240175729
0.461340435834	-0.688896598762	-0.559094337726
-1.81923449547	0.00808775928094	0.681798867741
-0.21658025353	-0.868730636615	0.445421232978
1.99936666457	-2.45561813924	-1.14536074436
-0.616741384801	0.583006045182	-0.52889887082
-0.0513345759419	-2.14974029772	-2.28800549931
0.699025544846	0.554480385724	0.451569252164
-3.12768505083	-1.0244726918	3.03752616541
-0.212229430427	-0.969092142185	0.125773959213
1.62079196571	2.74926979532	-2.00811828543
-0.877639971756	0.383276260699	-0.287832221896
-3.026380372	-1.35394624207	2.88286111545
0.676194379833	-0.553255959292	0.486486386439
-3.28555787544	0.891089806829	3.16857401326
0.363572441938	0.897885989789	0.248225358904
2.68714299402	2.81376575141	3.37905816749
-0.431952981306	0.726886801935	0.533902799311
3.19498168382	2.49748364853	1.88448830952
0.731733716167	0.516471407697	0.444773036116
0.0340078298843	1.54029343185	2.59872331344
0.539764547619	-0.272997500136	-0.796320662832
-1.16028196017	-0.878890408931	-0.481556779915
0.517458343322	0.442475579473	-0.732428989388
-1.37520634107	-3.20683364627	-2.31575573689
0.264235552994	0.0150958673338	0.964340026818
3.13884417445	3.16593897604	1.58097486972
-0.822598914656	0.434705807667	0.36655407021
-2.44047032444	-1.95062417911	-2.00910050078
0.623643028124	-0.691653934445	-0.364258436332
-0.744468053947	-2.1260608027	-2.66704490053
-0.281976105995	0.794662509766	0.537588105542
0.0488481865067	2.66627074457	2.05861917618
-0.481458421057	0.872581091315	0.0824622815173
1.63204347045	-1.63415609074	1.99404714856
-0.633627296608	-0.15307693351	0.758342865345
-1.88999124113	-1.98955161087	1.30016381974
-0.666218597877	0.654015313364	0.358352828547
0.936184854336	-1.02227960979	-3.14256037763
0.740616227173	0.663376920302	0.106858156725
-0.909518742974	2.37332486931	-0.648107806769
0.559249838907	0.336194524511	-0.757768341495
2.60804620539	3.28556273319	2.22812139471
0.753010526483	0.461229733066	-0.469299776627
-0.233701560954	0.282941743287	-2.92630514994
0.325423358982	-0.319400264703	0.889990510251
-1.06441835159	2.09489479967	3.33337711866
-0.771842623621	-0.472126720588	-0.425858338029
0.352228879128	-0.108145774599	3.27856922356
0.447626091922	-0.567225426614	0.691293134085
-0.980921261363	-2.27430255123	2.12428599956
0.42004816637	-0.906757239769	-0.0367538577005
-3.07160127844	1.36314744729	0.457246485198
-0.312577232261	-0.1591498782	-0.936465050144
-0.436977209876	0.3079679362	-2.48954596998
-0.482680823223	-0.863665067999	0.145264838181
-3.07811591261	0.813552013831	0.78647088086
-0.27670729767	-0.0434489722004	-0.959971488239
2.64724220093	-2.88813982741	-1.43357677116
0.87350700847	0.332109854573	0.355933351416
1.82447404921	0.459564075576	2.5723421058
0.465719938319	-0.412153075662	-0.783093085958
-1.1792013507	3.00936739597	0.667810946468
0.0578733755972	0.986535963491	0.15296229972
-2.07309300018	-1.725523709	2.78939212372
-0.770994392003	0.409493902343	0.487731884792
-2.54911893906	-1.54973222865	2.36604324818
-0.90951948306	0.150485386483	0.387464138197
-0.758093679468	-2.85609428545	1.01861456928
0.654108122665	0.508945112616	0.559568973593
-2.21276300924	-3.33784665676	0.00373179805517
0.70853760434	-0.703420691298	-0.0563364383819
2.08606479982	2.03334384547	0.0332037859747
-0.841621917715	-0.411991342501	-0.349192899878
2.34168709206	-2.88180031145	0.254953796659
0.89087592136	0.448701096621	0.0707631163282
-2.27489802803	2.45251668997	-2.80184482406
-0.817228960221	0.272020000439	-0.508076712649
0.913143821346	-1.96819641066	3.09611633454
-0.143537851413	-0.859018118488	-0.491410986163
-1.16449288793	-0.0881615471577	-0.731400716628
-0.814602164409	-0.499249488244	0.295251184974
-1.11819260436	0.732204590914	2.08132644137
-0.27370028341	-0.61410914231	-0.740241930853
0.798716374903	0.935776935647	2.49342633132
-0.734637444915	-0.630612884161	0.250270283612
1.13101181877	-1.26442921741	-1.06069356192
-0.551753531404	0.31097015869	0.77386407139
-2.73259283065	-1.32812496804	-1.67666744674
0.503227098632	0.66690531798	0.549545070083
1.60801677391	-0.571018689117	0.679716429853
0.0106618227213	0.773634991427	0.63354181044
-2.92332519963	0.369717830209	-1.42353401137
0.608343495412	0.0463260280175	0.792320699413
2.89874254549	-2.66625860602	-2.44642703375
-0.568603592275	0.590905877052	0.572293805066
1.8475565369	-2.46518481848	3.34462770663
0.514724168217	0.516132501372	-0.684592047632
2.45666328955	-2.0883871292	-2.21058688369
-0.544461525031	0.29428446842	-0.785466930817
-2.30660242904	-2.29487041311	0.824576911722
0.797209094953	-0.45637189163	-0.395199133923
-0.98953948666	0.0126815623718	-0.0583845157034
0.542410526959	-0.579345931076	0.608398810312
-0.892772689753	-3.10494566247	-0.629448676804
-0.563609804277	-0.46642485693	-0.681756438444
-0.706696571745	0.997955560263	-1.71358642548
-0.483807834178	-0.3906431289	-0.783152555657
-3.38126373921	-2.40126214929	1.47483334049
-0.545775172524	0.38383756063	-0.744847761698
0.653021228489	2.76658867129	2.8836716045
-0.524376318591	0.544526831832	0.654614394828
-1.6054070563	-1.55500079184	-2.46843235016
0.665234534361	0.505641440526	-0.549353936835
-2.53006284033	1.33776193733	-3.04476508597
0.388717003816	-0.746858391817	-0.539538352221
-1.8781528425	-0.0595243796274	-0.130324146973
-0.213383329955	0.96950676682	0.120516320832
0.0874985770413	-1.0577110307	-1.05554273643
-0.473504884749	0.284442121305	-0.833598106852
2.61512228546	-2.86508447905	-2.185104809
-0.141264223986	-0.926176796496	0.349629747954
3.22599406763	-3.09211173269	1.10724736516
-0.779776864778	0.189353724671	-0.596735459069
-2.43191598857	1.70476904731	2.95137348063
-0.300458937621	-0.354130909547	-0.885616014821
-2.55205149335	-0.300256281259	-1.60036435255
-0.8449992914	0.0299124102674	0.533930187615
3.16133790515	-2.87144422048	-0.12054920536
0.595549562415	-0.12063953105	0.794208299035
-1.93778181332	2.17274255194	-0.915075612776
0.716813681318	0.516754396482	-0.468127162202
2.84891614017	-0.724211656027	0.321864791793
-0.445266714768	-0.541771638956	-0.712896236448
-2.30868208628	-0.998923588207	-1.56646054774
0.509931945681	0.38444983768	-0.769524355093
-1.76874148858	1.1878013664	-0.397151517757
-0.890550553658	0.366112586195	-0.269965341496
-2.02754337925	-2.46846171315	0.774696910584
0.439039880518	0.00349666149268	0.898460770804
2.02287781274	-0.747622942219	0.934122206954
-0.637911601478	-0.221445890339	-0.737584236784
-2.80723880682	1.41869956089	-1.72170371576
-0.140784734706	0.941098592627	-0.307429825211
-1.9656237517	-2.51761931307	-0.663458216317
-0.628360300408	-0.488759887124	0.605208315879
-0.970923911501	0.0620603629108	2.95852208021
-0.739378179123	-0.128548375443	0.660904852008
-2.85643329147	2.61933789519	-1.98837565728
0.52761218052	-0.787165479774	-0.319367960853
1.32504578228	2.19131776544	-0.388085090889
-0.398821895401	0.67351249376	-0.622352003691
-0.216140332076	-0.73993810046	-1.22517483323
0.492265600777	0.870428718711	-0.00533141023171
3.01078959608	-2.99610356358	0.429328529011
-0.113809268466	-0.860460565207	-0.496643802069
3.24806221525	-1.35720008361	2.09870364393
0.781322249827	-0.605307025857	-0.152114911737
2.93624827417	-1.60268121171	-0.236744776158
-0.963449316573	0.121811884071	-0.23859438236
-3.21899012553	-2.70960126321	-2.18139335415
0.103292822426	0.344150630878	-0.933215374981
-2.58536357334	0.0158510231811	0.69269549874
0.769302261932	-0.136767887083	0.624074174157
-0.254978073971	-0.905613486739	-2.52698288517
0.488886689932	0.328716385977	-0.80804414607
-2.4104154729	2.26174974042	0.0409614467397
0.21998582942	0.363692954256	-0.90517051978
3.04397893796	1.4424013295	1.3974668784
-0.700847259295	-0.0792950842181	0.708890265667
0.365726019969	-1.92856532438	-2.06108356681
0.860979753225	0.117670611284	-0.494840875208
-1.42720648512	2.29139821284	-1.74681114698
0.578450139794	0.00679862007162	-0.815689410583
-1.39529524174	-2.00266252661	1.33130373329
0.0823270923689	0.240496644937	-0.967152321838
3.07021459763	2.78007568485	2.59679004483
0.487228570652	-0.703339771105	0.517611327467
3.29063297684	-0.705601459471	-0.0448343245972
0.653901525937	0.682005259088	0.32753873199
-1.12412863239	1.21558654241	3.28682493772
0.938265089228	-0.191176284392	0.288288485068
-2.13917522458	1.03722680074	0.142904461368
0.556059141336	0.347984375883	-0.754788119593
-2.41934789925	-0.38899823228	-0.936531567558
0.125811570794	0.836041376432	0.534047063046
-3.13302103473	-1.98126171346	1.25718886617
-0.938077336446	0.308980256669	-0.156659221995
1.22703996788	-0.706628459469	1.07883041009
0.486283810714	-0.267431682583	0.831870392903
-0.403945940935	2.79331739273	0.850420019445
-0.532839197213	-0.215658377277	0.818274925819
0.176189141928	2.32477586497	-2.32160782575
0.608008605502	0.0400142749399	-0.792921429548
-0.356582677638	1.93882312158	-1.42103440554
-0.0760896213025	0.966428894113	0.245408969178
2.99989432741	-2.95034901006	2.13746509618
0.650064927899	0.575987325352	-0.495635138534
1.96698897828	-2.87384705438	0.454246198919
0.515051938104	-0.856871559706	-0.0221952973102
-0.165591568396	-1.09945989145	-3.11939009795
-0.969122864682	-0.108739068756	-0.221306773678
-0.24976804763	-0.421615219793	3.33428353482
0.307004672249	0.937101194191	-0.166100821983
2.97177439202	1.68175438025	-0.151131725415
-0.647546411736	-0.654267556392	-0.390663038053
-1.33087612916	-2.47728536215	1.25597419616
0.364505483888	-0.658495221371	0.658422201666
1.82183214551	-1.26786182172	3.30686127974
-0.373090547	0.744075221999	0.554216120071
2.98292427824	-1.82306383833	-0.00735806380815
0.674804385719	-0.366593598951	0.640506185936
0.323722159823	2.70400149338	2.86822769031
-0.663788655892	-0.121902620128	-0.73791894644
-1.66588144696	-2.66909473327	-2.2789123884
-0.780773789338	-0.614491243735	0.113105266258
-1.76054681414	1.18949858965	-2.54000293698
0.661547883503	0.061328132985	-0.747390967257
-3.37094366095	3.16997229884	-1.73067115569
0.785933535897	-0.45590713584	0.417680692207
0.782677302647	2.39789023637	-2.97860320022
0.522137753956	0.664279297268	0.534888008012
-1.56705527422	-0.0529307464319	2.12548367455
-0.995576441114	-0.0737634287864	-0.0581936978811
-2.99086757165	-3.19033939472	1.66817881728
-0.276092142479	-0.711902521191	-0.645730539144
-0.0408149717677	-1.11061768787	-1.22290849381
0.689836458164	0.564421433994	0.453380751507
1.38584427173	-1.29569405686	2.75133251341
-0.0724129969753	-0.586590633564	-0.806639812112
-1.94667031577	0.494822887743	-0.158198598412
-0.670421632854	0.0699921224803	0.738671738319
-1.95586831298	-2.32114977225	-0.927049693039
-0.918846268189	0.204598513706	0.33743293204
-2.38125141827	-1.23490639469	2.56050268054
0.195409230631	0.234416270745	-0.952294200652
-0.574627358916	3.00090156507	1.55398586136
0.788716999665	0.158060424105	0.594089552821
-0.225831797769	-1.73015429787	0.598340894166
0.67706945325	-0.371501439861	0.635266586291
-2.92781239216	0.252711103877	-2.02082248281
0.107746249809	0.948775895453	-0.297010178039
-1.42425979877	0.582933577247	3.2536524307
-0.380826013892	0.498757065657	0.778596774075
-0.774912329608	-1.98812166515	0.995731476986
0.0558568616787	-0.606601641667	-0.793041272148
-2.03774711943	-1.44953258583	1.10636028074
-0.0427197898648	-0.843625602604	0.535229728421
-1.29188630194	-2.09404765232	-1.73342963507
-0.854826440368	0.517246774811	0.041563575358
-1.91021047003	-1.09892027833	2.38541978073
0.0416618787817	-0.522502183805	-0.851619490016
-1.82028275526	1.07331183355	-1.78018333259
0.267831454187	0.758157596624	-0.594527855386
-1.6242602029	2.29301501239	-2.29499986169
0.630215500268	0.759382537544	0.161760888027
-2.16458701055	0.594521290342	2.86785204849
0.0725063172796	0.260277319316	0.962807639669
2.77745297856	0.212390583027	2.16545703365
0.668166733481	0.575231310943	-0.471870909444
-1.43371839522	0.297873384921	-3.0778869222
-0.024388967638	-0.709179408331	-0.704606092123
-0.533967056409	-0.760334673815	1.25038974747
-0.209003017979	-0.294781364316	0.932427844784
-1.99498080899	1.92327027216	1.28445929747
0.957207554495	0.26899618133	-0.1067462039
1.06544559262	1.56925665069	0.206617115671
-0.707851363991	0.2719635548	-0.65190664313
-2.46946576988	-1.42475735621	1.81246245002
-0.43291501028	0.608884803886	-0.664713388966
-0.740378161307	-1.6174535585	0.493158669557
-0.638631945864	-0.673533708841	-0.372158005122
0.673933534075	3.15720122233	1.83905923342
-0.534583350834	-0.493334380427	-0.686179153064
-2.30081724594	1.51792275436	3.13594283036
-0.953977075115	-0.290322668503	-0.0751031844089
-1.5162147847	0.125277477019	2.38570307447
-0.529198298867	0.103190981121	0.842199965502
-0.718995437984	-1.53158555142	-1.78946351051
-0.503820748796	-0.653287919288	-0.565136751234
-0.281772317287	0.00129422730253	0.113528978621
0.757694959128	0.0787781342954	0.64783667268
0.848855862579	-3.36058140732	2.01856800665
0.694287704144	-0.456087862453	-0.556730137138
2.10061745967	-2.68955064054	-2.06240808113
-0.536441374092	0.607342514107	-0.585974165574
-3.33759502865	-1.98722533886	0.697409224271
-0.0641488032479	-0.97727222641	-0.202049317073
2.15878563294	2.88768058277	-0.166595757085
-0.625208562828	-0.160794761167	0.76371414662
0.804399393317	-2.51119214038	-0.589377843546
0.481899114829	-0.663965931602	0.571771357098
-1.4683240917	2.84268123606	-1.9895729134
0.682882611612	0.664236861354	0.304073561455
0.253943576845	-0.278061455826	-0.764937326071
-0.590956584034	-0.539739154278	0.599543126994
0.149224458747	-2.81985911019	3.37363892142
0.384671852602	0.0873301528008	0.918912950299
-3.13239716867	0.0123065459758	-2.52703740052
0.187383198144	0.654212972157	-0.732729775644
-0.749573217358	2.80289327948	-0.716631516694
-0.144334995029	-0.37289199144	0.916580041202
0.356546256131	0.579045205641	0.0265201322167
0.486035798929	0.105990942919	-0.867487822496
-2.23896123486	1.08179043784	-1.23554932349
0.382568827264	0.465575051107	0.798048221721
1.70999758959	-0.533639850179	-2.00559039106
-0.886495788169	-0.184348036065	0.424430228846
0.952498438861	-2.67362038045	1.21115093588
-0.441815959749	0.713391919893	0.543939910599
1.61497105999	-2.73822649862	-1.45573911107
-0.448082733136	-0.489046368448	-0.748368568135
1.45605905474	2.60032471462	0.606635633331
-0.398101026409	-0.760597128834	-0.512842646805
0.125997434264	-2.81636431021	2.90490577822
0.45934536732	-0.85299404323	0.247796278695
-1.50834692186	1.30816253833	-0.32499371358
-0.80196104416	0.375550816482	0.464564385086
-2.34542523697	2.84676618587	2.16967076885
0.432364140829	-0.381137851176	0.81718736415
-2.95674318723	-0.38994384541	0.626916774375
0.736802960267	0.67429494421	0.049474498026
-1.71546507135	-0.834266326462	-0.0844119308371
-0.166398740012	-0.0649409455872	-0.983917747024
-1.29973127746	0.602440952459	-2.72491771275
0.750304128895	0.427546597718	-0.504229730325
1.83111832345	2.39413866187	1.86591421666
-0.401830598182	-0.59617692153	0.695057730408
-0.968660204836	2.32893585135	1.74768767562
0.644574394218	-0.642099769467	0.415008116028
-3.23100343158	3.07605467572	-2.98251938274
0.572222720361	-0.443557171225	0.689795762641
-0.131904409602	-2.38829605328	-0.518933453016
-0.332581696473	0.757084030193	-0.562328361723
-0.941306425218	-1.71972779993	0.113069701496
0.537896133796	-0.267241722687	-0.799530869262
1.53196725224	-1.82224404503	-0.642395269315
-0.247642052854	0.519457459441	0.817824774318
-1.52936871429	2.13958423567	-0.463888821338
-0.0838608760719	0.0395632005579	0.995691772903
-3.38198551271	1.73530325791	-2.63775945367
-0.539276300416	-0.516774268146	0.664925129313
1.82493886645	0.991362971566	0.33777317032
-0.617325935701	0.279617313639	0.735338593455
1.37335823941	2.00391114052	1.73464658155
-0.614834843052	-0.188371813545	0.765829077295
-1.85384165271	0.0469470167249	-2.41120670311
-0.610649111929	-0.249639811744	-0.751523536885
1.79397394952	-2.75380091749	1.54693252811
0.180024609107	0.125557568532	-0.975615927043
1.60605483382	2.78412740221	2.10835043916
0.289229958951	0.41981328739	0.860292296011
-0.260152480222	-2.65900727518	-1.26490646466
-0.720857357894	0.128507494245	0.68106570424
-3.00466201238	0.356483456729	-0.754125609744
-0.576067213558	0.802438277648	0.155689999773
-1.78210049514	-2.58880160405	-2.80199376687
0.771860040567	-0.561010090998	0.29916509752
-2.52261702949	2.23948087636	-2.78457627976
0.733092881746	0.460500573809	0.500513784281
0.930537395421	2.144499589	2.18399415656
-0.685773799894	0.294483487438	-0.665577772319
2.61894458259	-0.373817493251	-1.65752738063
-0.0643465797996	0.314044579101	0.947225168587
0.154912845781	-1.36365927219	-1.6537486447
0.969715821936	-0.0992585502594	-0.223156816807
2.74065569329	-0.413188857201	-0.578280632761
-0.513479257457	0.668546334268	-0.537945026092
1.98299475902	-0.344757294041	0.690587115563
0.497049290512	0.802470895178	0.330124923618
0.951116251633	2.10132549788	-2.40307818494
-0.642522278023	0.0866116960833	0.761356379329
0.0117963620838	0.260933005029	-2.4730977585
-0.612162474833	0.685336224751	0.394425358529
-1.82006603404	2.19078872134	-1.76318766116
0.70888743444	-0.580286185295	0.40093209955
0.625936197228	2.7289429773	-0.199885126851
0.803657647714	-0.488967096132	0.339183673208
2.86302354036	-1.14952977974	-0.847104352677
-0.46702830826	0.544368934488	-0.696812042411
2.55414207998	-1.0436995196	0.035799913105
-0.728017835505	-0.683926733634	0.0472678982815
-0.110846083668	1.06413406473	1.145112132
0.794940156666	0.151120589429	0.587565072796
2.75827846503	-0.111099396769	-0.317972269753
0.452634417541	-0.624958190785	-0.636041935589
2.61469195224	-0.780902267091	0.453631489312
0.718608287574	-0.102564882549	-0.687809983861
3.28417614578	3.22859541724	0.70422563365
0.744824708019	-0.546806854993	0.38241131999
2.80907177199	-0.248678771267	-1.13150735499
-0.798083508005	0.42612864145	-0.426001285429
1.08787516846	-1.74110314531	-2.99674316246
-0.571635982394	-0.588485752668	-0.571766405571
0.421703231538	0.217785875433	0.245595074352
-0.334057722908	-0.883061099716	0.329558085826
-1.91331144002	-0.893647283438	0.450772254767
0.907191949245	0.374274434109	-0.192149460571
-1.66140191109	1.45815907519	-0.67846555598
0.931676129735	-0.363186134746	0.00868451550475
3.2279834453	1.61950741784	-0.130274849114
0.473441596257	-0.511115949399	0.717365695586
-3.01971660392	0.546944774007	-1.27250569241
-0.111459742054	-0.47668183457	-0.871981166363
-2.65793693195	0.840627977783	2.48309514619
-0.327579458761	-0.88266004581	-0.337050354885
0.723029862205	1.70909860835	-0.991153508223
0.771907098446	-0.441512465457	0.457412477109
-2.50916905356	1.67617499609	-2.71108803183
-0.749379390272	-0.320081375528	-0.579636474417
1.34747634467	-0.00496925524635	0.330674266987
0.502325676637	-0.185560310974	0.844533176129
-1.29676642195	1.37945735639	-2.60182967603
-0.944824204419	0.294118446583	0.144227466602
3.26152680954	1.1303005494	2.46289011752
0.706104383787	-0.508913331525	-0.49236553514
2.59278170223	1.98194843607	-3.21186962646
-0.187979731451	0.577322711001	-0.79458297737
-0.0184504812547	-0.383702904899	0.810560442805
0.89628068213	0.443477717878	-0.00290733303858
-2.00976491786	2.56785544581	-0.788296039655
-0.776983181247	0.0533343272606	-0.627257989662
-2.29044986658	2.50580632527	2.56006299759
-0.505407124267	-0.167134081659	-0.846539920788
2.48711032453	0.437438492157	1.81400620648
-0.476575261834	0.271135127846	0.836278519547
-1.00876906721	-3.13399785288	3.37337074539
-0.540587545909	-0.830475619969	0.134444597681
1.84030396154	-0.259043955907	-0.55467103943
-0.520207142604	0.578796604188	0.627996034831
-2.87339208198	-3.25665083515	-1.82129427014
-0.547464931468	-0.49617280803	-0.673865486121
-2.26270418723	-0.122373398931	-0.400336130831
0.0916137960495	-0.97994749372	-0.176945816353
-1.57531844836	2.46856907139	2.53448103963
-0.536591723138	0.544927870796	-0.644300347889
3.12210239161	-1.94855610291	1.46249506291
0.577632745388	0.421089974661	-0.699302255606
1.97067685729	1.9744876896	-1.59544241733
0.863266815811	0.495392255695	-0.0967311620807
0.401366105639	-0.178080526958	2.03459110729
-0.11924654815	0.881287724035	-0.457287883307
2.53759897477	2.65816197949	0.541136424595
-0.651799103096	0.726926045166	0.21618615604
-2.99441362085	-0.698364002884	3.19579337043
0.215694754424	0.240295860207	-0.946432074943
-2.18603092189	-1.87033437048	-1.52249713895
-0.757816431817	0.207740869121	-0.618512721749
-1.26594025472	-0.312243141595	-2.08312254597
0.189020716	0.977299240225	-0.095694116736
3.02508827397	-1.11669987333	-0.0302691611255
0.989286152467	0.0149714949295	0.14521970554
-3.37775752394	-1.50610975901	-2.1606875194
0.722152789099	0.627296029103	0.29153909012
-0.216320133944	1.65142737253	-0.223944216903
-0.404673041861	-0.489981027614	0.772112894446
-3.19300149074	0.230797823241	-2.42621753554
0.619330117409	-0.54403531738	-0.566088137231
-1.41272905623	-1.93184767867	-1.35538795754
0.0910842979876	0.531375510701	-0.842225455141
-2.01086018037	-1.21001123377	-0.287463310397
0.914740125922	-0.0780828046601	0.396426005257
-2.8720682706	-2.63515295062	1.38872985456
0.357855204662	0.215887468575	0.9084779873
2.14942001143	-0.222469621263	1.35170396186
0.269924977994	0.123744889647	0.954896700456
1.01499783598	0.683666948303	-1.98495862182
-0.420000898475	0.843587563851	0.334603149114
3.04067042434	1.11228482032	-3.00552660763
-0.670358622592	-0.0444972597979	0.740701904269
-1.54906915687	1.62658101496	1.28035965876
-0.547132796164	0.462113519795	0.697923203644
-2.72929896761	-3.12215842745	-0.775682654084
0.750266972574	0.629152312975	0.203142405574
3.16063374352	-2.02869174328	-1.25556923207
-0.448827992063	-0.497657409937	-0.742220005036
-0.8045846795	-2.55156161822	-1.9553194451
0.0207308830299	0.74335701372	0.668573541686
1.57531458029	-1.53008990553	-0.25798710346
0.918480218088	-0.238266837576	-0.3156311187
-2.06482466975	-0.273711966477	-2.16105309209
0.689241418012	0.567188535159	-0.450825280215
1.57888166161	2.50362451196	-0.230575142624
0.753507063878	-0.656219023519	-0.0400461965606
-2.76884054034	-2.01901622868	1.40651854393
-0.778403491374	0.047756601436	-0.625945134686
2.16002089355	-2.07130735774	-3.26910253998
0.664458551667	-0.298951854551	-0.684925267293
2.28500821103	-0.239059615826	0.896174617785
-0.879809708402	-0.355636554129	-0.31536886081
-1.26747391545	-1.95956972279	-3.36132894658
0.235759002743	-0.951797600915	-0.196211670191
0.00695975594951	2.78118734514	1.12578253087
0.589268045612	0.781221178477	-0.206050092743
0.671735024211	-3.37311246466	1.89812674544
-0.693729197995	0.708580237951	0.129049782001
-2.66961458656	-1.28393826336	-3.21987322864
0.783245261123	-0.618177072464	-0.0662115398378
2.09304233145	1.06766289698	0.871405256726
0.783256951479	0.294755478878	0.547382640967
-1.63787408973	-1.12916020071	1.72147560894
0.257520482666	-0.408142747044	0.875843992411
3.37793812167	1.58157400834	0.984810214502
0.287541904806	0.869552647189	0.40149451646
-0.943559938029	2.83708241882	-1.71568506429
0.0327506591156	-0.485337034603	-0.873713544115
-2.52715268179	2.13585851665	-2.60884006427
0.194036847723	-0.144177830573	-0.970341411513
1.98257174251	1.72420132641	-0.86157759274
0.3288595351	-0.123047211024	-0.936328355884
2.54052820653	2.63924080423	1.88395810568
0.265096645092	-0.951862683246	-0.15388697477
2.48869462445	-2.52638452428	-2.80722913904
0.639164764167	-0.765599267837	0.0729805819035
-0.721728887748	3.22472555805	2.37542171897
-0.567415021504	0.786723692921	0.243117305779
-2.58961824926	0.697027585541	-0.594248074908
-0.582583928457	-0.729303264671	-0.358765542442
1.7878110455	-0.00430808127469	-3.36356656271
-0.585065801311	-0.673425866407	-0.451880084304
-1.6721187119	-0.602294777425	-3.23242612235
0.0399694818873	-0.528932541169	-0.847722128655
-2.33838002247	-2.06964593281	-2.15505804217
0.735406047671	0.617163558716	0.279798296711
-2.7300463156	-0.641838814521	-2.77448351233
0.618661152924	0.292571552237	0.729150371792
-3.24397893758	-0.132871734369	-1.00320047183
-0.700254266219	0.672784077033	0.238758347151
-0.303351061605	-1.60580760827	1.89538197404
-0.768412609281	-0.623097448844	0.145916521141
-0.287387466548	-1.0678285681	1.60872728248
0.260246898194	-0.374223912667	-0.890071915729
-2.61753844477	-2.75134289228	-3.23642895246
0.381086178356	0.339950499172	-0.859771471252
0.305479323705	-3.12508684564	0.386240847574
0.57925366656	-0.253169512909	-0.774835716465
-3.01547938103	-0.106144092883	-3.1489563881
-0.364110663366	-0.652390821623	0.664687626396
-2.8303076379	-3.07145916784	-0.037898996719
-0.317965018687	0.135141353368	-0.938421579836
0.725435134954	-2.42991105735	2.33963645172
-0.242439749189	0.761340590003	-0.601318113836
-2.01561052617	2.32514745571	-0.693209498985
0.787730751804	0.0423827971886	0.614559973611
0.933189933019	2.92400100061	-0.399784086347
-0.400014225252	-0.817357241896	0.414627252742
-3.24711559586	0.354496087913	2.60051033592
-0.861499338052	-0.180007870834	0.47478000903
-0.800183094581	-2.62190000004	1.4131653921
0.485330376253	0.803475791436	0.344791354971
2.02550633697	-2.2886060453	0.205769401967
-0.401935028375	0.673588987167	0.620262935643
1.93975762708	1.59391961664	-1.99083466808
0.602479667722	-0.302026550639	0.738781573058
0.76853216841	2.53556028961	1.60666285882
-0.470092623646	0.873940537423	0.123453887111
2.1781708493	-1.26033832185	-1.01267720777
-0.605117493087	0.569473307611	-0.556356874209
-2.56427444804	1.92351333321	-2.81814409517
0.94482051271	0.307330892976	0.113410409508
-1.75168956212	-0.827287591255	1.63501070519
-0.323542775784	0.725959763274	0.60687930789
-0.257234776421	1.71887202818	2.85555918922
0.813542399708	-0.51782788679	0.264580882792
2.58593242461	-2.31149511442	-2.04114720367
-0.227546470669	-0.027331467464	0.97338358039
-1.6883287558	0.57072241754	-3.30168700153
0.337682698719	0.740239218408	0.581391687691
0.37150048349	0.90196041661	1.33290327643
0.667275802881	-0.0697024243798	-0.741542025057
-2.00240002518	1.62843864897	1.66415543429
-0.944595446855	-0.244468326867	-0.21903122823
-1.96004544979	3.24609090519	2.21358255537
-0.0115399244563	-0.714332418421	0.699711387742
0.250934449535	1.14221285938	3.25107716643
0.691111452858	0.398747772242	-0.602797788533
3.1153800141	1.51479183821	-1.67222639478
-0.562029556612	0.709808616241	-0.424611005281
0.979364932063	-2.45338212939	-3.05358489718
-0.193431010389	0.287556156315	0.938027665469
0.476135116836	3.17245217569	-0.149952845306
0.769171795862	-0.573953096528	0.280985037745
-0.205398804233	-1.07893233796	0.84655681587
0.833580426349	-0.541307155361	0.110137352258
0.668681117841	0.375647440863	1.30813641383
-0.277455369934	0.480090112119	-0.832185076735
1.10042391392	2.94987885914	-1.12645707334
-0.031869430655	0.619688147739	0.784200828195
1.05719441095	0.390365993667	2.83511510595
-0.865309557087	0.186925531432	0.46507872034
1.86732540393	-2.94977513715	1.02362558817
0.478769244635	0.585118294066	-0.6545354019
1.38648986189	-0.386647480304	0.365648315024
0.89431254046	-0.281842109134	0.347519935392
2.77313369846	0.811534966797	-2.31380114569
0.651715297111	0.587647960985	0.479517513197
-2.65987925449	-0.54111342916	-1.16622859906
0.80998741025	0.469000028088	-0.352078640207
-1.25155393461	2.93564092618	-2.30785947782
-0.521143205241	-0.647200110016	0.556364787911
0.533393408856	1.21505550815	-1.8027858685
-0.471689166781	-0.837143176644	0.276948789019
-2.86875293103	1.03186062563	0.684353371238
-0.825501733303	-0.429029476204	-0.366715962104
0.9032717501	-2.74491984176	0.337558079172
0.253318484851	-0.144282205655	-0.956562800011
1.13923565154	-1.00552755007	-0.435229157573
-0.732309389339	0.307520438169	-0.607580561239
2.83277357049	2.99428735432	-0.743240295552
-0.529910324203	-0.616546465526	-0.582293314533
-2.92874459485	-2.94905056946	2.89597751868
0.228316683023	-0.671510960228	-0.704942921482
-3.11223952251	0.960106264995	-2.55019610663
0.690898157866	-0.587091768873	0.421880303379
1.56418720042	0.322675723362	-1.45186437199
0.944419185181	-0.258218762112	0.203458776059
-3.25431834035	-2.47786770166	3.14866546006
0.221679642707	-0.116476133205	0.968138133947
2.51626262029	-1.32743878564	-0.854451620906
0.355605950552	0.884635678291	-0.301602593866
0.724846527897	0.195328258444	0.809461261015
-0.0212637287977	0.865544564365	-0.500380316296
-0.152444104303	-1.53826864093	0.607076623065
0.0725770608341	0.914087312635	-0.398969867434
-0.796826372516	-2.22908407753	-3.09279925384
0.468244098531	-0.874052684909	-0.129535200596
-2.05055197141	1.57533822463	-1.29272444263
-0.374933014668	0.870975021188	0.317533851704
-1.51933368665	0.134902318676	-0.304340100119
0.731349690049	-0.651021567752	-0.203220444805
0.0979170287252	0.705840777373	2.13138588473
-0.207698009701	0.724543415935	-0.657189755847
2.32979581256	-1.25787813212	-0.226785403681
-0.87666470443	0.288489103955	-0.385010432204
2.97019302388	2.20756451769	-1.32030979108
-0.480837325492	-0.662896315756	-0.573902379304
-0.807603019671	1.22218402446	-0.284704309284
-0.672156874865	0.703605458291	-0.230530897355
-1.8890407954	-1.15124596719	2.19146771152
0.393060950232	0.895484920677	-0.208829706322
-1.91050188792	3.36317690158	-0.82782341991
-0.771911407648	-0.102067195832	-0.627483120313
-2.16977082188	1.93804280311	0.388850185132
-0.729405487357	-0.68406974243	0.00402771708489
2.44112906497	3.23713085725	2.61606344455
0.884934569856	0.223065176764	-0.408818705529
1.52882380408	-1.32508740985	-0.348271280751
-0.194751090647	0.908893377649	-0.368761224586
2.29123328075	0.244081894796	2.33723777987
0.565836888155	-0.632289566898	-0.529186658557
-3.22784801249	-2.77056291056	2.84410605826
0.917213690264	-0.258293710857	-0.30332063122
0.647467623583	-2.72341051336	-2.97073189463
-0.098408637249	0.88035777435	-0.463989147779
1.73538539143	3.20078398426	-2.84178526201
0.675265429521	0.687108556877	-0.2681388274
3.04538418984	-2.57188714733	-0.462365844047
-0.0703054266291	0.711353845006	0.699308840343
-0.228312003166	0.612010553813	1.54634735093
-0.781859817623	-0.618437367192	0.0789331897682
-1.19822324672	-1.50314197004	2.34357756937
0.244389930009	0.883796339113	-0.398970666942
0.839633530799	3.05820626823	1.90106824103
0.663373833562	0.208228416715	-0.718732275202
2.31687909459	2.473670491	1.07483448215
0.740309722095	-0.0316493068552	-0.671520540822
0.459364351339	-0.107511916949	0.572097935663
-0.641733364592	-0.248223049999	-0.725647025914
-0.208128478605	1.60544481036	-1.1384583505
-0.626204131065	-0.101306000044	-0.773049468399
-0.320179937531	1.22782896408	0.764561609158
0.73108588853	-0.518927595086	0.442975817229
-0.0360680664223	-0.310956707146	3.09933703406
-0.0412200554996	0.162314558472	-0.985877726259
-2.0969643075	0.417758573415	1.70675058792
0.720701640883	0.560478284491	-0.407986810379
-1.62847842497	1.56604130762	3.07049640848
0.336145476905	0.782141780419	0.524652698152
-0.688871023712	0.505545074244	0.374116570268
-0.851003091397	-0.16576935776	-0.498311407114
-0.512225693243	1.87046721587	1.45217497897
-0.396792680525	-0.802329713945	-0.445895277844
2.0604537803	0.924196633473	-2.4958614386
-0.276599242217	-0.809598390189	-0.517728988765
2.37620283025	-1.88367703717	2.12008166302
0.35298444086	0.475193146537	-0.805973608746
-2.8621435214	-0.623472606016	1.5739677639
0.695002055428	-0.0218495927946	0.718675683633
-1.15229924855	1.54590221318	-2.19067277249
0.904421638766	0.143989109518	-0.401607564262
0.903846897398	-0.410588042109	2.24039647513
0.756704016232	-0.651707062667	-0.0517391175957
2.71775283289	-2.40575665047	0.729063201203
-0.893789656883	0.264708849209	-0.362034907708
-0.506783492277	3.17252899848	-1.20428319759
-0.110139855573	-0.777373926429	-0.619321395338
-2.25473049892	2.01290179187	-0.254435075129
0.861983948297	0.329372757498	-0.385353421545
1.15967217663	2.53689806472	-0.586933640951
-0.936761791328	0.229583485735	0.26413778485
1.28156570932	2.94206552363	0.803326077833
-0.716433889345	-0.69431009224	-0.0682347273092
0.899871366764	2.85194498576	-1.9164194289
-0.896152794615	-0.437812059523	-0.0723240571266
2.45167923679	-2.7992779576	1.91846618226
-0.0536809409654	0.993764232036	0.0977292571508
0.424819984852	2.37203354367	1.91106768493
0.335421400555	-0.461862632961	-0.821081842647
0.331084651473	-2.38330274098	1.26874351115
0.834296972006	-0.550749813451	0.0249640839081
-1.90843970564	2.57370118446	2.61938676846
0.585408506919	0.293767147951	0.755643925941
-0.766438611266	-1.57260045993	0.923537860933
0.437579159077	-0.788880412633	-0.431499912058
-1.9174221831	2.11763621019	-2.30019449094
-0.126302672242	0.433677093632	0.892172524483
2.29707311433	1.64552020468	1.02822040947
0.487428780429	-0.631552125441	0.602955302539
-3.2274670714	1.32299420108	-2.1891831541
0.315484411099	0.71644654295	-0.622233025039
-2.89797622269	1.24636236938	0.476063812379
0.776584297369	0.565302771859	0.278117969948
2.28075676526	0.841225175251	2.83549114277
0.791914199535	0.11462458401	0.599777546525
1.86361580794	0.0417189475821	1.72592665107
-0.492469836937	0.660970344448	-0.566208145003
2.42805625323	-1.71789857007	-2.70050773735
-0.676485207171	0.591841012106	-0.438282991762
1.00596418918	1.61614965	-1.72441705983
0.911170102218	-0.410191881433	0.0388801392799
-2.32630366661	1.54090582199	-3.28109452717
-0.236783305533	-0.405990600146	0.882669416494
2.17709979599	2.32268440663	0.371922659397
-0.012412398783	0.842160868099	-0.539083485742
-0.38236017248	1.64634196386	2.99912873832
0.720676028347	0.413978719728	-0.556100424184
2.82690733772	0.57386437529	1.69075077308
0.784735248467	-0.0985050489402	-0.611953711605
-0.940898688708	0.436976156421	0.170010868523
-0.30517370992	0.557081337662	-0.772353151092
-0.800961177386	-0.935653451597	-3.2132699491
-0.351157346226	0.933726249454	0.0695974803613
-0.121966600799	-2.38605508801	0.887294588262
-0.683998813819	0.0653562301357	0.726549506831
0.187560426076	0.0129954704626	3.32253642731
-0.157266700337	0.66975333761	0.725739382785
1.99606183712	1.61699889251	-0.0973951165286
-0.766222366479	-0.642129113565	0.0239475806535
2.5108464997	1.89489551083	-2.07017785571
-0.522601617273	-0.132406824568	-0.8422327365
-1.00618199722	-1.45761705174	0.35486560292
-0.875225589492	0.475659722544	0.0879090202808
2.39519592141	1.65840064393	0.556224075051
0.620561000349	0.486321186503	0.615138804177
0.295684903658	-1.02245623917	0.43664215372
-0.643993034005	-0.699349257774	0.310134789734
1.63750887372	3.3851980729	-3.17904614397
-0.0526264304638	-0.734728825144	-0.676316503065
-0.303561200746	2.71603709825	-2.73930158922
0.342704936981	-0.612981761525	-0.711903565243
-0.565649984912	-2.63986825795	-2.600541158
-0.29046182959	-0.874769339926	-0.387827961186
-0.497897033101	-1.4251744459	1.79151186322
-0.700651167308	0.503911356235	-0.505134919409
-2.65862293611	-2.226314107	3.11382453345
0.78416677616	0.170905256009	0.596551641214
0.577329784991	-1.41236915352	3.13314008446
-0.321726979391	0.020520296489	-0.946610092997
0.546992269809	-0.73008760788	2.2864439399
-0.830411905286	0.388807004259	0.39905536082
-1.48198280023	-1.26512071291	3.21893209407
-0.175680470666	0.967856350477	0.179973489905
-2.04837279812	-0.771033567726	2.38361018191
0.167923492147	-0.957941789715	0.23269986743
2.00183843713	0.644728630775	0.84239682592
-0.0259253963757	0.792607214319	-0.609181153379
1.3579289422	0.865495192309	-1.39432057445
-0.666536084775	-0.447155796549	-0.59647409106
-2.47384383356	-2.60731441024	0.340333892763
-0.363599322655	-0.527316339957	0.767940759551
0.0783767404809	-0.545445106501	1.79146146316
-0.0376979377889	-0.800466014305	0.598191462184
-0.873928420938	0.596597777289	2.80079222279
0.171591235725	0.703968302458	0.689191611206
1.18531042896	-0.674882096989	-0.26250958896
-0.364672163949	-0.5388832081	0.759354397412
-0.440021738961	-2.89211169171	-0.274459619006
0.939440636287	-0.0466093009544	-0.339527412674
-0.131669732727	-1.48588563639	-3.36940462486
-0.166783859812	0.878643850627	-0.447401528675
-1.94816902789	2.20381355136	-0.281629378827
-0.39938740918	-0.682674523995	0.61191926892
-1.46184593655	-1.12480808072	-1.96424599225
-0.0564228172844	-0.177543204865	-0.982494211737
1.77321056067	-2.17929343788	-2.62222974108
-0.4073356662	-0.520933881756	0.750137018071
2.50842396585	2.43968818854	-2.63488316248
-0.80654211585	-0.489042844559	-0.33215495111
-2.09250550091	-0.874569194995	-3.35414279906
0.297870150459	-0.91027723567	-0.287521699507
3.32505846865	-0.927089856576	-0.661354350536
-0.239494586532	-0.970559266636	0.025633044458
0.315283373813	1.79657245918	-1.92670351225
-0.316773675436	-0.053818316663	-0.946973086915
-0.374264575716	-1.75553400117	2.76477656618
0.177759953522	-0.385282564598	-0.9055157339
2.71990098299	0.360567217938	0.573977091265
0.8610012708	-0.367313141372	-0.351792364692
-1.5079080499	-0.895736043151	0.307271557901
0.645158000281	0.174472018498	-0.74386199623
2.33837687816	1.16207642413	1.01821974566
0.580790116966	0.508138455063	0.635985967236
-2.26718144255	-1.23474297928	-2.35608436757
-0.218801692753	-0.0807812569508	0.972419769325
2.63244392371	2.14506785884	0.973459831297
-0.252697310084	-0.91911904607	-0.302265195859
-2.78677406667	-2.50369275065	-1.95699641904
0.476692475705	-0.69110462887	0.543266670762
-0.0703986917531	0.141313894794	2.4044799645
-0.692771435365	-0.555445557597	0.45994344314
0.921689219785	-1.14862307145	2.11493408036
-0.2307999915	-0.353685341798	-0.906442520472
-2.51095946317	-0.843190906176	2.54619248622
0.468392547514	0.860180670606	-0.201736549361
-3.15708828694	-2.14271903393	1.61142437953
0.538872239373	0.0641060968142	0.839944711266
-2.22245781653	-0.605770546218	-2.8354342232
0.401827837	0.0344150805178	-0.915068298896
-3.34999040045	2.01005032338	-0.496619331032
-0.651818153155	0.437172283362	0.619688219896
-0.366510637072	-2.49943588833	0.136209505368
0.352665136687	-0.932546985851	0.0773525729769
-1.08502434244	0.0879556618691	1.81407153346
0.307811517456	-0.945147292597	0.109309949312
2.89765424338	-1.50473070039	-3.01825016413
0.546977048814	-0.837100191598	-0.00890939371388
-1.58258501944	-2.19776752187	0.680182984861
-0.498506925223	0.86184963767	0.0933062031874
1.22123411182	-2.35564730417	1.40884313849
-0.748212878577	-0.338481987125	0.570620217591
0.894014833844	2.18766161741	1.90174825964
0.706654985227	-0.280853721155	0.649430457529
1.1897020904	-2.19943042841	2.16113755253
0.405026466542	-0.295603228788	-0.865200723839
3.17342216906	2.17874860955	3.2572015811
-0.273719913175	-0.837966803772	-0.472111263271
-1.93898108647	1.90785117651	3.20418374454
0.0626729500223	-0.824911915136	-0.561776141894
-0.611324136951	1.39383437962	-1.5271518437
0.625657525635	-0.15022562623	0.76549651981
0.215928158189	-2.1721323546	-0.932471253544
-0.86942159477	0.293862275656	-0.397178868387
-2.87768366095	-1.02914360775	-0.809117788722
0.904313305442	-0.124377631219	-0.408347462896
-0.0204610522049	3.03973134371	-0.357371552641
0.295264292861	0.562926811138	0.771966581313
-1.89221690712	-1.55253535293	1.00783907932
0.189882056936	-0.728670761517	-0.658014989011
-2.56758288713	0.34846646553	0.108024917543
-0.979577912472	-0.152454390218	-0.13109070257
0.748290440315	3.32334302466	-1.87932890153
0.924822397375	0.322912447111	0.201074823917
-3.36053666763	1.44477190528	-3.04238485002
0.940983911871	0.227170234976	-0.250884359699
-2.88192382417	1.49481923575	-0.586841862576
-0.141620720942	0.52791296993	-0.837407587487
3.22674895495	-0.710587744456	1.08683687643
0.798974128309	-0.588567527011	-0.123404248062
-0.952796883653	-1.29793541751	1.35306201149
0.559887736805	0.509828671957	-0.653146574228
-1.17117217909	0.388371401634	2.35603859224
0.402623558738	0.620513768941	0.672946455897
-1.53856622588	0.127627567748	-3.00791893395
-0.315094069673	-0.825753184212	0.467811293173
0.830623947898	3.00701676387	-2.18553140464
-0.846895095045	0.493533018231	0.197974386989
-3.18245403945	1.57164873248	-2.36129217789
0.64322611067	-0.259106102207	0.720502740002
-0.0453628549554	1.30820369329	2.11646882483
0.270428574525	0.642807015625	-0.716706025329
1.48011520259	-2.85544110228	2.08461082641
-0.89652574203	-0.430792126868	-0.103246003824
-2.2427663008	3.12893124021	1.13535953643
-0.519885328734	-0.600391873913	0.607658491841
0.620153199354	-2.10660718566	1.74987085803
0.983811930504	-0.0806131477041	-0.16004876074
-1.77761609723	-0.86662964538	0.230079568639
0.357026227067	-0.751675160493	-0.554541906697
1.91921541813	2.02399032899	-1.92037403094
0.591677736585	-0.783739138946	0.188866138083
-1.42974093007	2.46572938185	-2.5197491957
0.502214564053	-0.112195151782	-0.857433833931
-1.10052710297	0.584384021459	1.13118207759
0.0331979317566	0.948887440348	0.313863860417
1.51556792532	-1.85948526306	-0.0928137448782
0.640539865851	0.595776974466	0.484518809698
1.19763169001	0.479599517591	0.85394086468
0.0754093186368	0.204353434446	0.975988272723
0.571107702883	1.57353085768	-1.33919440519
-0.544461558728	0.557063213432	-0.627090254515
-2.61843880029	-1.6546440468	2.86120060063
-0.4938416102	-0.580697899489	0.647232889742
-3.00501734659	0.302890725697	0.848347479424
-0.774544480614	-0.383276727126	-0.503169750674
-2.78176309572	2.79886226095	-0.459280169994
-0.856250057077	0.406104243736	0.319241574634
2.96569588615	-2.15411944495	3.23397821722
-0.489145502244	0.384753781962	-0.782752326666
1.65899134687	1.53827619496	0.637669218897
-0.236452165538	0.179056823424	-0.955002108583
1.07726980561	-2.5745644064	-0.697674656134
-0.673704459396	-0.734480286193	0.0816150144558
3.14817930971	2.40380198042	-1.87198105463
0.775341441853	-0.558786442144	0.294284489264
-0.087178624326	-1.10375069227	-0.488244115948
0.744499058323	0.479515408145	-0.464527852241
-0.72582122732	-0.860096787382	2.94313688617
-0.318172708276	-0.621855338221	-0.715585121446
2.13188052231	-1.83597337086	3.30013994209
-0.579528151832	-0.504673771532	0.639883978204
-0.706325749635	2.62886352797	0.516932611528
-0.436999596919	-0.821801613711	0.365613812643
0.432409534097	1.9865879809	1.31558821748
0.817525816113	-0.39032451985	0.423436310669
2.17627279484	0.912480180454	-0.0238785761471
0.342596731509	-0.128339970352	0.930675201974
-0.169223518926	0.507385760472	-0.753882931801
0.90411486687	0.383759260431	-0.187896613961
0.183783777365	2.96260845998	-2.86246685036
0.617097211028	-0.592419156138	0.517909814141
0.963718862202	-0.640551051031	2.43655977734
-0.679263355367	0.194779573433	0.707574880722
0.448631131185	-1.64307954442	-2.24145642325
-0.512945568665	-0.117791042114	-0.850301190159
-1.49996272695	-3.29062296911	2.64818195225
-0.496550039385	0.323969686327	0.805283615087
0.803719504323	0.431382993652	-1.47860285086
-0.37409556624	-0.377884982151	-0.846909350276
-0.289109911365	3.19476812367	2.70626898382
-0.312355372458	0.562713384002	0.765367734335
2.90426938156	3.17276669348	3.38898690569
-0.356917329439	0.588696131029	0.725290896991
0.380609525159	-0.461941595097	-3.21725801029
0.358426967602	0.685994285575	0.633199770257
1.90878467106	-0.482326336396	0.511298247388
-0.525308674974	0.656739476684	0.541058273905
1.03388874791	0.587859705277	1.46145155596
-0.501123447254	0.188020220091	0.84470331327
2.51771669954	0.76201801361	3.05478375573
-0.409083546341	-0.804943439753	-0.42978682031
2.44219929282	2.62345203399	-1.086116027
0.886912456577	0.153244334587	-0.435778003445
-3.13399720044	1.40489985561	-0.259246440016
0.606575299671	-0.786079377339	-0.118935353666
-0.64327803771	0.434817017604	-0.490640670999
-0.478611352893	-0.699719466599	-0.530399699231
2.75853418419	1.21179537078	-0.637802636784
-0.852756135803	-0.521103089163	0.0354759540443
1.79868658258	2.7262840623	-2.9433834986
0.552064335638	-0.386740174868	0.738685999908
3.13219805101	3.20233412887	2.45026999133
-0.888364488156	0.381250031308	0.255845558514
-1.029044878	1.10123135116	0.166344928383
-0.522800606127	-0.8269525582	-0.206951667595
0.386809785832	1.09495133906	1.24466989684
-0.777524296737	-0.471398496038	-0.416220405455
0.49152905877	1.82878613077	0.357061160724
-0.766729798561	-0.542948690768	-0.342537786517
-0.527347939462	1.64437771959	-2.12528366553
0.502475548508	0.288273404572	-0.815117640202
-2.6769085286	1.57415353388	-1.70287937641
-0.189111627456	0.824665827653	-0.533069474893
1.97290558461	1.32862543505	-1.63094553196
0.0281375718464	-0.582227677701	0.812538742688
1.80553995347	2.95887883829	0.720154097689
-0.365391857931	-0.173071931136	0.91462281669
2.20401923763	1.89556134765	-3.15673173844
-0.811404423911	-0.583687277494	0.0305290509189
2.95587071912	1.81396274492	-0.734970137509
0.912899258533	-0.407292910395	-0.0269708900747
1.32186205555	3.33468604918	2.36227113123
-0.521641838498	-0.00277161994654	-0.85316007317
-0.942968688387	0.868587831453	2.11104092645
0.887134823284	-0.458201381563	0.0551661059916
1.77128027072	-0.181299772748	-1.24789950956
-0.472323966823	-0.573266078437	-0.669534221439
2.02965569925	3.35660823799	1.52269294683
-0.958751412756	-0.283419090173	0.0216644377882
-1.52161207781	2.56484002605	-1.78782379386
-0.510307146004	-0.348488479435	-0.786220323089
1.78324750262	-0.616927145483	-1.0383134971
0.913099496138	-0.203986128008	-0.353042447494
1.14075183982	0.447501201241	-1.62793644129
0.153096086099	-0.517011116236	-0.842176403202
-0.621614137364	0.739062865556	-2.48944632957
0.655074698212	-0.647085632632	0.390073485132
-1.6230548843	-1.76663616328	1.75726525978
-0.652721158603	-0.72610370014	-0.216167772239
3.28388600628	-0.547381473127	0.578241382649
0.314582502706	0.221659075731	0.922987054696
-0.671711299797	3.29318784752	0.704968652442
-0.764382428268	-0.515451502152	-0.387336097317
-3.13125730172	2.26302338557	-0.554364441028
0.603300016076	-0.289330846636	0.743180161057
-2.79515547164	3.03047160498	-2.18612838814
0.679390717969	0.560773912005	0.473245044298
1.82174768257	2.81758255536	3.27059281056
0.504004580973	-0.106226216997	0.857143729593
2.44155591731	-2.58149346915	-2.99715427288
0.81991943407	-0.502982037869	-0.273388352376
2.66350897659	-2.16556378426	2.74923941704
0.563359106864	0.40337543359	-0.72105116066
0.335059244721	-1.94390724567	0.0925156580023
-0.660422531282	-0.730274918851	-0.174758756784
1.2027222504	-0.718784782014	1.59490934097
0.723232795538	-0.445899516082	-0.52735940782
-2.45099926373	-2.11020021034	1.61076048366
0.181069231564	0.618653729453	0.764513895501
-0.459739988217	-1.12253359047	-1.26392494021
-0.71669869802	-0.0702254447974	-0.693838139021
0.874388542984	-3.08787968342	-2.6899798737
0.458916755936	0.490651485047	0.740713528527
2.20645587571	-0.364251488993	-3.25478195206
-0.798441437625	0.565826983053	0.205745220923
-2.69574829144	-0.214867152364	0.638153289902
-0.466148161893	-0.135406545872	0.874283111183
-2.14876238234	1.07994799307	-2.05985644017
0.356740564022	-0.657508909945	-0.663640115819
2.19318952382	3.24435611497	0.807089135406
0.437427069756	-0.893457030728	-0.101941615092
2.45955588885	-2.74716267495	-0.987810359146
-0.590144934503	-0.557870315141	-0.583532062328
3.18239072838	-1.35021728363	0.470039660514
0.838233253185	0.541741404847	-0.0622997875568
2.97321961275	0.186118434471	0.964108949109
-0.399013220635	-0.838204873405	0.37175400463
0.929278783702	-1.36658275141	-0.550275526391
-0.763730237836	0.616729723867	-0.190684481575
1.53645497147	-1.78845525404	3.0217143508
0.2610152521	-0.956032819043	0.133687273453
0.0134912995243	-2.45779297684	-2.97968977615
0.802422570866	0.464729847149	0.374358366987
-1.22275083275	2.85419977681	2.67326647269
0.20246412633	-0.89680197399	0.393388481018
-0.521428658988	-0.5187933626	0.310672813659
0.97533206129	0.176027453467	-0.1331979949
2.06819408723	0.985692767746	0.689938755205
-0.430676044843	-0.794036383055	0.42898061353
-1.82934555998	3.29528814959	2.37738818546
-0.73828297095	0.391760886916	0.549055245205
2.92317438927	1.47954486721	-2.88264977197
-0.0206279932999	-0.998607751931	0.0485493941951
-1.95016391582	1.81416937588	-2.34299731242
-0.156645388249	-0.545612729205	-0.823267254341
-0.195118478994	-1.69502322417	-1.50150301688
0.577393480986	0.760215282597	0.297807810879
-1.54916827731	3.18029460116	-2.02338924277
0.136728460449	0.990568367112	-0.00892402269413
-1.30425988163	1.42117662673	-0.926852564034
-0.35866069538	-0.907638018039	0.2180727718
1.22255233592	3.02126623752	2.34090215399
-0.754338574699	-0.181983697976	-0.630757678028
-0.951866901677	0.833435699773	0.340077279455
-0.719373438129	0.10793675406	-0.686186209157
1.6330400459	2.78904889267	-0.718131548815
-0.357413773177	-0.805712623483	0.472316168582
0.59211228248	-2.98813246415	-0.690060003938
-0.39426116613	-0.256699792243	0.882419032855
-1.63342491006	1.41251536196	2.50829259241
0.57545145184	0.750537003243	-0.3248843384
-1.63147717597	-2.0122333181	-3.20756410608
0.17817957903	0.932491003773	-0.314185559025
-2.35910293734	-1.0599049047	0.420264485922
-0.704756240609	0.188767878423	0.683875229408
-0.0559657972068	1.28017826955	1.06236860873
-0.91411074802	0.258088796086	-0.312716666793
2.63013337153	-2.22209999857	-3.33366819892
-0.0695795367028	0.343671490519	-0.936508726429
1.86769187429	3.29940147186	2.76527412445
-0.82622242179	-0.173641749039	-0.535915154405
-2.89982419409	-2.30982456302	0.771092348518
-0.632782402709	0.719637652541	-0.285846252149
-1.50383734423	0.174439560637	0.21801795602
0.0442896060525	-0.720799209003	-0.691727497716
1.73558916459	2.13326513726	3.22977422996
0.376530473004	-0.732705183601	0.566893214657
1.20731139038	2.40768592392	-1.90993188823
-0.14835535817	-0.218315578958	-0.964535637333
2.41574682405	-2.3381095497	-1.70971759606
0.356994423181	-0.466384542489	0.809345686555
1.68507925174	-0.981967921528	-1.25162528881
-0.231267058925	-0.815961893915	0.529831798908
1.12560997897	2.86783311504	-2.12713521947
-0.73531594965	0.45184007852	0.505124734727
-1.97720119049	-0.0933009678673	0.16863461091
-0.470162007809	-0.872412323009	-0.133583026897
-2.53705771879	2.86683353766	3.05927553181
0.111103971908	-0.771636568674	0.626285009649
1.34733386289	-1.94433651266	-2.22554835249
0.580111657141	0.272586847235	0.767572065648
-3.2967514148	-2.7507859145	-2.6894353188
-0.618244496321	-0.784427017013	0.0494772447569
2.31100814983	-3.10181807061	3.176859603
0.531389223619	0.252707582642	-0.808556968121
0.432332504986	-1.47990192061	-2.41624961112
0.655498442685	0.250673426461	0.712379551156
0.485518770852	3.09234812834	-1.4732875981
-0.12290568776	0.596526907689	0.793126623131
2.94231130605	-1.63815540588	2.59063316948
-0.952448448589	-0.0520791063671	-0.300216121252
-3.35539594173	-1.14910729755	2.83386759758
0.544621201184	0.81318281048	0.205235143096
-0.271536423186	-0.891907752028	1.02703040611
0.240973418159	0.688782197728	0.683747684336
2.41546321881	1.3821418312	-1.56370353715
0.480823540579	-0.600647781471	-0.638773015585
2.82867145511	-0.310450890501	-2.57060206458
-0.00471649388487	0.561999423072	0.82712417638
-2.36434692161	2.59739280084	-2.92943985049
0.39604011032	0.471132516648	0.788153781171
-3.37185746605	-2.07425331264	-0.114967216656
-0.803722378602	0.475096632798	0.358208776607
1.06513403565	-0.304383936661	0.810086817443
-0.102645981364	0.633675506023	0.766758864035
2.07359968697	3.1280224851	-2.82391223202
-0.642458162367	0.344442490191	0.68454866924
2.60366796144	1.13002663827	2.97320550319
-0.708246188456	-0.107069182152	0.697799059021
-0.672189771243	1.85845477455	0.845413954655
0.335218284733	0.676361774087	-0.655868471673
2.21961753184	-0.460281648965	2.91883439337
-0.283571756978	0.00908884429947	-0.958907947383
-2.30540296399	-1.963075699	-0.174131306702
-0.616531218432	0.0886611932072	-0.782322471566
2.42011879046	3.26800085833	-3.15568119103
0.643791005968	0.275868476985	0.713743458142
-0.543466298419	-0.947443059806	-3.28822385926
-0.907957449275	0.413678677847	-0.0669568652244
-2.68628113166	-2.82456445058	0.244467578214
0.172460808583	-0.474846982066	0.863004990209
0.111852264569	-2.98602925353	-0.615143028249
0.422904017319	0.526395416902	0.737604268697
1.91143336363	-0.175410548702	2.10368574309
-0.164191625324	0.58931398426	-0.791043701782
-3.22562804415	0.306197613963	1.3243511753
0.557639165852	-0.827811672389	-0.0613709684143
0.644285200311	1.8398021726	-0.10455727356
0.590714243728	-0.7791491707	0.209721844484
2.06038549528	-1.45271449283	3.06280502117
-0.571729300945	0.520836822168	0.633920035269
-2.00031473179	-1.69825425806	-2.52649569102
0.00196461804385	0.729136981635	-0.684364962785
-1.48091609556	-2.29691722686	2.38018648875
-0.715962751208	0.443444073383	-0.539216739971
-0.741517548683	-2.12967249358	2.20248596187
-0.342326984156	0.673728836304	-0.654905864267
-2.84664736575	-3.2834643086	-0.0397146495643
0.0220050092442	0.998888054495	0.041694533881
-2.07773287477	2.41486963386	1.89973775133
-0.328581522852	0.744388393467	0.581308956159
1.10158376151	-3.29498871207	-1.25525205987
0.285045095122	0.710475110125	-0.643408432988
-1.54669290393	-0.386205361417	1.18566943402
0.526455594099	-0.705189129682	0.474923992677
2.02929304883	0.593793702687	-0.337682377162
-0.392497262105	-0.492864190085	-0.776550571034
-2.36402954703	-2.33315634766	0.605324267116
0.596866989148	-0.76771929527	-0.233145621738
3.21063456872	-3.03471733457	-1.35267707877
-0.475188829519	-0.31848828505	0.820219963538
-3.15739150578	-0.00332614710949	-2.85392900378
0.125850044668	-0.603061776271	-0.787704424425
0.999931008918	-2.32997662613	0.172192213809
-0.164174731681	0.900133117923	-0.403493528444
0.880711920202	1.7108308087	1.27733111243
0.632199001986	0.562473113888	0.532868105671
-2.23535739832	2.29198540211	1.94441796454
-0.49795013401	-0.266680617798	0.825183077947
-2.74953443636	2.64378874082	0.865659434177
0.713885982585	-0.29671880735	-0.634290748186
-1.33501167161	-0.565218542044	-2.05821694865
-0.674158784457	-0.214848193025	-0.706647144827
2.40091643678	0.552770363745	-1.76393429294
0.228271852298	0.574558768373	-0.785986121464
2.00476028233	-2.80419807517	-1.17463386152
-0.634755919993	0.599039485292	0.48809488534
0.983411839276	-2.59126494269	-0.513664450643
-0.958102259704	-0.272937923766	0.0868616700357
-0.178447502983	-1.70976373673	2.83304801549
0.722726427336	0.663771020293	0.192547510628
3.03650487835	0.462308294323	-0.624077688714
-0.0205456451661	0.644120602766	0.764647974925
-0.156691632823	1.39854398711	-0.687366358884
-0.906342053708	-0.192383639534	-0.376208209534
1.22573898709	-0.542218641528	-3.17112955438
0.149572511544	-0.810720683803	0.56600356593
3.10004371873	-2.34679380523	3.3678418136
-0.796429266247	-0.441138360791	-0.413639179122
-2.7348739408	1.91356400148	-1.95633598387
-0.574855890636	0.81014908544	-0.114887616225
2.09897223805	-1.78736139592	-0.409246190519
0.221190539086	0.00501979809998	0.975217692131
-3.18182818025	0.408461110543	0.304358016192
0.186047690743	0.427785224342	0.884525894818
-0.563460631281	-2.92901947439	2.69259092943
-0.436674178569	0.536053568466	-0.722469538116
-0.289977586485	-0.542594778286	2.1235037251
-0.87040423809	0.48989339933	0.048999179656
-0.243770172225	-2.01547418327	-2.98890228039
-0.0388878683475	0.857169291481	-0.513564542621
0.479008522582	-3.22449870576	-2.59454337213
-0.0718043063176	0.879385800545	0.470664164128
0.735226105445	-2.30664755113	0.362495010641
0.62845397435	0.667586748299	-0.399216151502
-2.45565266825	1.77184825682	-1.10157629403
-0.476885049911	0.857097196874	0.194846206745
0.997253549353	-0.0657452410999	-3.20598362153
-0.737360154988	0.524415569317	-0.425779652513
1.1730456607	1.49145319226	2.88872027975
-0.123411341445	-0.903652070606	-0.410100690187
-3.15831736544	-1.61359715158	2.75307222761
0.481971421755	0.683674657764	-0.547989517184
0.670678693561	0.987949202265	-1.11181093729
0.669456544727	0.708366147506	0.223708148689
-1.80054219007	-0.264523099402	-2.47048581924
0.548177752211	-0.699491696705	-0.45848938725
-0.474821028895	0.0922833377431	0.930301554085
0.640393476391	-0.144794930641	0.75427489913
3.05429166114	-3.15419065479	-1.44930657262
0.0463333655368	0.961174870671	0.272022218264
2.02827648678	2.15597518178	-2.27191500823
0.320785972613	-0.246207789839	0.914591758107
2.66870809136	-2.84490359524	2.28763000013
-0.856889894947	-0.167393304065	0.487564549257
2.20128963698	1.16358971542	-2.2408611922
0.172504315869	-0.832390971413	0.526656939304
-1.63502406407	2.67538288294	0.485614763647
-0.671005440559	0.32777920142	0.665065781601
2.08208357906	2.98095097685	1.52199267322
0.798349132254	-0.0657043449616	0.598599701038
-2.80273885273	-0.889276011268	-1.4379362144
0.0437691822777	0.64463449463	0.763236940286
0.464679321479	-1.3731899323	-2.15385789767
-0.586990452591	-0.694555403577	-0.415974758765
0.925696286916	-0.100047084449	3.3319019921
-0.320535684881	0.0401315872044	0.946385931017
-1.13319803144	1.19645117846	-0.272874937876
0.519793509828	0.364615805833	0.772573634857
-1.16253401109	-2.50815879714	1.07926073744
0.699520451342	-0.668555258018	0.252398504611
2.70934699689	0.405985511463	2.18297582053
-0.605614041615	0.482537974087	-0.632762780324
-1.26624020134	-2.01787786835	-2.84798552724
0.302257379012	-0.831306826914	-0.466443390305
2.690905712	1.73605542793	-2.49874070711
-0.153306212158	-0.410902778152	-0.898696896746
0.644294446272	-3.34257737255	0.507541444092
0.840933295367	0.206324008831	-0.500261527727
1.06075854284	-0.17272124251	-2.00071669384
-0.351587263177	-0.564513618111	0.746800355744
0.113412271824	-2.27222635171	1.3756196215
-0.358699124766	-0.759477018078	-0.542705810641
-0.959474705786	0.516649396763	-2.1421438467
0.318381826136	-0.425103804661	-0.84730146232
3.37816087453	2.50076666832	-0.933411763239
0.324367768698	0.599780085519	-0.731470710039
-3.06247413679	1.84255467494	1.46022090911
0.105309937686	-0.938005472449	-0.330235598748
-3.38257813054	-1.01087636129	3.06972947364
0.298867013541	-0.919300492122	0.256056855799
-1.01296783295	-1.97001044448	0.522515686238
-0.267330789898	0.727090570454	0.632355557522
2.79629899839	-2.99301451691	-2.03847968978
0.453339377015	-0.768766228059	-0.451089676054
-2.30195003047	3.08223392996	0.886219926447
-0.876561843606	-0.452663219122	-0.163509462687
1.48898873996	-1.10826682895	3.3601317338
0.30973307828	-0.825834544324	0.471235318732
1.32244625831	-2.05756726704	-1.77005781116
-0.965032041233	0.0548116509254	0.256337360362
-1.07015281525	2.36558025747	-1.93927250372
0.934047720057	-0.246649820534	0.258299676126
2.0100736541	-0.193845870374	-0.234547612989
0.395402612203	0.84586967121	-0.357996192145
0.160760465093	3.23968198353	-2.46032098846
-0.462712090814	0.408833180782	0.786608512099
-0.751485453336	1.15860041347	0.814164839842
-0.37812571086	0.720801047871	0.580918923926
1.74219786362	0.76258514051	-1.91301094236
-0.752806368986	-0.203484216481	0.626000594614
-1.26633333263	3.33105714014	-0.837865810721
-0.593966298475	0.61093480239	-0.523414466274
-3.02791861291	2.51906656169	-1.21732687419
0.438785657848	-0.707382640205	0.554145239809
-2.15576543412	3.38664276492	-2.44158591582
-0.421848354107	-0.631265168337	-0.650805849222
-2.16005824848	-1.83401683748	-2.4996379562
0.571037950087	-0.594539837532	-0.566072469872
2.83555616962	0.816633355611	1.61228505035
-0.330518288724	-0.929094572267	0.165954622119
-2.05464623255	0.846971543695	2.9484724056
-0.0662509086367	0.867867000828	-0.492359305771
-2.34113328704	2.80767312519	1.76635318084
0.284587676506	-0.806289786795	0.518562083159
-2.0932799558	-2.11911431066	-1.12382879087
-0.00945797087552	-0.877546798116	0.479397709531
2.85953301371	-1.17635395877	0.934296894849
0.749121135385	0.306888600699	0.587057843215
1.59476454682	1.8380888818	-2.15435803928
-0.462651737107	-0.197747667572	-0.864204391404
-3.05622940841	2.37659352486	1.21888589329
0.436304431889	0.0216242846354	0.899539233735
-0.792549080997	0.632608471869	3.28806500718
0.0721810191785	-0.969033590224	-0.236143603528
1.0764153883	-1.9809762345	0.398494991292
0.33222974605	-0.689652714564	-0.64343028304
-1.32203118125	1.66167948319	-1.05911059081
-0.913113680358	-0.169709269133	-0.370704964511
1.03305238392	0.300798010562	-2.50903376571
-0.904692839677	-0.40138309802	-0.142907223266
1.38473258141	-0.390197879738	0.159750913497
-0.117281471662	0.909721727777	0.39831072596
-0.0395284051947	-0.720708731534	3.13103009138
-0.241828356137	0.791061144931	0.561908632386
-1.24766448456	-1.7217657584	-0.876222922203
-0.206753691959	-0.84017481478	0.501357349074
-2.39511853066	-0.431451643477	0.505778251578
0.0479092759529	-0.495108431597	-0.867509275016
2.88180403607	-2.05140509025	-1.67733693204
-0.280136080085	0.561129469558	0.778882208699
1.01220886648	0.911667526433	-1.64860063258
-0.0181313106635	-0.722045591051	0.691607851328
-2.41476930293	0.956664892935	2.28646156079
-0.295767048166	0.718292073106	-0.629744671222
-0.0375722881846	-1.10783016058	-1.66583397422
-0.0599539684679	0.620350097039	0.782030228807
2.76937321027	1.62452589277	2.12354944442
0.00777053191947	0.609014956851	-0.793120672511
2.9855154189	1.42642930728	-1.47402911705
-0.103634147038	0.374602332969	0.921375632249
2.40412533516	0.406792552707	-0.102544830873
-0.218010960436	-0.629490585887	-0.74579677085
-0.44864692109	3.23993905814	-2.69864300861
0.614217312915	0.595086206729	-0.518275504994
2.38104243663	-0.954595263846	-0.918585596816
0.62322426112	-0.649781575048	-0.43517286804
-2.24142871026	2.75365567183	1.00462749316
0.899793105542	-0.404325130589	-0.163992548588
-2.87521884577	-0.769709043094	2.40249666895
0.684868718429	0.120311305708	0.718665449452
-2.96022510972	0.0224143885592	-2.32213643944
-0.873118302296	-0.0733974871481	0.481951490376
-0.358751401989	-2.19217046771	-1.47042924971
0.857388881746	-0.0812270743828	0.508218917244
3.14889355686	3.09066340514	2.85054754875
-0.405889420416	0.562810489722	0.72006814334
-0.742263380906	-0.0493506718773	3.24961543963
0.468884230938	0.878622970529	-0.0903839235525
-2.29184854659	1.72626949028	-1.59875678107
0.443875927736	0.869715190622	0.215800018485
-2.18098863022	-0.191925576579	-2.33346600552
-0.876299961116	-0.449623609776	-0.173023084238
-1.05236563597	-2.45539039238	2.36441696648
-0.68069041118	-0.73091164374	-0.0492821790553
-3.25748447516	-2.96044193802	-0.000970425210989
-0.474733418448	0.249211364328	0.8441101097
2.48765322861	-0.484136316563	1.01098761485
0.292786498365	-0.622020820787	-0.726199810577
0.0247669209088	1.02620012373	0.433832324276
-0.9183961982	0.349319067157	0.185807998892
1.87476705045	0.209945445433	1.60320426345
0.797271108264	0.591430523148	0.120700937099
1.92601170672	2.77725996899	-0.612517350503
0.308014179901	-0.402034338422	-0.862261941471
1.49388065098	-2.08188670249	-2.47134075799
0.653254236915	-0.748256345324	-0.115634526133
-0.695480189158	0.266464029362	2.17613830889
-0.630523161601	0.432009082928	-0.644832299868
-1.63786932538	-0.930743188014	2.064513028
0.894190550803	0.404402619269	0.1920462975
-3.12106773585	0.554248512198	1.73520409695
-0.138743028292	-0.624092101142	0.768933951255
-0.370285372973	-0.701745662634	0.26293694575
-0.248347716743	-0.824894173361	-0.5078119872
-1.00096633089	2.05040702775	1.3136072047
0.641236196715	-0.766673198026	-0.0320678569672
-3.35376486452	0.0969496108231	3.30912666584
-0.367086500224	-0.897786041705	-0.243367468394
2.68319446964	-1.06402069481	0.507912828189
0.145137279772	-0.983729619194	-0.105882984184
-1.1615222177	-0.0596206316922	2.19959991373
-0.53836285616	-0.698671655936	-0.471193540171
3.34837355936	-1.52129794096	2.1748173405
-0.178949389945	-0.134426212466	0.974631576156
-0.343150145606	0.436851482744	-0.863854346583
0.338894350817	0.184986780607	0.922458947588
0.13570835516	1.68767282358	1.99042856859
-0.930865322941	-0.266846102795	-0.24956543825
-1.88177184347	-0.52563471876	-1.71057631709
-0.610636797543	0.561078483028	0.558850281713
0.154183109015	-0.779069955823	2.88088169515
-0.97468565431	-0.139539816569	-0.174689767512
2.76865041818	3.14443529115	0.580377946246
0.843312066831	0.265798602312	0.467092989614
2.79496091539	2.59894287809	-1.93067122161
0.678797193852	-0.382638038439	-0.626755535403
-1.17567890738	1.74592286108	-1.86913600415
-0.468050039591	0.594623111161	-0.653722048055
2.01773492233	-0.169561572177	-3.01928013116
0.498135953723	-0.626964382197	0.598979327744
-3.25326440175	-0.556235352728	-3.01974524232
-0.137059998522	0.768178886497	0.625392480883
1.56041108049	-0.696809951565	-2.81661799066
-0.749769695996	0.511405508304	-0.419892616084
-2.47722042516	0.933897910663	2.04477908243
-0.245434549429	0.211349945176	0.946093590836
-1.80664304088	-0.0132432876224	2.79244545137
0.614275797975	-0.60864563266	-0.502210850009
2.33019984273	2.86475381277	-0.343319512519
0.599332419847	-0.576966204647	0.554896971712
-2.05019629967	2.26284358845	-1.86133763557
0.549549960538	-0.479363491319	-0.684255423116
1.47761451603	0.651148300046	-3.00292090408
0.753706979249	-0.55871714342	-0.346064940553
-2.88531889776	2.78569119666	-1.75416691554
-0.760925542026	0.232516028354	-0.605746329787
1.03790382963	-2.11900398125	1.07567687997
-0.582971136409	-0.634123195098	-0.507968923805
