1000
-1.52321015474	-0.232283036842	-1.99695062118
0.838187036541	0.350675121937	-0.417695404128
-1.23679067459	0.262822128255	-1.22764474984
0.309039533603	-0.235122456922	-0.921526991966
0.975079586187	0.355965049635	0.531761621848
0.0895694587063	0.492974731916	-0.865420837373
-1.63636278574	-1.22844171009	-0.928088519837
0.270188838383	0.776502005777	-0.569247421284
-1.1026298027	-0.00942014242691	0.440970340943
-0.365496769755	-0.0255858787299	-0.93046089338
-1.79356063437	-0.526938446727	-1.70362252598
0.788049432274	-0.613957845608	0.0450982938594
0.787836502489	-1.0592409291	-1.32603849824
-0.430030530349	0.133348394109	0.892912061043
0.923604294983	-1.54857296775	-1.55974497942
-0.465921310511	-0.660293968287	-0.589006967579
1.70501219341	-1.69572563547	-1.31665717899
0.38797309704	-0.642952879075	-0.660369950302
-1.25349784511	-1.34098290426	-0.0930305807633
0.299575851234	0.402244049079	-0.865132379661
1.53755192471	1.15895940413	-1.03790160346
-0.122862619512	0.62439578204	-0.771384913061
-0.390995527261	0.550332483603	1.74970971053
0.738795985198	-0.673923625092	-0.00272759945727
-1.92400862924	1.43147980669	-1.16562434863
0.32602257905	-0.47124321087	-0.819535913892
0.0527317735618	-0.808449380543	-1.70609035078
-0.495710316002	-0.710805178069	0.499026333413
-1.52955405398	1.10759852101	-0.556059872701
0.498777339558	0.74287745032	0.446491051814
1.77158614664	-0.827775010463	1.38711623654
-0.792797879725	-0.202437904217	-0.574882959254
1.95255169709	-0.311946056046	-0.634265051739
0.0455957989906	0.477708231569	0.877334524914
0.136529870104	-1.21815381876	-0.469031641751
-0.355477179649	0.478250191621	-0.803064585798
0.644771110377	-1.80218733077	0.271314361647
-0.0653984787506	-0.343504384207	-0.936871270244
0.198068046087	1.95649482081	0.718571332496
0.467175366137	-0.168721711298	-0.867917139715
-1.44927982443	0.570023731975	-0.241692438516
-0.350462383467	-0.107843914852	-0.930347143707
-0.658812404171	-1.4262221462	-0.994770472968
0.75161430555	-0.535785733827	0.384720136099
0.124601545445	0.373982449814	1.43652865572
-0.408168692126	-0.205636585819	-0.889444721914
0.433027087238	-0.116270249509	-0.152965148858
0.839855981917	0.0588114329853	0.539613885096
1.16711359827	1.72226786553	-0.0184975754649
0.468027654709	-0.84803022047	0.248585718811
0.920043530084	1.16590480939	-1.78130927651
-0.235297562975	0.625893110113	-0.74356766442
0.52031372863	-0.234781158624	1.41321075814
0.126319561776	0.00161571733078	-0.991988285097
0.0942604075981	1.04455189285	-1.92429180449
0.629577949523	-0.227159591978	-0.742987298173
-0.33073720966	1.50185311644	-1.24058685877
-0.401191789676	0.522739992434	-0.75218883813
-1.47273601161	-0.433220803508	1.90855405651
-0.187660435378	0.9805336903	-0.0577688772582
0.889328591396	-1.74801798829	-0.479267482113
-0.0744518081637	0.190234360016	-0.978911546837
-1.51769916108	1.88908306123	1.45901621485
-0.165509238511	-0.965924995572	-0.198986418875
1.1833438134	1.90173538244	0.0917634252142
-0.715505943954	-0.258372385633	-0.649072380022
-0.571713963821	-1.59370389783	0.39449539565
-0.584282916229	0.310974780084	-0.74960533613
0.00976479863497	0.969016171025	-1.58885872688
-0.387317650497	0.435168992984	-0.812781019192
-0.936426882419	-0.723778628121	0.359222021016
-0.40354010401	0.325021092165	-0.855287480385
1.66821260037	0.369031469315	-1.084514362
0.321221913867	-0.915396514038	0.242622554886
1.0075313213	-1.43658397756	1.56803860812
0.315354783248	-0.0385819802433	-0.948189217131
0.056764119414	-1.4711209936	0.462291172538
-0.00563411244048	0.744395069112	-0.667715686395
0.112796021445	-1.93538535591	0.0585669141214
-0.53426021887	0.69911408551	0.47518997672
0.00325162563916	1.52358084687	-1.88878444404
0.279562872198	0.340935294668	-0.897556530441
-0.160484683596	0.538970928354	-1.04299852045
-0.175438605421	0.0397068969364	-0.983689309723
0.601856617238	0.00937433718644	-0.484305430572
0.735459915193	0.173370974684	0.65501238025
0.0714978005624	1.49027494138	-1.14407061035
0.559170793775	-0.788590440352	-0.255838114388
0.828275646458	0.117841759568	-1.88058743971
-0.430300349637	0.0309302303921	-0.902155712696
-0.885134906905	1.01364357762	1.41959561962
0.887661191217	-0.454899271824	0.0715839514153
1.58736145535	-0.735518393307	-0.847759836255
0.0946774844467	-0.496697557695	0.862744290111
1.85511347965	0.967229488	-0.871684511106
0.447995727442	-0.0408328182714	-0.893102742771
-1.22687013858	-0.386685130303	1.5748469613
-0.624090115274	-0.539150987493	-0.565533147307
-1.6669739337	-0.161305711263	0.961872370172
-0.613861791942	-0.183666891728	0.767750072144
1.36694961861	1.98377609965	0.0549693811779
-0.378385775593	0.70077970551	-0.604757810346
-1.59375075606	1.06533809062	-0.498565442286
-0.902109943516	0.426427703008	0.0660080594837
-1.79169266833	-1.39126714382	-1.30102870562
-0.347234793957	-0.269784562003	-0.898133780664
-0.714182963176	-1.01771866992	-0.473552956843
0.264969214129	-0.348577452178	-0.899046759294
1.16390091281	-1.82322508094	-0.201175875753
-0.0180990518823	0.265120010091	-0.964045540714
-0.0181394560019	-0.301853466261	1.8267174428
-0.326526380702	0.556740974469	-0.763819356951
0.121222484878	0.17352330397	-1.55180116219
-0.824780073566	0.529649568854	-0.198013041139
0.970143799525	-0.965939294025	0.880765062293
-0.381740297527	0.789865528687	-0.479986241299
-1.81002563473	-0.376000369607	1.34553372136
0.0851236931237	0.520653100645	-0.849514158597
0.708609240241	0.437066377174	0.575954498824
-0.560605922425	0.264712955606	-0.784632430426
0.477361781542	0.383150984508	1.95901911618
0.188741495978	0.794191141368	0.577613260468
1.45453396954	0.260977124978	-0.334811284026
-0.0213887892007	-0.915700230818	-0.40129242078
1.14888894637	-0.268301953203	-1.38168651593
-0.360935004303	0.662791475648	-0.656074220251
-0.0236377039822	0.0374593930498	0.0680198737055
0.309809615233	-0.423603030869	0.851221754038
1.55341084339	-1.34704739512	-1.34724054056
-0.434248165814	-0.55211801092	-0.711754334377
0.135081815852	-0.820535925783	1.11031876456
-0.428650270441	0.137836002456	-0.89289427262
-1.71554975029	0.16454865316	1.09037911791
0.0614439468427	-0.558844017642	-0.826993352659
-1.64729570857	-1.8566286879	-1.31562520534
-0.392692371341	-0.389365135326	-0.833179148133
-0.398111538934	-1.47021371957	1.50815852272
0.829643822488	-0.268167994678	-0.489670352826
-0.00938893207518	1.16109312687	1.43249353703
0.432454741281	-0.12453678352	0.893013710026
0.512345144467	-0.0861454504757	-1.69673906565
0.491052354218	0.262405750637	-0.830668891586
-0.881394951081	-1.17802671784	-0.304161375964
0.123148717696	-0.732352438961	0.669697169232
0.565680008915	0.959540340088	-1.80549203826
-0.00170048259302	-0.730366632206	0.683053212363
-1.39408066801	-1.8073000675	-0.293381540884
-0.240862990391	-0.133573304911	-0.961323666657
0.179848114695	1.4505861963	1.3381662203
0.149138002514	-0.310087011058	-0.93893764531
1.46253413486	1.14234275998	1.29891904719
0.0613826673415	0.0415743241847	0.997248085342
0.568528916781	-0.436344624658	0.45844669071
-0.753778778546	-0.646148623852	-0.119622359569
-1.32348711912	-1.69518043785	-0.106092511403
0.393270063112	0.449601966772	-0.801995466904
0.353726300296	-0.839820274367	0.0625880191015
0.777740247889	-0.593884124425	0.205965418381
-0.00635481874257	-1.39719289643	-1.52132421523
-0.64954576271	0.512989231799	-0.561188337551
-1.13624604311	-0.412537975792	0.0783671938709
0.790930956049	-0.508391537946	-0.340538201836
-0.303008031487	-0.945493222578	0.125422955569
0.13760578534	-0.475162841959	-0.869071298262
-1.59434025138	-1.49389148713	0.0157703773169
0.191077351591	0.729194700375	-0.657087920034
-1.26864350326	1.57807073718	-1.01574711055
-0.842460922071	-0.358370110557	0.402281566371
-1.00779522168	-1.04609161333	-1.01739729091
-0.0133337677813	0.112361995126	-0.993577874496
0.874687457816	0.79388513122	1.42731207678
-0.480936688139	0.262396138614	-0.836569284902
-0.125440961612	1.52542921859	-1.77355444304
-0.0111067669759	-0.179978536799	-0.983607831414
-1.35124561371	-0.858397560886	-0.228999233617
0.204997838345	0.977605273547	-0.0475795692087
-1.18373506605	-1.52344720415	-0.0555212370363
-0.799326462003	-0.522572887844	0.296639147841
-1.31467074279	-1.38682109882	-0.712254168325
-0.17925861457	0.982190244453	-0.0562909655561
0.4779425679	1.45398963161	-0.148010726802
0.493277542448	0.311240332822	-0.812284876962
0.884741373724	-1.07094026456	0.207224360294
0.439323208697	-0.130758609193	-0.888761669078
0.145759270528	-1.06767729955	-0.910028851164
-0.328225551369	0.156832376868	-0.931488911901
-1.48953681018	-1.83142154719	1.23649813077
0.541124160563	0.767483024914	0.343736016915
0.785037967531	-1.61450410176	-1.37774864868
0.638624751466	0.765767752173	-0.0758826498411
-1.09967164257	-1.46791173213	-1.72643443839
-0.76848976331	-0.250940291139	-0.588602118558
0.965831314867	0.421866869725	-1.16239452616
0.572502658288	-0.471774602711	0.670573956019
-0.746816370665	1.94531713066	-0.404036755961
0.63916065301	0.674390064166	-0.369691359106
-1.58965751547	-0.379130775218	-1.03629238588
0.0249391906297	-0.288025735385	-0.957297870324
1.21427985581	-1.9090352669	-0.00715248010318
-0.641294339256	-0.17969378911	0.745956910682
-1.34783656179	1.05673404964	0.709748389463
-0.0247741700492	-0.254442226068	-0.966770600552
-0.615199927435	-1.47286180572	-0.181208808973
0.0332605011115	-0.751554011909	-0.65883253278
0.736445716951	-0.388630438753	1.00065111189
-0.608756153263	0.576301686369	0.545245185355
0.987020252064	1.7651971523	1.04912803082
0.5684046005	0.0201686316459	-0.822501937036
-1.28417248131	-1.12801417115	-0.247515872855
-0.471855593184	-0.0310130788617	-0.881130233349
-1.3333757292	-1.06095615089	-1.6521541638
-0.0346725248845	-0.170810741542	-0.984693610516
-0.619988469264	-0.101088124062	-0.550641058791
-0.397088352707	0.704513972931	0.588201412859
1.18306455908	0.40907017406	-1.71945823326
-0.51664199725	0.228436366856	-0.825165360988
-1.22716130609	-1.26188215389	0.493752739029
-0.808894797824	0.567884655301	0.152303067359
0.589229641576	1.52706095954	-1.20586744741
-0.730589645264	-0.621721209632	-0.28231455458
1.44076558649	1.43423060339	1.87464280353
-0.396768358028	0.448052339452	0.801139170918
0.60632752666	-1.77608170407	-0.63597810829
-0.413097023176	-0.731240395791	-0.542805980997
-0.743223666989	-1.29840920722	-0.26662587897
-0.867305935706	0.494712895111	0.0551322528131
-0.253371331682	-1.58374482907	-1.13714110292
0.768972718293	0.2968995913	0.566155094658
1.42010832546	1.58967364754	1.74061958684
0.58060517698	-0.0141714041344	0.814061913965
-1.56240398809	1.5813282486	0.143904401481
0.527629710423	0.493039774755	-0.691750438518
-0.140703286401	-1.98322837918	0.305401765695
-0.593077931033	0.37409142971	-0.71296154871
0.33917299571	1.6668682836	-1.45173447499
0.337099617442	0.361942819955	-0.86911520698
-0.794624622556	0.383795035862	-0.387398730573
-0.367828868441	-0.70651149811	0.604601874443
-1.25162198534	0.114945095895	-0.0655400637794
-0.852684831109	-0.379061959912	-0.359500499784
-0.0169611582321	0.045083286335	0.38347025469
0.515836450768	-0.474752893564	0.71310759785
-0.890117411606	-0.237050273677	-1.99550349819
-0.262643900948	0.753751109114	-0.602393099897
-1.73831572987	-1.4573077295	-1.35830386002
-0.435187808411	-0.477795938033	-0.763100657194
-1.51352255056	0.217672438817	1.02101485806
-0.391945451275	-0.808663659068	-0.438681945979
-0.478831248496	0.536636002825	-1.63210636082
-0.174553405541	-0.354015547528	-0.91880580142
-0.509403698236	-1.57988598591	-1.99523053961
0.495314401962	-0.638071106246	-0.589515823862
1.59075201964	-1.50060623547	-1.67177522327
-0.182229991522	-0.755363717043	-0.629458406223
0.100476052126	1.96510070294	-0.288090074354
-0.753829702589	0.130269050131	0.64402698241
0.932974529792	0.614406469953	-1.28797011627
-0.00753151196085	0.00975378686807	-0.999924067102
-0.899479441392	-0.233271171351	-0.117990328814
-0.78068377377	-0.376815765726	0.498540594208
-1.06114798006	-0.62679844279	-1.16604228879
0.324638688156	-0.618377631418	-0.715694646559
-0.116313708619	1.33363824554	-1.42367538702
0.800270551635	-0.553268962407	0.231215266415
1.76838751363	0.482193493509	-0.964886941783
-0.0552017938642	-0.323838776192	0.94450050767
1.46187064899	-1.67067430927	-1.83150821538
-0.735440448426	0.644888520708	0.207957069314
0.669116638034	0.691287850501	0.577667850597
0.240178632779	-0.417377916749	-0.876418791997
-0.376718744084	1.09078205561	0.836872368687
-0.549679919318	0.360067098258	-0.753792856859
1.74933721721	-0.270697863139	0.205842533351
-0.0650337542581	0.503603846021	-0.861483474641
1.24678186362	0.547940628925	-0.584978724212
-0.625398889596	0.0505450149137	0.778666443581
0.33194480034	-1.94159417796	-1.76623539461
-0.579932559987	0.057608281991	-0.812625074504
-1.24070061402	1.29586591668	0.236627387056
0.0960993133681	-0.636697745515	0.765101890487
-0.860007543131	1.4129597702	-0.421185918448
-0.188961838552	-0.458638917719	-0.868299353175
-1.86571638124	0.440095438256	1.80744277606
-0.593744720385	0.755848611055	-0.275971165488
-1.65899487208	1.85554680708	1.67412129621
-0.26621765171	0.449948719599	-0.852451940961
-1.7160858401	0.350480439549	0.870368438352
-0.630760099137	0.506157604335	-0.588171894016
-0.475625043973	-1.48655370068	1.40085234334
0.436571616345	0.357256245843	0.825695584709
1.65356439093	-0.208323692948	-0.813380741729
-0.538557718033	-0.0540971619406	-0.840850213425
-1.58284640152	-1.07929385858	-1.49732107776
0.640029156248	-0.047271291374	-0.766895106364
-0.859236034452	0.657870472965	-0.866570295407
-0.950781142537	0.303445905343	-0.0627359667686
-1.96289082158	1.64158266411	-0.666886729316
-0.0933862397714	-0.927042642501	0.363140398752
-0.0743083479763	-1.52410540766	1.07931472058
-0.164152288584	-0.971129582639	0.173093500385
-1.41289884519	-1.62774457441	-1.77563076203
-0.487116183582	-0.503773998518	-0.713393006771
-1.67937386874	-0.607388657376	1.47476831965
0.607059859501	-0.0432845402644	0.793476386263
-0.348574709856	0.358355567555	-1.61703530642
0.0900137707695	-0.343406058386	-0.934863519523
-0.165464073334	0.203471162595	-0.603486556193
0.703400563364	0.708691154935	0.0546305260346
-1.8905572143	-1.51003109028	-1.6423488386
0.180535911094	0.129550424267	-0.974999216604
0.687894053607	-0.0783731086587	-0.758515470178
-0.455216287653	0.234701646592	-0.85889071979
0.0152637329948	1.5750008019	-0.797367050437
0.373708599303	0.302338004179	0.876888598419
-1.28211567505	-1.90613254844	-0.187577431715
0.153167145842	0.381625682017	-0.911538076144
1.97259199677	1.2504721651	1.99583698766
0.213487739286	-0.0248480741228	-0.976629693582
-1.90547728781	0.519296988754	1.52499117591
0.938155786509	-0.343334847804	-0.0445522448624
0.914218491146	-0.17549033918	1.03128331527
0.279987372787	-0.321943000016	-0.904411286872
-0.953736347829	-0.502827916247	1.04077042648
0.14808846423	0.440452277563	-0.885478174746
-0.220138721547	1.15408318776	0.249766219577
-0.262687367401	-0.108583941342	-0.958751727347
-0.246239689154	-0.550174069304	0.33073731466
-0.717769173676	0.463189964014	-0.519867743333
0.51030305339	-0.918788324853	-1.60138580016
0.121291408828	0.501386847325	-0.856679416978
0.257493724244	1.77611042282	-0.644438288843
-0.0197904921723	-0.48125218024	-0.876358759547
0.419078644481	-0.606526948337	-0.039388236705
-0.624706145355	-0.451671083002	0.636973676643
0.485093542901	-1.87623313016	1.43980653954
-0.191451286928	-0.736027153986	-0.649315357379
0.646916213163	0.186849174846	0.769908410282
-0.718640555083	-0.602333073057	0.34749190162
-1.36467701455	-0.871229108364	-0.617082350603
-0.262398271378	0.0639634395417	-0.962837382729
-1.41507824487	-1.92662601126	-1.2112787319
-0.483132344754	0.631389221054	-0.606572987356
0.272537170532	0.886403553484	-1.10159938891
-0.825080120755	-0.225432570037	-0.518095503457
-0.728564922884	-1.29724941872	-1.24816626053
0.489436166765	0.567490040546	-0.66212332125
0.225787256718	0.0126269241208	0.104130332383
-0.00300607875558	-0.620555115681	-0.784157070932
0.58810349782	0.723337486699	1.21953249826
0.0762558468408	0.217481205003	-0.973081174051
1.22001377312	0.537163875083	-0.785622284827
-0.419687975553	-0.844610963341	-0.332406864822
1.79758014617	-0.969906590896	1.84697997684
0.278963027536	0.428410413761	-0.859444091637
1.31675454787	0.323241555793	0.450441703419
0.297349085944	-0.747559597288	-0.593917645462
1.79037185979	-1.05336544646	1.32878839131
-0.402100957042	-0.150491022006	-0.903142996785
0.07804981669	-1.92913691501	0.631332460605
-0.695110768404	0.583884080701	0.419404816322
-1.65641131328	-1.51358240501	0.699238810735
0.435953333834	0.675770135524	-0.594373127465
1.85838860342	1.88416859881	-1.37068163355
0.403596187087	-0.881256814756	-0.245960452543
0.135450229814	-0.443650172977	-0.861388371378
-0.144797631313	0.0878754894248	-0.985551391011
-1.2597171383	-1.34425601614	-1.95835565349
-0.0581760010077	-0.0731774170733	0.995620720223
1.23343157115	-0.399593415282	-0.318935131613
0.579749944235	0.371402674328	-0.725224141671
0.437029221191	-0.0928110561015	0.812492236521
0.0649680042732	0.0470841642386	-0.996775922612
-0.433023693739	-0.196046878367	-0.825517038516
-0.115325693075	-0.252017213173	-0.960826367655
-1.69007448815	1.4702038012	-0.0222688697454
-0.933362632136	0.301360347163	-0.194977275831
-1.06862554088	0.319584563312	-1.15426002718
0.344362710063	0.342518268498	-0.87412559719
0.389796073052	1.95393696217	-0.765772896404
-0.825051163321	0.3171419927	-0.467666050049
-0.808040514325	-1.24820236137	-0.0830197612765
0.426767955224	-0.365026425391	0.827420582993
1.91243843374	-0.206240691295	1.96465287391
-0.599545982594	0.791685249333	-0.117384329212
-1.77184698314	-0.951469892614	1.77977919603
-0.152808306035	-0.843003057587	-0.515747483277
0.564196599937	-0.342472183674	-0.425462843181
-0.101997055448	-0.107791988802	0.988927443157
-1.68669750399	0.301907187745	-0.923219715065
-0.0526207559629	-0.412710163265	-0.909341177545
0.199412710454	-0.835745882575	-0.863989388859
0.705691857405	0.693703259065	0.14413462719
-0.729125038032	0.0588107513377	-0.0845978142023
0.0814739417271	0.0520679120958	-0.995314487662
0.645264137245	-0.751633785371	-0.845373092042
0.415774397037	-0.418487187619	0.807465246662
1.40925868882	-1.14686426816	-0.0154568532331
0.940669192051	0.220844186478	-0.257622429973
-1.19982791852	1.8914578749	-0.507244191375
0.491838538755	0.644984077098	-0.584884939186
-1.24983862534	0.393217675744	-1.63686946402
0.457610893577	-0.339854073691	-0.821639506521
1.85635585651	0.563831085904	-0.794594193518
0.429710614983	-0.457981815242	0.77820398629
1.62853970338	1.51016721124	0.396310225371
0.265593714556	0.655097452898	-0.707324045961
-0.543336478644	-1.72135001354	0.999830536486
-0.894254804645	0.171729863145	0.413300373184
1.39156469107	1.29996928357	1.57259644427
0.0991290776512	0.185990544323	-0.977538205589
1.78070737836	-1.31141858203	0.0392008744358
0.448342596236	0.542186749243	-0.710649312493
0.45360971688	-1.88821903432	0.0526345442626
0.0483621724012	0.0468860947295	-0.997728818067
-0.660268771545	0.143522520671	-0.692057172579
-0.91664971401	0.387124564701	-0.0994377856242
-1.51456491218	0.728204041361	0.759310589994
-0.482434600417	-0.87395030951	-0.0588872891929
-0.327185319156	0.105520594668	0.125346051147
0.0914466928124	0.597833810002	-0.796386990095
-0.331330554711	-0.172469570802	1.69306819969
0.587472191594	-0.805221227212	-0.0805927996235
0.549771932976	-0.845862834568	-1.54145098009
-0.506621379543	-0.49658637707	-0.704795536236
1.14176648236	-0.595315220302	1.08516437045
-0.843725328474	-0.37366250812	0.385362037722
-1.32137679328	0.448051655928	0.822912062649
-0.217013617231	-0.545878596055	-0.809272295526
1.85248890992	-1.74924681442	-0.951749292947
-0.252177562284	0.281913822682	0.925705716554
0.430792215127	0.448259252188	1.04362931762
0.0576528951733	0.0267015918406	-0.997979543213
0.00549245475479	-0.531096444483	0.450581945868
-0.192622029553	0.977268351274	0.0885625390858
-0.108110702806	-0.79962525376	-0.321860164971
-0.374440327396	-0.145637750179	-0.915742369306
1.35170448991	0.976049052599	-1.38100814628
0.919862969217	-0.344124567014	0.188229647616
1.45376474738	0.277316054744	-0.235147955893
-0.441031542174	-0.514726943491	-0.73521925468
-0.0816173616269	0.378254563749	-0.0674679817182
0.619440141074	-0.153475250765	0.769895615671
-0.922162744324	-0.724810812718	1.43267812808
0.571039313766	0.0553789957859	-0.819052665559
0.446484197105	0.923925932761	0.675883774038
-0.589467636526	0.772068588989	-0.237566831407
-0.482971904519	0.7023964845	0.587827901145
0.197934492134	0.36723289336	-0.908824481876
-0.447461505694	-1.49437847838	1.12918855983
0.651490174011	-0.240389288118	-0.719564829133
1.13934355612	0.0805509453213	-1.44319988387
0.318702428937	-0.52326534141	0.790330401964
1.6133596473	-0.43959489044	0.758986872249
0.348064257496	0.0706929275003	-0.934801466973
0.143127880358	1.55701856266	1.8331169252
0.0457922241508	-0.364197542461	-0.930195260294
-1.64440923582	0.935598765399	0.566182541929
-0.26984675411	0.316971121028	-0.909237063549
-0.543307590643	-0.886172203819	-1.30107397201
0.157305092855	-0.0360105282933	-0.986893281776
-1.20517775763	-1.83600487441	-0.289922503897
-0.472038134847	0.292685690385	-0.831573860757
-0.93050274519	-1.93818190464	-1.11032075642
0.638662859571	-0.244961246195	0.729454412329
0.159784767433	-1.9267047734	-0.460029655947
0.268701613458	-0.956337352881	-0.114970911144
-1.64572846672	-1.99687020525	-1.81491695757
0.475175545429	-0.40913565073	-0.778984095042
-0.275752523	-1.10456711503	-0.0394793296949
-0.186230763712	0.380974711802	-0.905635893511
1.93560828772	1.82256443131	0.246399363901
0.348981743571	-0.851289802242	-0.39181298505
0.211373420923	-1.69938047685	1.18138139718
0.33584569263	0.842878473945	0.420432573551
-0.47728569656	1.98642323101	0.579311809199
0.068097236288	-0.864634051206	0.497765731952
0.31295249689	-1.78323710976	0.888926020527
0.507674495594	0.314772065143	-0.801988250244
0.970816721386	0.256558901014	-0.684318776499
0.274569703821	0.495673631676	0.823965489935
-1.32783482933	-0.922901396286	1.11710154662
0.00792855735285	-0.840057489586	0.542439445623
-0.219885535617	1.6775247115	-0.20862660461
0.509358266719	0.640529796914	0.574696211393
-1.0210634368	-0.12633393344	-1.26476193684
0.738021659787	-0.0613371318283	-0.671983471481
0.234061188332	-1.90544077944	-1.64625733394
-0.0320274036473	-0.490556715354	-0.87082050644
-0.21447199518	-1.25050533409	-0.21123393596
-0.381386611312	0.319637965024	-0.867396001851
-1.26680744182	0.648191693117	0.0554856809917
0.00392878886407	0.592719678081	-0.805399247475
0.595457960361	1.68522518872	-1.15335777647
-0.434279455836	-0.454885895507	-0.777483232172
0.666996138043	-0.357920710279	-0.581366463989
-0.149332689338	-0.650080998871	0.74504660445
-0.430877163868	-1.70842257145	-0.129931578831
0.364644743464	0.115276192026	-0.923983555382
1.30805869731	1.15924825427	-0.81401379281
0.747125191226	0.661705121643	0.0628512579555
1.3924109096	-0.0536186402655	0.502821255446
0.910647465119	0.413077946261	0.00937041011759
0.589927163417	1.58427763503	-0.427254489057
0.435717868059	0.0188077775266	-0.899886774521
-1.70329569718	0.600896179085	0.239712670744
0.170541067266	0.659800921779	-0.731832281329
1.50652145726	-1.02152056804	-1.79762334877
0.0583399770492	-0.423139197372	-0.904184531346
0.383128456045	-0.985830960026	-0.126706574741
-0.623600423761	0.481272136708	0.616035422613
-0.510358371137	1.77335823011	-1.07485750125
0.564398945736	0.661262985501	-0.494150881876
1.4115348302	1.75317212441	1.75777255325
0.321125538444	-0.907075945482	0.272197754744
-1.77337308353	-0.151012770415	-0.294510696053
-0.621949914495	-0.158000879749	0.766951123513
-1.22837411207	-0.189868177034	-0.84619669936
-0.338165575284	-0.60556626201	-0.720370422774
-0.600107751501	0.880520079775	1.94964639393
-0.525350990354	-0.765631033107	0.371235044248
1.50978942947	1.09523498899	-0.27667807084
0.182602612672	0.407877933307	-0.894590340528
-0.783566583839	1.31503364461	-0.247795214065
-0.465094713203	-0.825478663512	0.319799755844
-0.0735699654719	-1.5611774842	-1.08719020068
-0.11648094499	0.259820889039	-0.958605912288
0.00974497034574	-1.06389674771	0.683343688035
0.378373435848	-0.716531069083	0.586017721646
-1.90368020014	0.987214786925	-1.52806747715
-0.822897384558	-0.535985946833	0.188570833605
-0.76208912478	1.85856476933	-0.599502319816
0.190433286538	-0.573197157159	-0.796981921002
-1.2607748408	-0.734607380105	-1.47868420862
0.110330009738	0.214443040836	-0.97048517309
0.0141444002279	-0.0219543982923	0.00615582343823
-0.460001281275	-0.184235712766	-0.868594280068
0.901470551613	0.00977994840655	-1.10973033252
-0.979975463904	0.165097704133	0.111314142117
-1.33996615934	0.484320610496	-0.370643692692
0.730336711506	0.614269314903	-0.298800094704
-1.52649158588	-0.226716494279	0.410533373794
-0.697562980001	0.514507759463	0.498685927598
1.709293249	0.545699642839	-0.42235778341
0.274089289976	-0.484681006927	-0.830637937157
1.14312656276	0.479484015993	-1.21141411223
-0.274792107843	-0.816945632438	-0.507039575485
-0.661216622561	-1.69213261047	-0.634464011426
0.577335348957	-0.4909488484	0.652420970769
1.45165279556	-0.874528077313	-0.0595059082663
0.848766203606	-0.528248394799	0.0234428028909
-1.25237348181	0.17377968085	1.49407888982
0.608389839063	-0.770074133802	0.19195737072
0.408580214211	-1.60827087181	-1.39158296334
-0.75830890298	-0.0778118271399	-0.647234831586
1.6287137203	1.39350547955	-0.412984199279
-0.719184814788	0.393961549203	0.572335129036
1.66421670774	-0.536677765554	0.208455878135
0.632384035564	0.760798992928	-0.145860631849
0.996686631167	0.218642562851	-0.769022552916
-0.799814697695	0.542242913854	-0.257427799053
0.789796965804	1.43514945839	0.445603092725
-0.231409655981	-0.778017199154	0.584070893761
0.392183221992	0.83058729857	0.314761330929
0.564873980262	0.308209952728	-0.765456733893
1.90235423176	-0.101209189247	0.729065995743
-0.316902066872	-0.539438495626	-0.780114856575
-1.94902871113	0.662381289575	-1.57909815053
0.942420709787	-0.284642503428	-0.175561530546
-1.52007705569	-0.244219002509	-1.45564494791
0.781092060871	-0.229343186729	0.580772670797
-1.45981873316	-0.0710868490909	-0.835796269056
-0.122281202571	-0.00809386783207	-0.992462491383
-1.16435464918	0.766346924172	-0.96732480409
0.420378696681	0.210782119267	-0.882526288319
-1.87014279074	0.540634464972	0.832654734755
-0.410841259378	-0.262558630976	-0.873082140977
-0.28809495466	1.91444419656	0.506441891666
0.186150788758	0.485327577965	0.854286266957
-1.69726998655	0.471559359333	-0.337992298441
-0.617995521761	-0.191066759241	-0.762610666459
1.68339033233	-0.801608378507	1.49336911016
0.452078812237	0.325542297501	-0.830449854033
1.01849223934	-0.0224834561873	-1.10975275451
-0.420646128766	0.782376727051	-0.459285849253
-0.36749744192	1.51500095416	0.581258963236
0.891755943399	0.141092497015	-0.429958422058
-0.0985098754408	-1.38469391871	-1.52908222654
0.192600594463	0.292212831987	-0.936758598485
-1.54351563123	-0.566612810827	-0.821082736947
-0.920607722846	-0.232026799138	-0.314077992094
-0.63655137947	-0.752907899182	-1.66840502071
0.23473383685	0.428324132563	-0.872604413982
0.786502708367	-1.80785640243	0.609232820371
-0.610141902936	0.780497311952	0.13620133743
1.08787752984	-1.38666306086	-0.154344683359
-0.696732945606	0.681353953084	-0.224321182959
1.64534211521	-0.00516961179013	1.64214213169
-0.259050755014	-0.907297883007	0.331214821252
-1.09423964449	-0.86200984257	1.80130536792
-0.944726256851	0.140128579419	0.296405601914
1.54747963928	-1.02210914244	1.23336428193
0.515806241004	-0.697931504638	0.496825458863
1.04045995433	-1.97587325834	-0.181680495523
-0.181756302144	0.669097098877	0.720606493799
-1.50222529959	0.594876135458	-1.35391846726
-0.466513714534	-0.601252761631	0.648737289497
-1.84642140186	-1.52312512663	-1.53789970077
-0.431237003452	-0.411057505144	-0.803160241993
1.13899711917	-0.874905900517	1.52689081831
0.529719166181	0.258155337355	-0.807931573078
-0.124483131515	-0.390447605808	-1.01465584443
-0.608863644121	-0.360904387411	0.706422738886
-1.94560401709	-0.628816361799	-1.08336671947
0.744171090104	-0.391636149419	0.541138166388
-0.152132557973	0.741281338771	-1.39916768941
0.613965512879	0.507342530905	-0.604689924945
1.50513870824	-0.518307829376	-0.246311303204
-0.128294179112	0.5855154841	-0.800445014654
1.87105502692	1.46313346635	-0.328394236051
0.748889466812	-0.332378966306	-0.573313866268
-0.783188019003	-0.48294246528	-1.49721900148
-0.944821864988	0.324975486147	-0.041262293261
0.918268751635	-0.473635395207	-0.0834832071555
0.437466737084	0.861388316977	0.258133727591
0.353906902905	0.891104018232	0.822372506174
0.607677376866	0.591957455816	-0.529447425292
1.74771312536	-1.45242568888	-0.479354906837
-0.234963681529	0.871713579079	0.430008725972
1.17201002116	0.749049221955	0.222155813207
0.733362249099	-0.647500945817	-0.207177066209
-1.68598813777	-0.757644418664	1.72268127657
0.988980442749	0.0927986831012	0.115352018948
0.998237619692	0.651767754362	0.229504169909
-0.103113364288	0.252022086268	-0.962212295774
0.795121060733	-1.93875687485	-0.380307339667
0.234382509812	-0.0139321571551	0.972044615278
1.31848082187	-0.211393820754	-0.39041547616
0.893133669428	-0.308865155652	0.326977926103
0.204361832299	-0.309062299624	-0.0586793041152
-0.0771081150831	-0.16620344539	-0.983072099761
-0.55974195944	1.97325513603	1.72682221164
0.5446740543	0.837059635248	-0.0515881925419
-1.74101719244	0.961506563047	-0.379546956456
-0.104329561751	-0.48104782942	-0.870464432562
-1.94257916796	-0.770195792406	0.600878021218
0.641270374995	-0.43799012188	0.630029332087
-0.475937734518	0.159707888734	-1.20439181682
0.422474451537	-0.036705451328	-0.905631297848
-1.12396445716	0.962683818123	-1.40683926783
-0.20192596076	0.835179631336	0.511567092152
0.910368899658	0.723637812551	-1.53294964391
-0.799239708583	0.451728044654	-0.396431156567
-0.30324919725	-1.9811828888	0.102561236412
0.748639076044	0.603397832071	-0.274682707997
-0.995593656021	-1.94619986674	-1.7658434532
-0.262095539712	0.662034242345	-0.702151401071
0.758881807285	0.167275065427	0.699818913642
0.685651246113	-0.554445824592	-0.471669583815
1.31801655032	-1.76924459929	-1.11371162451
0.483435204964	-0.0357982302817	-0.874647865892
-1.66523145384	-0.617604172783	1.28832846545
0.665222300918	0.623951944583	0.410077140563
-0.133011902512	-0.66368614643	0.786686034624
0.736219343493	0.336988905341	-0.586872691428
1.78700387642	1.8510449809	-1.55872845272
-0.749130913217	0.649970949728	-0.127830510334
1.01834677032	-0.940637782293	1.26880756242
-0.227380826927	0.328791368374	-0.91662107527
-0.359211253628	0.991962486346	-1.47207595822
0.700590548094	0.708007328992	0.0888735394471
1.96058350362	0.617760604266	1.77241257254
0.0337753921733	0.318486644083	0.94732543533
1.64745242989	-1.02288599084	1.58763584207
0.283150355698	0.303649589217	-0.909737766082
-1.01655549079	0.260513729092	-1.70418430719
0.487621356856	-0.738634433403	-0.465450949219
-1.72711332457	-0.352395800356	0.383426747654
0.10019146577	0.906615760834	-0.409889658804
-1.87917064724	-0.166060114987	-1.77120515317
0.559183507018	-0.253910417329	0.789204222905
0.837334351877	-0.444344461407	-1.76687742595
0.0467824517999	-0.19000265739	-0.980668339648
1.51961077203	-0.0074099761543	0.106700043573
0.19560241033	-0.632658804235	0.74932138265
-0.748408766193	1.76993491483	0.111393384169
0.749996952553	-0.226136354975	0.621584201954
-0.32453926025	1.35474125433	-1.11053295325
-0.960191690328	0.0422476525546	0.27612869043
-0.380372814869	-0.118582311491	-0.01580452179
0.512016589522	0.607435396391	0.607339486009
-0.839542796094	-1.00477668026	0.321100848691
-0.449072444331	-0.487538310041	-0.748759197596
0.374921366877	1.92319480824	-0.301300704055
-0.300497794295	-0.346277769291	-0.888702864921
-1.02645129755	1.3009394891	0.310261619698
0.322168077869	-0.154177585168	-0.93404336186
-0.966123336946	-1.80850218898	0.234067126669
0.299958658041	-0.0346607515578	-0.953322314733
1.57996945703	1.01149578474	-1.7270503515
-0.988264263768	-0.069567298945	0.135993146432
-1.84656978728	-0.308031484525	-0.401090282943
-0.0320106397708	-0.523460152382	-0.851448640735
-0.201563976231	-1.29250409989	1.78896981646
-0.236956027946	-0.00736931551978	-0.97149242612
-0.698835664961	0.767503259271	-1.59374256776
-0.371131826629	-0.353597789966	-0.858620853575
-0.664199650947	0.985146481924	1.30152917722
0.80262359746	-0.450497668529	0.390956789747
-0.317927851583	-1.21174574453	-0.525013569392
-0.773245256872	0.150130741244	-0.616078349935
-1.65496400753	-1.12294738448	-1.69659888354
-0.531242388452	0.0075775925722	0.847185991859
0.0354696105618	0.336672266716	-0.686442677302
-0.448182182213	0.274054948019	-0.850897536142
-0.211043812027	-1.33630623704	-1.31624898762
0.204585143511	-0.452183448576	-0.868144600794
-1.88295578028	-1.86620080719	-0.889815929984
0.326366379057	0.708771613704	-0.625402099636
0.406107986212	1.49555015371	0.288814077408
0.393767929795	0.790614301602	-0.468909206102
0.187506694933	-0.278095329711	0.245544488785
-0.62725449913	-0.227756921534	-0.744767465733
1.53283860352	0.471417163145	-0.630618618641
0.478102093231	0.37938549473	-0.792139529904
-1.46770204555	-1.43201308418	1.46696208133
0.996675926329	-0.0769968569408	0.0266192016791
1.60705955994	1.15542886707	-1.28256643331
0.628853871518	0.545107327307	-0.554437381491
0.244517709075	0.951169409695	1.82478805603
-0.33451980555	-0.601728156319	0.725272173455
0.0877811696257	-0.825767309564	-0.792995378083
-0.12857227138	-0.61645830867	-0.776819364269
-0.0295430568094	-0.97238809164	-0.684703233547
0.128273406825	-0.552753779651	-0.823413135785
0.64408047194	-0.28461650484	0.217896523328
0.188519181278	0.358271794777	-0.914386045037
-0.127346570333	1.67637602444	-1.46546328504
-0.0387685605105	0.238682682188	-0.970323438828
-1.61124858158	-0.724714369146	0.550442775826
0.901919540019	0.430293187439	-0.0372681657268
-1.65303791513	0.652556434701	-1.16631685246
0.571864706572	0.0294310329854	0.819819840986
-1.42072772509	-0.118718151441	-1.35345087175
-0.134311392686	-0.39200066489	-0.910107646666
0.267765290751	1.37215444023	0.146399806564
0.570115190282	0.519400457802	-0.636546804442
0.937313333603	1.52091545676	-1.16367647703
-0.100975051694	0.395667788141	-0.912825854346
1.86225645252	0.0896064828368	1.34013574355
0.44832771359	0.431328740889	-0.782916201461
1.90470241969	-1.22737327708	1.19376750379
-0.459853713272	0.154486093766	-0.874453320208
-0.272049329738	-1.91765249143	-1.95808108997
-0.830019093042	-0.184334276829	0.526392609724
1.90858342975	-1.84134456194	0.361060611544
0.130709057137	0.130797208866	0.982754919873
-0.330451411512	-0.555481608623	-0.117121034768
-0.268308812618	0.335102758247	-0.903170262181
0.928706384371	-1.58573077542	-1.45803821803
0.76503406644	-0.633916601394	-0.11345756768
-0.919619471534	-0.80598744817	1.09013716116
-0.702694609379	0.580701895616	-0.411102899987
1.88961002975	0.0629166587255	0.81759076226
0.414665331935	0.460757097461	0.784700936428
-1.67412362084	0.353787405795	0.239915710345
0.599605663273	-0.521621922017	0.606946141797
-0.441181268323	-1.06327392411	1.14610003754
-0.888167511172	0.200251178836	0.413591510398
-0.734135767522	0.149837678155	-1.87143711244
0.654447870697	0.023884543992	-0.755729788415
0.144640394511	-0.240526798575	-1.48561493319
-0.284607607191	0.268213164072	-0.920358739051
-1.16778850505	1.36445557336	-0.433885823982
-0.315920066956	0.348124761794	0.8826118408
-1.17182978457	-1.91489456227	1.08970561164
-0.0969370335065	0.458036119392	-0.883632347115
0.480156239528	-0.53003586723	-0.27015593588
0.478606982075	0.264076409829	-0.837376263385
-0.729902095989	-0.0524402389621	0.719067628526
0.0185131409648	0.583123409702	0.812172612607
0.730038513164	-0.0956691531586	-0.791964741374
0.593130043148	0.210315285855	-0.777151357492
1.35407009498	-0.713766131254	0.373267610467
0.621019489882	0.50733804758	-0.597446983978
-0.0490231709239	0.408000299844	1.11785633127
0.0394504033087	-0.567618894148	-0.822345703877
-0.211107074171	-0.693836346672	-1.75352848938
0.288492458073	-0.917661765272	0.27325626469
-0.80863973444	0.804070653273	0.490498474843
-0.162058236762	0.331257898146	-0.929518871682
0.837350115135	-0.7047730144	0.652040904511
0.724866388716	0.42509440021	0.542091753691
1.79226366081	-0.781171033845	-0.644889924606
-0.60435023646	-0.0309247802241	-0.796118364101
-1.68176987218	1.55372805661	-0.658460742425
0.0506088104772	-0.969290196906	0.240655900582
-1.18090473143	0.235581673674	-1.4627311706
-0.38469890713	-0.189373381583	-0.903407146972
-1.06992876279	1.7359464864	1.72357757276
-0.476491495583	-0.597515390979	0.644927292166
-0.787006603047	0.0859863257257	1.00909772226
0.516526334221	0.833196549283	0.197443805471
1.96129705935	-1.98154439337	-0.556866099838
0.441786955105	0.895625496343	-0.0517615359027
-1.58553799913	0.647018424018	-0.158251232075
0.391808677446	0.00953247062791	-0.919997332758
1.00165699427	1.93057891841	0.844149249008
0.206265310691	-0.371600359087	0.905189369542
1.69350556975	-1.66516917597	0.1964767167
0.441114321653	-0.375781144177	-0.8149887649
1.3221228588	-1.5950988608	0.35953317767
-0.350870363697	0.65499767053	0.669229437099
1.87004867353	1.95672470114	-1.45671188126
0.266629081489	0.217441560748	-0.938950531479
0.501628887081	0.649321262255	-0.909031383167
0.118684733365	-0.668755831809	-0.733947935134
-1.46159462403	0.683051373223	-1.01907983983
0.508186421065	-0.00491544233059	-0.861233069425
1.1909104333	-1.03214095247	-0.842921952619
0.405322282902	-0.578185856127	0.708106604091
-1.35132906399	1.31021647741	-0.216259420784
-0.440756155489	-0.762649077978	-0.473392432616
-0.783852054997	0.589048777581	-1.36051967542
0.032148096079	0.388290308386	-0.920976186626
-0.977008526925	-1.28882408899	0.464488952088
-0.744742939697	0.0713179312466	0.663529732909
-0.526527432317	-1.39626259091	0.72135015203
0.221005363743	0.282925931441	-0.933332495156
-0.514985757837	1.07349169695	-1.63637790205
-0.344948135798	0.582455419582	-0.736041077528
-1.04165416869	1.23404500087	0.0970687749564
-0.57248253072	0.68618312574	-0.448794462945
1.19027346597	-1.02154833154	0.727508468693
-0.149672693653	-0.988616195741	-0.015365620509
1.83662819506	0.364407453089	1.73855029331
-0.186520309107	-0.487404445087	-0.853022321631
-0.937150302916	1.05103950193	-0.707364659901
0.77675056479	0.516255472162	-0.360747623084
0.901528756565	-1.70813956106	1.55359658743
0.33896114871	0.475355166853	-0.811876102008
0.486802568655	1.95676069417	-1.96988384455
0.324890327468	0.293250409848	0.899138739151
0.185058410263	-1.62957397445	1.8098455458
0.433189812117	-0.213952204245	-0.875540427951
1.53453621672	0.583584219192	0.00100987041678
-0.659084800908	-0.388344137847	-0.644046625496
-1.72064225002	-0.846996961878	-0.396461485695
-0.748171199407	-0.254334472593	0.612824471141
-0.260200070501	-0.392214978545	-1.59602419013
0.415524195025	0.3300683748	-0.847581566167
0.947203223716	1.27385156305	-0.498584655577
0.1380767166	0.253220184652	-0.957504234151
-1.76773633277	-0.248373117715	1.37536196476
-0.333931914864	0.317556657255	-0.887494927123
1.33981335017	1.01652243523	-0.724216831082
0.110042536401	-0.0919186123	-0.989667423378
0.699209198747	0.335410815254	-1.30371482549
0.533322737003	-0.830400589013	-0.161250488257
0.603887364491	-0.35805289263	-1.13184224365
0.734589092406	0.383442307783	0.559777511088
1.25014803453	-0.88601545808	0.466322435076
-0.070153862323	-0.41416496834	-0.907494250451
-1.71880261467	0.846726422282	-1.14058626257
0.50877980563	0.112443010013	-0.853521926421
-0.083103792654	1.09777640512	1.46710456697
0.45361145538	0.0295332760674	-0.890710072444
-0.48380877975	-1.64896594519	1.20976724668
0.224314423367	0.329801285501	-0.917013713939
-0.796826612706	1.00299298325	0.726644469977
-0.759482916909	-0.616267843979	-0.208325810692
0.0813312387314	-1.91189355136	0.661477305387
-0.402773181681	-0.158331340766	-0.901501497863
1.97306727082	0.783588468151	-1.71754658123
-0.33273142716	-0.171101187707	0.927369495371
-0.775759245376	0.262924901002	1.68077398165
-0.10678344231	-0.697239824248	0.70883984364
1.54647053791	0.958811161056	0.0168880488663
-0.33918757604	-0.191601297724	-0.920999853947
0.3893634432	-1.45342274405	0.794928390485
0.644871398565	0.619506343825	-0.447607829772
0.930671934461	0.320839051639	0.41649280987
0.746946446843	-0.553240763765	0.368775897881
-0.127235251763	0.586267914031	1.55317368528
0.0878046260026	0.113669839602	0.989630999523
-0.142907965549	-0.0822059811582	1.09587319692
0.309238902389	-0.406902179341	-0.859535873421
-1.26385525565	1.61357926691	1.39417661478
-0.821901510563	-0.405480283146	-0.400079550732
-1.30992211109	1.19109260294	-0.50758970041
0.0542688625014	-0.5120263929	-0.857253675137
-0.187288234985	-0.451376205592	0.725756915754
0.552372696919	-0.599241354396	-0.579477525777
-1.46894207261	-0.505725856804	1.80756234649
0.170115758439	0.240718742564	-0.955570570763
-1.74937971207	1.13857535252	0.0612075477269
-0.748053631433	0.569495634389	-0.340720540784
-1.87676229148	-0.571395573089	0.397192507577
0.446790675596	-0.884955164212	0.131272424882
1.9856290924	-1.83538577527	1.09329870836
-0.801718769839	-0.358945475944	0.477917523625
1.24584857557	-1.76934075332	-0.437668137902
0.446323976553	-0.891794817409	-0.0741411599386
0.923793715368	-0.910254234104	0.5407107543
-0.342182170978	0.643304761229	-0.684887104598
-1.26740670921	1.24385554239	-1.64525951602
-0.404677026583	0.216928228653	-0.888357274845
1.41363630007	0.168428649426	1.19221903956
-0.558307418482	-0.599202548525	-0.57380234603
1.39722294969	0.427261996863	1.36737369251
0.384631011897	0.907340755728	-0.169681282651
0.0531837346812	-0.493631045485	0.601135011623
-0.115880776624	-0.620846438509	-0.775320156709
-0.498889357159	-1.65102896515	1.56155310319
0.73121465261	0.682066018785	0.0105393466293
1.30450831357	-0.533384571478	-1.25055674209
-0.0112751707259	-0.354456983627	0.935004340783
-0.488507609515	-1.79385575218	0.511138628504
-0.673810994095	0.420689052531	0.607453261837
-0.547182933256	-1.24488095653	0.350292052354
0.746479885896	-0.433306400617	0.50498845842
0.438304230393	-1.31352799869	-0.907161901676
0.625492351195	0.775620398133	0.0846895306135
1.99190202732	1.23111743968	-0.428879301032
0.332702475601	0.206284436604	-0.920193345957
-1.34979331316	-1.42357467511	-1.59330661758
-0.367373504594	0.262651262654	0.892216914404
0.252641918743	0.306039287042	0.758376227718
-0.777273762996	0.0761143292938	0.624541516822
0.965950041092	1.732695842	0.36239541622
0.203577083616	-0.765924933007	-0.609848643537
-0.964267595243	0.0745379663847	-1.42647676948
0.643316718591	0.577023623791	-0.5031772423
-0.723794372852	1.16438025509	1.54704272987
-0.221105826519	0.129376976854	-0.966630131612
-1.70611221819	-1.66020590961	0.339172050973
0.378139459315	-0.232270800593	0.896136610401
0.182394667285	0.833627850328	-0.138739665613
-0.160354696766	-0.3628186739	-0.91795913912
1.76167133598	0.600570488342	0.229514179604
0.224249290075	-0.463304219862	-0.857357250951
0.551050259731	-1.63318666313	1.3918222859
0.379346816305	-0.83332083313	0.402085043281
1.64416564068	-0.990745122553	-1.28146709447
-0.637100244756	0.0883305429686	0.765702940644
-0.389983506302	1.14985497219	-0.255604638064
0.2295657559	0.569924059308	-0.788977902314
-0.00214511907184	-1.29253743899	-0.722591468809
-0.669678312881	0.233868694165	0.704866222163
-0.92216652818	-0.301683965734	-1.59557555529
-0.603849470096	0.157650002704	-0.78135286146
-1.73803280544	-1.75914147583	1.19576998353
-0.515338301937	0.726199551028	-0.455039170449
0.891903781825	-0.211642075797	0.067268819553
-0.470092468986	0.0169185220175	-0.882455004074
0.89229575189	-1.68591640644	-0.995548204995
-0.631391871142	0.284692260597	-0.721314509636
0.928954304783	1.4238432248	1.54451037941
0.556819498836	0.509732962781	0.65583866337
-0.956045844005	-0.479542075143	-0.761653456478
-0.0893350260936	0.834268989153	-0.544072152247
0.0452320062384	1.60406006158	-1.58389323412
0.704047864473	0.698958498937	0.125593078209
-0.887825116596	1.17146384989	-0.770982696267
-0.501436108413	-0.737702040799	0.452059208712
1.52798205952	0.903327413738	-1.81462539829
-0.141394746752	0.989198421922	-0.0386523952336
0.311803784187	1.77908121651	0.0551343449947
0.0832544139118	0.593943516517	-0.800187354157
1.39130480824	-1.1301524292	1.01364748138
0.099561909271	-0.14902469669	0.983808449851
0.72192395539	-0.78102168703	1.9131052908
0.73220257457	-0.396769826558	0.553582057627
-1.83935508371	1.14263635635	-1.46401753808
-0.291659550011	-0.847503676122	-0.443477424281
-1.7399105801	-1.23305543471	1.3044275421
0.415105668559	0.261119615155	-0.871495169529
-1.05993974353	-1.98875452065	-1.66557241161
-0.965425902518	0.118341749398	-0.232267210552
-1.93162881422	0.353722965613	-0.729554644835
-0.376203357081	0.352802033748	-0.856739026253
1.89611820238	1.17123313783	1.40879105435
-0.406001295815	0.423632879206	0.809751894997
-0.764945320862	0.95966968195	-1.71832379767
-0.391758567932	0.629283544632	0.671213412342
-1.38046012571	-0.668589130126	1.18013952431
-0.377099114547	0.132221764049	-0.916686240172
1.85860195713	-0.822307856307	-1.14726615017
-0.108738700818	0.662298320184	-0.741307513806
-0.0197520764764	1.42651003402	1.82952014228
-0.547692257784	0.566528586934	0.615693552792
0.552935696225	1.54895017479	1.43665128687
-0.0247029860036	-0.237812607327	-0.970996872435
-0.485987186619	1.88316984961	-0.343970188227
-0.421564329906	-0.443555888706	-0.790911935266
0.672223549784	0.240198487962	1.94356772281
0.0767967880827	0.834306942733	-0.54592506688
-0.445275059937	1.33701909716	-0.448041101697
0.299171693272	-0.155666426773	-0.941416093723
-0.056122969712	-0.565798456098	-0.0484135965753
-0.726673808988	-0.404437587304	0.555315597932
-1.47641630699	-0.883712048125	1.65935842179
-0.146738130951	-0.513027395254	-0.845736845977
1.17167547108	1.17871449821	-1.83256469297
0.926146369043	-0.0346103175831	0.375572934363
-0.125016675787	0.594257170909	-0.750539749591
0.846731857387	0.00429917973411	0.532002517607
-0.501436128644	0.157570448608	-0.997459330023
-0.415486398277	-0.827597454388	-0.377430134379
-0.79018335772	1.35250330461	-1.76190315897
0.34840657618	-0.716489554418	-0.604363777939
-1.18397598339	0.540905354967	1.56883274983
0.950786891309	0.221008132077	-0.217162825711
1.98387818076	0.41175072438	1.02536042828
-0.448480939747	-0.178704548676	-0.875745129
-0.885621737571	-0.55002826729	-1.84537033231
0.566721923391	-0.201165487973	-0.798973533978
1.4950469155	0.65190676778	-1.17054213104
-0.137499051117	0.979691657256	-0.145939260121
-1.16453312399	1.72376263574	1.26923910463
-0.242336643375	-0.0720062839502	-0.967516432082
0.178379051884	0.222367101802	0.833452711954
0.441691576427	0.434848582311	-0.784738976842
0.419674443292	1.26209365458	-0.381829489948
-0.403757528385	0.456967571371	-0.792565768241
-1.69206782645	-0.393979428874	-1.95593065134
-0.516322258604	0.408480984345	-0.752698220204
1.93349406191	-1.86475287908	0.470064955568
0.480418492299	-0.295304256415	-0.82582895832
0.992353739666	-1.46935084795	1.92313241106
0.296027056814	0.213014748202	0.931124427068
-0.793364512379	1.00340666619	-0.446585545181
-0.790300302834	0.14630823805	-0.594995235964
-0.055592132405	0.00107338887132	-1.54482139106
0.186965566926	-0.271807844163	-0.944015027759
-0.666926405495	-0.821002303153	0.0672950961772
-0.627611010148	0.4408364457	0.641691240461
0.879894054118	-1.03455951504	1.14860932865
0.871325042528	-0.45630674073	0.180490522267
1.79978872432	-0.859100422511	1.38234707225
0.721836269931	-0.690174322768	0.0511058079246
1.22283614338	-0.827866050581	-0.43525508091
-0.559574713991	0.199230836017	0.8044769813
-0.936120049686	-1.20522163415	-0.0145961927726
-0.650198458489	-0.724023859139	0.230285509697
-0.137855994417	-0.109083418793	1.2950500463
0.110409554556	-0.257349180923	-0.959990171481
-0.372721298711	-0.540090168085	-1.78736960549
-0.589334428991	0.174851148351	-0.788740772831
-0.029318314624	0.971781906889	-1.38708474599
-0.125609778928	-0.301585106219	-0.94512888388
1.72919899012	-0.791979619206	-0.297080985144
-0.717016327607	0.693911617278	0.0661381384061
-1.67099169524	-0.423722528206	-0.588679870162
0.782574778591	0.343918197721	0.518938328889
1.60992446411	-1.43638797765	-0.828173891996
0.838122470571	-0.463911771375	0.286943535743
-0.142687660735	-1.54013618383	-1.23282522279
-0.649911355505	0.105074437	-0.752711493651
1.5680887989	-0.699937897779	-1.41594060593
0.516678340938	0.632852122644	-0.576664272234
1.94106265279	-0.786670616268	1.2837348366
0.110830365074	-0.992039750179	0.0597809688975
-1.26242470385	-0.690220645292	-0.43560747219
-0.6346874551	-0.295056265024	-0.714222398703
-0.625807794444	0.155804415889	-0.716300439359
0.538468290498	0.0706072021706	0.8396823942
0.928635868012	1.36675338848	-0.589979146536
0.281666511625	0.183468618551	-0.941808495521
-1.23307317365	1.98770565713	0.674159867333
0.335899685508	0.427795692957	-0.839143757865
0.643408190066	1.461916524	0.74003731246
0.41969844985	-0.329380575016	-0.845790546173
0.875964061409	0.669930221387	1.23170939182
0.625092319641	-0.780050666983	-0.0279383046263
0.678118599312	0.976782290879	0.964301470874
0.624758397306	-0.231921650374	-0.745579836827
0.914397387727	0.267270233746	-0.54511937295
-0.413191879278	-0.852578100819	-0.319973519066
-1.17104416157	-1.07573158428	0.864226900602
-0.0819802984495	-0.324978194168	-0.942161559384
0.438464124421	-1.28585114336	-0.128764816986
0.226357923284	0.301469817081	-0.92621705877
1.14593725235	-0.567515164359	-0.454464564542
0.781639806082	0.346456501381	0.518658949791
-0.309855854104	1.4796533941	0.77551729311
-0.410484908678	-0.234323112137	0.881246173817
1.30337492896	-0.290485890685	0.217078511951
-0.0210385812374	-0.0849319880017	-0.996164612659
-0.964841131311	0.486872471623	-0.468816127061
-0.493955757737	0.513454239319	0.701692563395
-1.29108540023	-1.11534163649	-0.402749917573
-0.0763653835133	-0.942654199481	0.324917510149
-1.61708281861	-1.87703257975	-1.36549454572
0.282427345072	-0.513116209502	-0.810522393461
1.68643527188	-0.292647849849	-1.06546299931
0.0191534686168	-0.199371621052	-0.97973675105
-1.07507030186	1.00927511891	-0.774504082046
0.458428114138	-0.364384819144	-0.810596920637
0.583511565487	1.0256056174	-0.900538568839
-0.564338885592	0.662353744132	0.492756674072
-0.0594868133421	-1.0919593466	1.68411761743
-0.700759204563	-0.0354162653786	-0.712518228094
-1.73140317666	-0.334027629949	1.93340874734
0.871658254592	0.45258786081	0.188085394035
1.94380444549	-1.08466908672	0.877893709093
-0.158556627949	-0.844710127862	-0.51119917412
0.435563624546	-0.0615059965131	0.22585304401
-0.130737843619	-0.477841227484	0.868662982728
-1.30049599051	-0.432785967714	-0.193641839056
0.917484636328	-0.135518944333	-0.37397400689
-1.69469100416	0.963837208624	-0.932018947291
-0.122225062564	-0.765981783623	-0.631136230333
-1.58360202024	-1.64861243113	-1.96031482565
-0.0609450030642	-0.429261911116	-0.901121478085
1.96378841268	0.6200409702	1.87892358827
0.65712681443	0.342047093192	-0.671705393603
-0.394609569162	-1.66190812013	-0.801643773081
0.898550838146	-0.39543864523	0.19035406254
0.36773798284	-0.611181462082	0.010927872956
0.64821347612	0.385814764064	-0.65648020321
-1.14157508226	-0.442159057882	-0.445783288506
0.657149055108	0.299437813251	-0.691731245042
-0.290955994093	0.894754759511	1.46095079708
-0.674754748723	0.221628140268	-0.703979400634
1.13602507443	-0.319285625178	-0.546354864302
-0.702428318919	0.0133831728739	0.711628658406
0.284223039936	1.69899565833	-0.563178511617
0.623233153614	0.781938311147	-0.0123658318818
0.0207835807159	-1.72993350312	-0.127043155049
0.389418880348	0.449430161408	0.803968572548
-0.240913475272	-1.81406124858	1.49756529202
-0.573799369367	-0.728973919571	-0.373297881456
1.84976684847	-0.959691156874	1.51811429695
-0.0832074979463	-0.420647069874	-0.903400550637
0.175830227592	-0.1225786224	1.20453356636
-0.308233973757	0.770511194536	-0.557946517613
1.5961958853	-1.42173639674	-0.102812338464
-0.753833868062	-0.364855439182	0.546456775841
0.648993254273	-0.140235470745	0.414926815989
-0.241047093586	0.960143752267	0.141493016281
1.83480691859	-1.25181406435	0.588498902937
0.39337221502	-0.803476725056	0.446859544761
-1.85689639364	1.01827052657	-1.69932482515
-0.0368405962462	-0.390157814892	-0.920010679257
0.575914220727	0.565098299339	0.241502668121
0.109163414071	0.066782485144	0.991777923079
0.982445342719	1.05500882134	0.840965686652
0.410203796776	-0.447849824757	-0.794457915547
0.566228009895	1.80956746916	-1.69932488416
-0.755742545804	0.44309116967	0.482206822663
0.159022785043	-1.19611021782	1.22196830244
0.353561623368	-0.180278029779	-0.917874724818
-0.018981214225	-1.27669818085	1.32695288553
0.0102020432937	-0.432344293606	-0.901650891476
-1.43866143612	1.60175853291	-1.30623849567
-0.223766699772	0.511506390782	0.829632253629
0.133416733152	-1.53796010906	-1.85063624957
-0.100066184682	0.358745187849	-0.928056382381
-1.66094709605	0.541283038603	-1.67063798223
-0.76977039946	-0.544310355094	-0.33343630494
0.858745918261	-1.68292933446	-1.32444275145
0.741415323083	-0.533652218853	-0.406839806326
-0.83365798296	1.91460972821	0.393594699307
0.733233306582	-0.312043051057	-0.604150686837
-0.843213233208	0.330313999661	-1.99990272936
-0.575041780439	0.694398516867	-0.432594094414
-1.49690519835	-0.465082328458	1.46020691708
0.108541583124	-0.277424322412	-0.954596495943
1.43749670584	1.65598206733	0.567366067236
0.623487456608	0.714821649962	-0.316691332685
0.680015952406	1.07164011718	0.685286803745
0.676910451156	-0.189968859975	0.711128731916
1.7146708607	1.2666924592	-1.20680336611
0.622807664348	0.290186978195	0.726568737915
-1.80975645439	-0.475459991477	1.71493689759
-0.286298353137	-0.651457838059	0.702592298721
0.0914638125474	-1.6373545215	-0.922729050493
-0.77627920494	-0.138571498264	0.614970353632
-1.86612620045	0.355034435181	-0.8301226624
-0.114145521526	-0.354077747109	-0.928223975621
-1.46475722656	-0.719913220335	1.985421712
0.103660306891	0.538711813855	-0.836088585252
1.75778841919	-0.277424011615	0.420926274024
0.380484876996	-0.398383850281	-0.834578675867
-1.50815212916	-0.622846419572	-0.748780318097
0.667755423278	0.640972363601	0.378493228185
0.648730658941	0.650426632403	1.58363323885
-0.393025185176	-0.832653056078	0.39015393375
-0.815832754547	-1.17741318013	-0.853533463997
-0.809133768134	0.299950650617	0.505304019834
-1.22902053101	-0.889215940528	0.657632279994
0.840987665239	0.0582382499754	0.537910822679
-1.01247109116	0.435424296632	-0.169866016891
-0.536936481964	0.466158841288	-0.703132383713
-0.406622475442	1.17705328499	-1.92169581105
-0.131397276077	0.278997324018	-0.951259822041
0.195564995168	0.488256821712	-0.111555413431
0.0890453558981	-0.0443190943988	-0.995041075768
-0.469896478918	-1.89525656895	1.65534849776
-0.505544283756	0.225277062469	-0.83287167216
-1.38150468822	1.11174983049	-0.111059303914
-0.605130563935	0.541387635215	0.583709199026
1.6280861265	0.469090359861	1.5713814899
0.317847965203	-0.730938892139	-0.603904799596
-1.51210641323	1.38973320268	-0.263338357941
-0.287852991731	-0.157290719581	-0.944669404969
0.372154490486	-0.331447491737	-0.628533432009
-0.649364973638	0.423170587896	0.631863738912
1.27923660348	-0.540204317237	0.698279266579
0.23011205218	-0.278453950587	-0.932476187816
-0.473609790116	-0.0450937808683	1.80774773389
0.739411102589	0.544289113905	0.396258226228
0.43229601025	0.872676587511	-1.28933521773
0.0692408998966	0.0634289080409	0.995581474017
-1.68102686397	0.418631773983	-1.72130743619
-0.399472542671	0.111560516372	-0.909931831973
-1.20574402824	-0.909488145745	-0.332141184546
-0.645873841455	-0.276677248211	-0.711545277018
-0.377705057241	-0.150208097288	1.27621637502
-0.254683301509	0.501859985335	-0.826603273071
0.0513159884328	0.126337073925	-1.74042138931
-0.318138474056	0.398364226621	-0.860287076664
-1.44514523073	1.34475706427	-1.88924641144
-0.0856345150055	-0.379393818579	0.921263838574
-0.168127447778	0.539860922529	1.5297240164
-0.618535671436	-0.678880635205	-0.395644671777
0.706329818867	0.318402601639	-1.57348515216
0.170440389173	0.329794722022	-0.928539452616
-0.967709925513	-0.887163195019	1.28394844843
-0.954179587089	-0.205616957578	0.21740051136
-0.231841888155	1.73932837571	1.40616421063
0.489556908915	-0.536295647165	-0.687547097853
1.21728424972	0.932328100683	-1.6769824201
0.0268782168002	0.405107480305	-0.91387389221
0.601657054747	-0.19208509352	-0.78147271495
0.106279968536	-0.653874740687	-0.749101055786
1.5734466727	-0.78236924584	1.10345270505
-0.371740874776	-0.463773682176	-0.804190707321
-1.75110525525	-1.08498609823	-1.56381409237
-0.710948631172	-0.702232925634	0.037695649477
1.61773239426	0.698883786758	-1.71026351559
0.545131347505	-0.580850765614	-0.604519811134
-1.16844224933	0.675611933265	-0.46825250225
0.348977398883	-0.842221440123	0.410947467283
-0.711831981806	-1.9075473676	0.0366872036222
-0.951558759735	0.229397187663	0.204726297928
-1.7307755627	-0.239469548847	-0.689296126954
0.414568732414	-0.321940031596	-0.851168245508
0.218910888646	1.20002117854	-1.87462925009
-0.213193039627	-0.216506811119	-0.952719018701
-1.3306934573	-1.84666116764	1.62614391495
0.819092182567	0.555806749518	-0.142010047702
1.2679030303	-0.114958642534	-0.177648906921
-0.178024087334	-0.134908827465	-0.9747343395
1.48496507993	-0.206619496239	1.30407893041
-0.681598798124	0.161579311759	0.713663228986
-0.0581961958758	-1.00780583717	-0.0198724667543
0.823004482451	0.489683366536	-0.287878138113
-0.2438701006	1.48729191324	-1.77048027804
0.735017738208	0.53823309259	0.412376117835
0.834702177081	-0.120578457465	0.404987057979
0.737879590936	0.658926719171	0.146113955672
-0.299133695364	0.874492223659	0.121316526075
0.184883342969	-0.669157529208	-0.719754368238
0.876734869822	0.888901756811	1.71626737192
0.00331250493928	0.286471067614	-0.958083166918
-0.517299894539	-0.796599185042	0.78315397417
-0.395158526825	0.765341128186	-0.508038085368
-0.847869016883	-0.942973318743	-1.09059621244
-0.829020293097	0.538076631085	-0.152311827232
-1.49374929652	1.21555067656	1.29298487034
0.0846047476263	-0.765649325153	-0.637670093052
1.38992197537	-1.40935529992	1.23705552934
0.21490355173	-0.957384260172	0.19295554366
1.98119185552	1.52567092412	-0.133786637812
-0.738754181298	0.153905344587	-0.656167207746
1.27702727716	0.745117208828	-0.209431002093
-0.191593995812	0.462675599694	-0.865576703832
1.32383746991	1.03768874645	-0.134470831496
-0.349277383395	-0.0790518209678	-0.933678809361
0.15059728	1.53424583189	-0.771548100874
-0.718627591142	-0.665502352224	-0.201695325763
-0.0633265635831	-1.59864541634	-1.36576371745
0.462257322818	-0.588161117326	-0.663614848815
-0.401143125874	-1.98816721391	0.979159686772
0.476221360296	0.753775094671	-0.452809366788
-1.30980590476	0.313057685177	-1.69301241858
-0.259169344776	-0.930786440057	-0.257813602695
-0.018424769088	-1.43046529118	-0.0561230642797
0.639592821388	-0.754319611319	-0.148063995651
0.786373621383	1.35814749026	-0.109386813457
-0.150140218907	0.862433704803	-0.483390131763
-0.138636171428	0.375750816767	0.681101334582
-0.501843694466	0.112997316704	-0.857545633038
-0.0507182371365	-0.508388160607	0.767827707549
-0.275461791077	-0.434001713441	-0.857766468444
1.78757463241	-0.764259794626	-1.84632355153
-0.529847264286	-0.752732720305	0.390711310701
-1.65758791972	1.09255529552	-0.704536048989
-0.586480713649	-0.465338733213	-0.662948139668
-0.440437973294	0.581375656367	-0.0391364551925
0.82700290172	-0.472150396494	-0.305188799985
1.2247425558	1.92878316647	-1.00006707624
-0.329051240682	0.457083590533	-0.826317053116
0.0989822190838	-1.08035299297	0.808176569067
-0.551476610777	-0.625077046651	0.552405859415
0.946933925914	1.02192334321	-0.305243508491
0.411518359644	-0.392887454696	-0.822369799798
-0.791916695677	-0.983070169422	-0.490813597498
-0.650776226542	0.246858324943	0.71801899026
-0.507858376673	0.955645977991	-1.8442593102
-0.893878658938	-0.184426765706	-0.408616826853
-0.199217825821	0.545653649218	-0.635716790332
0.0690873906622	0.503533557273	-0.861208969502
1.1079957838	-0.166510279542	-0.91105223477
-0.448080791866	0.466690006128	-0.762511666889
-1.62721797773	1.43620281302	-0.951279880835
0.836906270562	-0.207633540539	0.506434800481
0.330070303771	-1.19718512003	-1.1907968781
0.246670767573	0.0755939831023	-0.966146511738
-1.2969721527	0.95163622814	1.99645398559
0.170653758896	0.0834922315493	-0.981787320068
-0.482887214681	-0.302245595336	0.783645942989
0.385983208819	-0.305762600015	-0.870359807747
-0.80604055452	1.79591598506	1.1477829047
0.475885283022	0.543448712774	-0.691517674385
0.198882838447	-1.20070784502	1.99402963414
0.181312126554	0.0572330240356	-0.981758775731
0.328284479906	1.01160134242	-0.551153807112
-0.0421139154823	0.739159110527	0.672212933116
-0.668728402	-0.396484548093	-0.863943082077
0.44930548105	-0.171747442397	0.87671397886
-0.929069503208	1.16910906714	1.22672082295
-0.741789318941	0.5557674026	-0.375328123795
0.0355291689294	-1.58295738048	-1.67308964469
-0.111968644241	0.0903267600846	-0.989597948219
-1.20162821409	-0.208842327262	0.680489592664
-0.48860222994	0.804054117536	0.338769592748
-0.945931194406	1.79172736269	-0.55304716771
-0.261568173147	-0.822443743309	-0.505141940338
0.759083834045	-0.15073427477	0.892551694414
0.102286265962	-0.371360283716	-0.922837504371
1.50473512727	-0.186262171897	0.366441794117
-0.264689087504	-0.251843858171	-0.930867529812
-0.76289363642	-0.918208854749	1.65156016739
0.194167304397	-0.649026392516	-0.735570390732
-1.23413298101	1.53344768618	0.281917187947
-0.598645817192	-0.398196759901	-0.695026996571
-0.996795348651	0.897466319279	-1.65435611048
0.802449641198	0.43782333033	-0.405444576681
-1.24396439349	1.36475531727	-0.461078767791
0.51147051375	0.352855491031	-0.783511911852
1.37903744964	0.339775744328	-0.796585290023
0.906993052594	-0.373872389197	-0.193863454891
0.218154605766	0.144743679712	-1.64202787521
-0.223611990672	-0.394439491832	-0.891299705436
-1.48806134907	-0.870001665743	-1.96212384877
-0.890027615455	0.0393805016413	0.454202619783
0.89838027402	-1.03956871564	-1.79718137166
-0.464263196544	0.829626434738	-0.310128462284
1.37277520572	0.178308322785	-1.67152646816
-0.352702857973	0.436211863381	-0.827840506513
-1.96969472793	0.116982423944	-0.422443991834
-0.845697904451	-0.485392568373	0.221786178504
1.04671971993	-0.398988743764	0.550459368077
0.39452791899	0.477589601895	-0.785019677014
-1.50573723148	1.72820893757	0.81535850195
-0.53109192559	0.757060436798	-0.380527083935
-0.112680868789	1.26705726251	0.706594632754
0.70525942812	-0.707347055748	-0.0476369790326
0.467381323818	1.03788133011	-0.346756191328
0.11331521676	0.737542663066	-0.665725530387
1.57633198569	0.985765588857	-1.75911253821
-0.528561117524	0.223300894282	0.818999301376
-0.891520269508	-0.393830473107	-1.95505774584
-0.995154663188	0.0884874506715	-0.0428621908914
-1.67140999552	0.0303058837756	1.57524187295
0.799391423741	0.352149427385	-0.486789618256
-0.0552876676	-1.10273373603	1.6376528316
-0.708123402775	-0.533341332811	-0.462718347549
0.903491904428	-1.87886529802	0.497994353463
0.498607987278	-0.865140967999	0.054047946424
1.73118493834	-0.383234102324	0.678043083267
0.682527473345	0.31432940143	-0.659813061045
-0.422433380031	1.89846357851	-0.735726465054
0.589522066443	0.802717787642	-0.0900438036707
-0.879211223534	-1.05314720894	1.29904127489
-0.318128659765	-0.205902112339	-0.925418000674
1.77048453372	-0.790015001966	0.746853457346
-0.743482592978	0.463982692571	-0.481615712922
-1.65791042461	-0.624084426205	1.78345566798
-0.638604141834	-0.568804751556	0.518310625628
-1.00515077152	-1.61239124387	1.25304159597
-0.986322063643	-0.102909049212	-0.128757579821
-0.292423107559	0.914492690029	-0.236595575755
0.0498025638617	-0.041417398645	-0.997899946749
-0.0923483058014	-0.098990656017	-0.395065265449
-0.00276266175665	0.0659986805243	0.997815885757
0.903257875987	1.47714079674	0.363646515403
0.411914204094	-0.51273040025	0.753282301083
-1.22536639691	-1.16111032995	-0.509928127814
0.516970388177	0.537869411294	0.665911491223
-1.10608359542	0.942920785413	-1.16762809844
-0.711927018443	-0.419291139622	-0.563342578406
-1.15824879836	1.77513746534	-1.06913742851
-0.682258099359	-0.0164750067325	0.730925755472
1.74294058221	-1.43051480313	-0.729927646706
-0.00490328371767	0.199368662343	-0.979912289077
0.0120555713527	0.157791671514	-0.0195719763753
0.277536203292	-0.642077083008	-0.714640241896
0.297441634466	-1.11084494207	1.0967516339
-0.883407091313	0.0975640231477	0.458337400181
0.876823744587	-0.580896782751	1.17455488033
0.592863222647	-0.00886462548118	-0.805254380707
1.79022388499	-1.66583587331	0.666448947796
-0.29994012853	-0.389463330619	-0.870835365268
0.744488497425	-1.06202561831	-1.89178663642
0.375788355078	0.444309804848	-0.813247754072
1.67317010591	-0.309451461133	0.219706319158
0.636209943852	-0.576096197781	0.51317645917
-1.62692656737	-1.36646268552	1.22231708895
-0.234263420139	-0.754192457941	-0.613444688924
-1.3523809251	-1.45026899538	-1.96292051515
0.518220824848	0.666909334503	-0.535424239502
0.222227071786	-1.51601802395	1.81829371834
0.306979909845	-0.507828198328	-0.804906116224
-1.70457693626	-0.100993628181	-0.309245451024
-0.684434227816	-0.512645194063	0.518405915088
-1.98704738024	1.78896756035	-0.27639780895
-0.727229214168	0.484133591242	-0.486572025389
-0.992700914698	0.462464791241	-0.628304561429
0.388247065402	0.0824072805477	-0.917863419208
-1.17850003689	-0.726584574912	0.00586775306658
-0.39795714439	-0.0189941609966	-0.917207355551
-0.57485219691	-0.535493546929	-0.886092117178
0.266396323163	0.842390875894	0.468412864058
-0.292927364905	-0.204673013202	0.405968553067
0.0529397318012	-0.436201730645	-0.898290284362
-0.86332066458	-0.613019480355	1.7796722828
0.217910758018	-0.0329179658727	-0.975413404185
0.933430790266	0.504987828491	0.673850144536
-0.345799011514	-0.332755793938	-0.877323557895
0.721604101768	-1.83252553433	-0.898217027904
0.785473036963	-0.615697485205	-0.0628388010329
0.404832220852	1.46612393329	0.477580995679
0.110899116453	-0.429336968531	-0.896309741898
-1.5659041339	0.969714806981	-1.75058601923
-0.538628850899	-0.557770021973	0.631483620981
-0.211223138279	-1.5714749047	-0.384815201336
-0.756065218082	-0.644468470836	-0.114130522233
-0.505788086264	1.42829483647	-0.318988382235
-0.38283893099	-0.72977191386	-0.566451504243
-0.9415738415	1.34717449222	0.0698530331543
-0.872565000742	0.422092751338	0.245902478125
0.376593130083	-0.0368475343541	1.63593594784
0.00786849747168	-0.567036097999	-0.823655358942
1.98587203689	-1.1362454127	0.751857512596
-0.272464791706	0.901571374826	-0.3360535573
1.40524256975	1.99990151416	-1.67628469394
-0.334452316701	-0.067729177786	-0.939975747735
-1.25215731867	-0.203475356573	-0.181725054737
0.196685615066	0.524923260471	-0.828112516173
0.780619876839	-1.767909094	-0.615948925223
0.106785575772	0.853856012811	0.509437680383
-1.62913975744	1.85966386573	-0.698028522307
0.455034782273	0.394374024464	-0.798381159441
1.44537548441	0.231987504645	1.07423148444
-0.109257213091	0.839038069584	0.532989661417
0.937493773713	-1.94339720608	-0.332028119362
0.650800645486	-0.33421342754	0.681733015694
0.569116843927	-0.474692514913	-0.95455198075
0.56494779737	-0.124061127044	-0.815746788534
0.0801210398091	-1.60778585207	1.50072978224
0.187246019904	0.488219258704	-0.852397139519
0.970890795101	0.146523524588	-1.89101650093
-0.0165636919861	-0.430290366591	-0.902538555701
0.283029765873	0.310503973336	1.44213020781
0.882659124791	0.360242212879	-0.301891400148
0.901806868156	-1.69483450311	-1.41883681346
0.370810767858	-0.9280879635	-0.0339426935705
1.49382073751	0.310902216975	-1.40812321217
-0.258823034455	0.282951873745	-0.92355231253
-0.427305024874	1.47686060222	1.16470848039
0.432922973781	0.0203610475899	-0.901200935704
1.17067030401	0.0108869047013	-1.94287769053
0.783596755606	-0.518238797163	-0.342643654135
0.131625400519	0.569246651866	1.76072938673
-0.75114295083	0.361761207621	0.55218936614
1.44201578671	0.335315993836	-0.631301856578
-0.382205625423	0.702677586151	-0.600135876128
0.450803684623	1.25661401163	0.708043544367
-0.352323092443	-0.167280921287	-0.920807000356
-1.82185734433	1.49472951772	-1.06746021038
0.704613210575	0.709510859691	-0.0107034323013
-1.63858779881	-0.689579658971	-1.91790426082
0.1111007118	-0.19381087953	-0.974727641351
1.61216758137	-1.9728385893	-1.48472717854
-0.225497464827	-0.973451739514	0.0392760002192
1.21841877042	-1.84814573536	-0.653102637658
0.763914981822	-0.0964327155427	0.638071024198
0.700804213134	-1.49994838108	1.00083677111
-0.0103065381666	0.613744725572	-0.789437259764
1.34102529119	1.69985314144	0.0451260755115
0.741712964967	0.649920407182	-0.165726708554
1.50896842418	0.981317188888	0.26341646859
-0.088017591689	-0.0119803940787	-0.99604687325
0.250887236853	-1.52983314801	-1.1475308236
-0.0982782853877	0.143280212652	-0.984790413887
-1.75279499489	-1.62946172051	-0.10483751978
0.647466444392	0.746031441218	0.155641550046
1.29466483427	-0.311530692561	1.05027264543
-0.0446547249872	-0.343801374593	-0.937980047956
-0.02068219286	1.232831187	-0.809206523512
0.339218841735	0.235850426569	-0.910661931618
0.257744667922	1.38492268482	0.417214583806
-0.767781977982	0.637063058502	-0.0682751329436
-1.97146546221	1.46248778548	1.08817116295
0.867560596666	0.372968406422	-0.328988113651
1.69932694824	0.847767167501	-1.97059826426
-0.169732989398	-0.962705105302	-0.210688377791
-0.998996563893	1.25474364254	-1.76036303098
0.540148372338	0.279064429701	0.793953890308
-1.95241869287	1.50989097607	1.5924431976
0.368260979851	0.725322731663	-0.58162770365
1.12461606658	-0.680378753049	-1.03568732537
-0.54732577151	0.621534040778	0.560472957417
1.77772492701	0.525326289589	0.499512930382
0.272676827804	0.708460710254	-0.65094605737
0.608046778734	-1.11578561759	1.64357016198
-0.350032554165	0.851316666103	-0.390815998956
1.95622138	1.10696049979	1.4527912672
0.696947300788	0.613994640216	0.370506466489
0.0167352340039	1.63929104111	0.0968069405354
0.335965339676	-0.348618853268	-0.87498124876
1.22531528525	-0.417312264075	1.83397988819
-0.574145064408	-0.201440252877	-0.793586334016
0.295999277554	0.910538841428	-0.707390062869
-0.679044200446	-0.654633357204	0.33219593838
1.94951388002	0.40150065933	-0.222564493203
-0.243964291866	-0.161573839188	-0.956229741634
0.275577887975	-0.0504986701724	-0.374857031906
0.67828107202	0.137207955194	0.721878635486
-1.97012469707	-1.03973077645	-1.24446138145
0.786799765854	0.0567321193155	-0.614595472722
-0.976091524317	-1.44663537798	1.77092949716
0.918207406686	0.210262665232	-0.335685522351
0.915481150654	-0.111930354588	-0.430871909698
-0.166294769976	0.318771516059	-0.933129556936
0.935604825538	-0.703721225752	-1.90123337494
0.571555843971	-0.355611143343	0.739502962775
-0.512449951917	1.58498152278	-1.6049478819
-0.257140814776	-0.789385738615	-0.557448434429
1.06018635109	1.93486781304	1.27279383696
0.495506196843	0.859839185173	0.123086085855
1.59295331171	-1.37751946137	0.503480024465
-0.139676046433	0.14422752404	-0.979637189659
-0.969422162783	0.609919786849	-1.1250229856
-0.387550410994	0.173810328324	0.905314668337
-1.17420794622	0.242059348109	-1.53351859076
0.298227141027	0.453054477284	0.84012035624
1.477410195	1.49375724619	1.1886487408
0.523942255187	0.29276010172	-0.799860010296
-1.55174323738	1.63275523304	-0.724206032559
-0.539475699018	-0.12904172158	-0.832054207526
-0.82534252036	1.61264463273	0.239719920683
0.236996863228	0.0309336334276	-0.971017815049
1.12240471976	-0.041512115003	1.28864283351
-0.697593361642	-0.371299769912	0.612780533842
-1.29449268576	-0.624825745436	1.72523454027
0.461177067561	-0.426447873005	-0.778111768299
-1.3037368684	1.19219124996	-0.364384288994
0.134509720829	0.983467316009	0.121240147411
-1.45638068114	1.72242471899	0.62282093604
-0.0321017171251	-0.470070415946	-0.882044944326
0.230651591264	1.27220804057	1.34947958948
-0.324544482485	-0.933748533963	-0.150945533918
-0.0355945438921	1.90868035847	0.0434011886418
-0.942192042473	0.315086895074	-0.113992998267
0.280784126639	-1.08176741615	-1.79868656044
-0.0626384376446	0.608967505315	0.7907180304
-1.64748011158	1.39083736472	0.776853948856
0.332175865882	0.335256643839	-0.881624736998
-1.37213587035	0.345748535815	1.82814693768
0.10054988037	-0.689673227823	0.717105682854
0.887689111106	1.22457051994	-1.83139744265
0.0986088794935	0.416644232893	-0.903705633534
1.16129344162	1.88246971172	0.338940742881
0.061978002607	-0.404561785566	-0.912408071453
0.43953070374	1.24344482794	-1.9847536644
0.298528721172	0.947378687916	-0.115560479044
-1.23230582785	-1.05599269945	-0.266906736332
-0.467344277504	0.301276731058	-0.831156818902
0.959756421452	1.0240274555	-0.434651997182
0.539216540897	0.660699360376	0.522227802038
-1.91604692129	1.88402372108	0.386024275802
0.566722061718	0.81403449961	-0.127176799009
-1.34075608401	1.58505255657	0.35291743998
0.677180979246	-0.717920432636	0.161295299841
0.35777571162	-0.420276395137	1.77160753853
0.188694710523	-0.455100821849	-0.870216954657
0.125712230239	1.23215193239	0.247271903206
0.163280652073	-0.353397635645	0.92111320682
-0.80126585571	-0.864711171291	1.35427637368
0.130686391708	-0.0851679826943	-0.9877588176
-1.9052452649	-1.56563372201	-1.64563948854
-0.657764788579	-0.599085852354	0.456554076112
1.53101789734	-0.121164970376	0.836380846738
0.545826212084	0.523472922166	0.65425518413
1.05345055346	-1.38897959099	-1.82523182258
-0.355917047788	-0.465132325462	-0.810539928014
1.98256254071	0.060842602825	-1.55874054924
0.158953994932	0.648511322368	-0.744423731658
0.0238763761471	1.15928138592	-1.57217293353
0.645497957194	-0.472833424924	-0.59980074986
-0.248360104521	1.99390330592	-1.46855667084
-0.661731823757	-0.177270705679	-0.728482045308
-1.24681615495	1.15362107255	0.62942321418
-0.0677443280281	0.0259423833212	-0.997365378769
0.290375973722	0.453528956685	-1.28679525598
-0.333243070746	0.511674301375	0.791920744212
0.150027675816	-1.50769128955	1.41206602386
0.437668586938	0.885268102436	0.157310504471
0.638468078094	-0.112730133535	1.60078748898
0.023601240045	0.41994015909	-0.90724486455
-1.47796305377	-1.27332377371	0.423912072458
-0.895909676103	0.183276247623	-0.404667356384
-1.89400666304	1.90078851948	-1.34128185653
-0.514346180611	0.563556863483	-0.646414470841
1.18212246107	0.207407262677	0.309648466227
-0.652062493568	0.441396904093	0.616427836441
1.0183859188	1.50533334712	-0.588589948164
-0.0596023293173	0.926356248453	-0.371902760532
-1.33485878275	0.190879303124	-0.239764056001
0.74379636828	-0.35910986188	0.563743797867
1.06390293494	1.43989135241	-0.0854693188894
0.741550877124	-0.591352947608	-0.316865883288
1.05061145462	1.0831617944	1.36807882003
0.681940813284	0.726114603067	-0.0878311470418
1.75093713052	-0.634185850261	0.923310238329
-0.213620421762	0.276370127216	0.937009001125
-1.95512107319	-0.80920690167	-1.86804719591
0.168457532303	-0.618161222595	-0.767788227762
-0.552759517519	-1.28810856022	-0.0601171311124
0.31917911035	0.403378605224	-0.857560724593
-0.223715652075	-1.82986101207	-0.263954959749
0.471371474018	0.420541649896	-0.77521200596
-0.005783695149	1.51057835256	-0.897481655988
0.196460286093	-0.689794295231	-0.696840861499
-0.397237848586	-0.478349283911	-1.93599580949
0.112036067645	-0.874756321747	-0.471433237173
-1.22766987731	-1.78890809086	1.29861037074
-0.507568341748	-0.533530998477	-0.676549371531
0.612498438918	1.60166648468	-1.37286959343
-0.373300979562	0.82872865671	0.416959461105
1.75821572731	1.63158883345	1.97616532587
0.583054793719	0.0605286782549	0.810174911133
-0.053819379678	-1.02602916297	0.113841388041
0.79562987427	0.234963843689	0.558359288745
-0.208889760208	-0.889337806922	-0.655253145724
-0.795890279359	0.492813906376	0.351700322582
0.264303874498	-0.385443720362	1.30904597516
-0.0989835865085	0.993029882051	0.0639836147452
-0.544217470948	-1.17716328465	-1.96020289389
-0.335720824019	0.147310071181	-0.930371576978
-1.12526902772	-0.962781197235	-1.30478088448
-0.842772220548	-0.247438887527	-0.47802613026
-1.34846122275	1.44027881256	-1.32626807252
0.710791751457	-0.697263269231	-0.0927308979888
0.753202396906	-1.18389628115	-0.170020867859
-0.618204983594	-0.785279865584	0.0340313233438
-0.818718833078	0.262346753864	1.29745903385
0.470381333257	0.813093384893	0.342958523391
-0.789121433813	0.234764042049	0.8725235218
-0.59128868273	-0.765227873309	0.254566289177
1.67068077309	0.121326269438	-0.485138975264
0.844346838352	0.53509517077	-0.0274148642977
-1.07306065243	0.181779356888	-0.769656631482
-0.0618258001332	0.733853261477	-0.676488699874
1.39450446385	-1.83446424226	0.735906272613
0.519898178879	-0.574697285194	0.632003887638
-1.28045738954	1.69188296683	1.34092108654
0.365002338783	-0.401384373625	-0.840038021338
-0.109656917618	1.4842921804	-0.674073340237
0.635196465391	0.396953604167	0.662535498289
1.26492534558	-0.736354304676	-1.88685804473
-0.469265288417	0.472975177792	-0.745710781925
0.0610459693874	-1.44376253523	0.727868786311
0.777192423601	0.616504053675	0.1260741389
-0.184956089785	1.2718319223	0.820632488861
0.315216737954	0.55752947092	-0.767983917259
-0.675734986186	1.37362332206	1.51441749038
0.821170374359	-0.00451708622917	0.57066523655
0.785199856892	0.0311167162805	0.607175701537
-0.101812244181	-0.77728656949	0.620854134097
1.58635980333	0.269771558244	0.206598235116
0.880081054452	0.407587515558	-0.243576999644
0.0682371667831	-1.74791928661	-1.31401924142
-0.781676908963	-0.516089784675	-0.350189297592
1.26278259549	0.970363384221	-1.42209907487
0.606235098757	-0.360184953687	-0.709045699636
1.44188099377	-0.649663607629	0.549772775363
-0.612186195046	-0.0519815927106	-0.789003153742
-1.57025071129	-0.307865621999	-0.00523520774368
0.166819661066	0.692357041179	0.702006359096
1.83322007482	0.363328653145	-0.887062210676
0.308272953324	-0.281046035617	-0.908834920166
1.63121135152	-1.20615196637	0.507909594313
0.457463736267	-0.375105132226	-0.806240081972
-0.608457718928	-0.636500714909	1.59956040371
0.419820630176	-0.631171277041	-0.652206606465
0.892009043219	-1.3358381564	0.428527470718
-0.899633640352	0.413679953639	-0.139743368729
0.136287857349	-1.83989745393	-1.63747291708
-0.542259441503	-0.141156121503	-0.828269067069
-1.89788862128	0.120415424648	-1.08383055718
0.442980350786	0.722407147903	-0.530939093942
0.13263960418	1.11621486988	-1.94113865577
0.420517735393	-0.227657138133	-0.878257969891
-1.31653685029	1.90652759424	1.31910659401
0.0738477154619	0.934390346765	0.34851283304
1.97315167309	0.61774010831	-0.575107933679
-0.33180274106	0.462702516771	-0.822078659253
-1.97001312037	0.552943050643	-1.43783450773
-0.575648047067	-0.203201107273	-0.792047117229
1.76424057852	-0.874611270464	-1.47750710037
0.249623857243	0.244953448994	-0.936848833975
-0.834692491517	-1.53641375666	0.807845539907
-0.416689352871	-0.592644626349	-0.689305686951
-0.842612058337	-1.10692061041	-0.0953449569392
0.00426818978212	0.639511494835	-0.768769686271
-0.0496360925652	1.71724039377	-1.46150835016
-0.462700177196	-0.6118094516	-0.641558836707
1.85354683669	1.40302385627	-1.6862590292
0.173771140911	0.582586473322	-0.793975183295
0.190906656351	-1.88685394513	-1.75172660511
-0.6510542461	0.0590065629684	-0.756734163469
-0.789300270651	0.558010980339	-1.36748317263
0.766724619043	-0.249538968849	-0.59149274009
-0.250206713109	0.682698583671	-1.06977328611
0.78296452809	0.395073866208	0.480503057215
-1.30829837232	1.8398777598	1.01265227649
0.674235312462	0.681292900865	0.2850381144
1.24945845311	1.68810671463	0.821209586762
0.700517215531	0.499161467891	0.510013195631
-0.849761616335	-0.224992925355	0.415445992078
-0.027964867059	0.708469919167	0.705186741116
0.611849568838	0.255382543491	1.70959214038
0.175044287668	0.233964316075	-0.956357776231
0.390256098833	-1.67564092374	-0.00894341825608
0.840428155443	-0.525106734318	0.133953100423
-0.0597447605089	-0.527551257995	0.697273550007
0.325550744401	-0.360820040392	-0.873971173021
-1.8087622279	1.58926007248	1.10515915552
-0.429306462708	0.669165660901	-0.606558553932
1.68449779908	0.970959341858	-1.89903521775
-0.834695004228	0.549923402115	0.0294703533127
1.01750773172	-0.288889920194	-0.0349526973917
-0.539326271826	-0.517638508836	-0.664211974213
-1.55384493929	-0.891478123853	-0.153752335322
-0.414855271526	-0.335379010987	-0.845822689857
-1.76413442605	0.554581497474	1.52173468988
0.336545117183	0.027056058039	0.941278573974
0.340524667033	1.06586991132	0.511847238874
-0.861715936173	-0.330849976521	-0.384686805573
-1.91816932298	-0.374604228035	-1.13183571289
-0.232426555213	0.137645417421	-0.962824820772
1.63026495198	-0.780050634193	-0.545510944682
-0.517785918565	0.0156203617357	-0.85536760918
-0.769481734351	1.29071282328	-0.866144305155
-0.0351066869151	-0.87791016925	0.477536653317
-0.546260453586	0.435260077332	0.584114917009
0.253036266876	0.538753279671	0.803565523955
-1.57014467967	1.6669328019	1.58862717762
0.0354703301917	-0.95229839942	-0.303100006828
-0.78462605539	-1.31977654567	-0.0589362023942
-0.721943553673	-0.460533482069	-0.516436266352
-0.897715842415	0.62709841076	-0.119933762143
0.122185304274	-0.0675373262986	-0.990206776878
0.488644403491	-0.116025948684	0.285640787069
-0.122213965569	0.119696696637	-0.985259583782
1.9357061633	1.34646393443	-0.419322782426
0.630959972759	-0.608544218618	0.481210397604
1.68699303301	0.832269038022	1.34679993935
-0.553096729095	0.321926367309	-0.768405766699
-0.349273901016	-1.72544538464	-1.12977169353
0.162582151384	-0.568789047353	-0.806254341795
1.37657613165	-1.711043102	0.564193600613
-0.385411104801	0.371547081715	-0.844636635699
-0.828151422709	-1.99348079113	-0.647069306482
0.51676834567	-0.667871955772	-0.5356281617
1.74234701159	-1.2125383491	1.62711456089
-0.749141478581	-0.573077519825	-0.332218604749
0.207248255617	0.268485725387	1.18585856548
-0.52022901648	0.539995058818	-0.661639710768
-0.764040932299	1.02439366165	-1.58447893937
0.341881906346	0.709398252872	0.616336662008
-1.2139215875	0.198437593626	0.620317822396
-0.135306246492	-0.157440091331	-0.978215128334
-0.961325760635	0.561061066537	-0.611446620314
-0.235907864051	0.0184863567843	-0.971599575078
0.108690237617	-0.704581343521	-0.217141418168
-0.37666039218	-0.337078889856	-0.86284689892
0.579004964439	-0.445532188576	0.0633867520984
-0.879569175811	0.445213349984	-0.167759166544
0.665703779545	1.90073904311	1.90338461368
0.101873772101	-0.828375425666	0.550831996811
-0.357566407417	-0.580540343881	-0.973126510274
0.539930333416	0.723860976503	0.429535239246
-0.5250471162	-1.64506491325	-0.871137083699
0.734949375018	0.601949115987	0.312260592971
1.17218391846	-0.0114361688194	0.662248800456
-0.193971372786	0.609097334889	0.76900945584
-0.423878922786	1.28759635291	0.18253926659
0.0896599793998	-0.522717552918	-0.847777947322
1.64902574383	0.761991646486	-0.333855238509
0.0112728251752	-0.308486071134	-0.951162061548
-0.965483256458	-1.04690736646	-0.802794484143
0.698930867327	-0.662106202155	0.270390494961
0.866214554413	-0.730015470452	-1.45529196378
0.470523269013	0.320362492164	-0.822177430322
-0.225369996857	-0.520405241728	-1.38710685535
0.845844230077	-0.470150134685	-0.252004740633
-1.80525086027	0.407392310684	0.460393550456
0.428918200681	-0.0371948285374	-0.902577266418
0.0530586820319	1.62124788771	-0.499685992384
0.485556334024	-0.542902537135	0.68519477644
-0.959966738744	-0.00254640960889	1.5953180707
-0.614175594227	-0.381720054952	0.690708432773
-0.519501024836	-0.804258901949	1.63569602681
-0.225509500889	-0.645519767764	0.729691506347
-1.07644559082	-0.445181629373	-0.00595606452958
0.363178889704	-0.733035902792	0.575116909237
0.75221937648	-1.8095973776	-1.85303324219
0.296257175462	0.65344352521	-0.696594031949
1.75620232029	1.25926331552	1.48267037406
-0.355396101055	0.675901708352	0.645639599158
-1.29860615017	0.66317965044	0.172435720412
-0.510656410417	-0.108365713594	-0.852928427606
-1.82633775809	1.20427813584	-0.636009401764
-0.164875762547	-0.961860779008	0.21826549139
1.91284718934	-1.40359772115	1.7112493305
-0.311864828266	-0.253354037004	-0.915724882715
-0.784156552944	0.6938703242	-1.5665759347
0.847405484173	-0.529927157544	0.0328808924864
-0.246897064279	-0.488024324814	-1.10729882167
-0.225458815085	0.924042070068	-0.308730587154
-1.04739879063	-0.625480633767	-1.43100151399
-0.531092624508	-0.592574269193	0.605637151836
1.58965509574	1.61331146444	0.657876194866
-0.540115562479	0.554049685986	0.633485694098
-0.0222977984959	0.870747813567	0.0504482397434
0.478027195855	-0.353995165838	-0.803851617269
-0.461017178072	-0.233256375465	1.45069063586
-0.360032587703	-0.753595724115	-0.549972745131
0.540878074923	-1.2260811747	1.57897492978
-0.0209328687342	-0.966207613042	-0.256913727751
1.76329124284	0.309348760616	1.31281538885
0.604081318278	0.742118934498	-0.290422533502
0.937028142998	-0.0132703905024	-0.460833759973
-0.65970855049	0.668271613231	0.343798893775
0.267886357454	-0.813050293927	-0.503343489546
-0.223933337467	-0.530213655994	0.817757506458
-0.297338026006	-0.285185636875	0.355443873471
0.462730618705	-0.297044129021	-0.835251554879
-1.22342025971	1.36639640516	0.45292543067
-0.3568770242	0.520347655129	-0.775807390658
-1.75843088389	1.12914743964	-1.65932395127
-0.702949134046	-0.691058894467	-0.168226393059
-0.344953498018	-1.95133025947	-1.43495694943
-0.689693378949	-0.0300502613345	0.723477729323
0.949546970315	-0.353886252662	-1.69437169749
0.0820041467149	-0.25196179868	-0.964256486588
0.5650841932	-1.6501536939	-0.00567892891708
-0.816277692406	0.348124578656	0.46097723004
1.4756210574	0.82767978498	0.683140289369
-0.0707538513367	-0.0986387969139	-0.992604795608
-0.116414390756	1.74567979054	0.969080912162
0.299362443837	-0.272500099818	-0.914399159459
-0.494771107938	0.7660599538	1.53552987187
-0.777918447913	0.596870188397	0.196440491241
1.07570880599	-0.00760493100468	-1.84072496426
-0.853083093235	0.204405628036	0.480070385739
1.93475330923	-1.50069494275	-0.93187145079
-0.94803054242	-0.317564053501	-0.0197778300748
-0.274806485328	-0.469810066838	-1.20624119775
-0.989948222421	0.0240426679009	0.139371686671
-1.20981022723	0.689119492658	-1.43018593755
-0.206943997992	-0.468601267725	-0.858828873281
-0.320191244231	0.648824521473	0.854959004306
-0.332271477256	0.778408769336	0.532611916149
-1.44273659488	-0.33314886017	1.73221099403
-0.147784795565	0.00306014546807	-0.989014807629
0.111569508174	1.07051157856	-1.90094352321
0.0521709958934	0.540870841159	-0.839486104931
0.850695754175	0.22972211299	1.71693054773
0.902956349332	0.223339096239	-0.367136867248
0.250347235002	1.81519168122	-1.63200499103
0.87646150702	-0.230324384609	-0.422807171849
1.6325349831	-0.793967882726	0.120834713796
0.673746248686	-0.236665356025	0.700039642906
-0.500146583649	-0.261135024374	-0.906952411539
0.239099289993	0.0559286014397	0.969383062089
-1.58674837788	-0.924164287053	1.13826873268
0.0463289727593	-0.435824958651	-0.898838267821
1.45928335529	1.17135103231	0.737008181721
-0.499820037196	0.809378914781	-0.308359696987
-1.62483255694	1.88157751802	-1.7096274942
0.879859760625	-0.0576921193554	-0.471718582417
-1.81215228767	0.783268815469	0.377741285554
0.140212648331	0.253815937856	-0.957035988319
1.49327912327	-1.26614919444	-1.85816279673
-0.615776685182	0.232659437872	-0.752787260755
-1.96070245397	-1.77134309993	-1.86926814901
-0.761008896355	-0.598536102366	-0.250239872589
1.15284714374	1.81619604452	1.2068471814
0.410904800168	0.475937896841	-0.777586241872
0.57101314093	0.826661091828	-0.465912743812
-0.537838444301	-0.462587605616	0.704799627527
0.0455012557849	0.217905718588	0.217705943494
0.364576266185	-0.926957301205	-0.0885116256654
1.99578908351	-0.575319328116	0.709941404773
-0.693639463653	0.62492267601	0.358240064023
-1.49846912448	0.631632809325	1.76584829378
0.27768534655	0.79005434097	0.5465390989
-1.49512486179	-0.529763781206	0.392278227915
0.596079330292	0.780571565334	0.188142136137
0.813194905699	-1.83713099771	1.09085567804
0.0923338144581	-0.322344726532	-0.942108456593
-0.716469141113	-0.0196079076197	0.500869884232
-0.105509758749	-0.938967929699	0.32742467501
-1.28685428345	-1.03851594422	0.42563212743
0.366845400873	-0.287806799258	-0.884642129993
0.995623364354	1.44377299127	0.0902287027086
-0.536299627922	0.740999006184	-0.404107884017
-0.414379128755	-1.46294905947	1.89936406692
0.257840428411	-0.413764678411	0.873107727819
-0.982868273129	-0.781565422202	0.82081205797
0.91021806753	-0.355776734535	-0.21195750684
-0.471004911354	-1.75263644147	-0.282831541376
-0.604016740765	0.637183792587	-0.478707208364
1.84160546987	1.58277797894	1.1742701927
0.11830181435	0.418439531132	-0.900507101309
-1.18588787996	0.10042843354	-1.6507088496
0.288269443864	-0.399116293971	-0.870406176231
-1.18884637104	0.959733307564	0.272065335623
0.0448146396424	-0.697622965884	0.715062127053
1.29631286584	-1.70165811342	-1.94598484004
0.520237508921	0.295138140119	-0.801402777983
-1.42022409419	-1.11816656944	0.714264809442
0.625117926204	0.696571054575	-0.352159543768
0.548844010357	0.477348674267	0.368645099295
-0.0834725944464	0.52388343518	-0.847690080348
-0.496848014728	-1.99849420262	-1.15568547636
0.516527747061	-0.715464900137	0.470434972326
1.50048242298	0.587060379843	-1.22178677525
-0.0942618052879	0.660194436341	-0.745156371703
-1.56404350173	1.14906291878	-0.948140634756
-0.430710513215	0.682902496566	0.590027655275
1.52550275757	0.0650222601252	0.784363608779
-0.564036945353	-0.605566936893	0.561383121602
1.46690865925	1.12641238866	-1.8632490183
0.521162144062	0.649017394031	-0.554225984452
-0.654423829665	0.0796902305171	-0.645879854698
0.0762026160924	-0.232645411669	-0.969571696023
1.49800949531	-0.621639303241	-1.56767445564
-0.0828445994121	-0.770019676708	-0.632618739709
1.57789899304	-0.599512267194	-1.45189930657
-0.41334803184	0.354207404969	-0.838856673597
0.511006473242	-0.730124764691	-0.375887495398
-0.659734471597	0.235428396809	-0.713669319057
-0.298940918087	-1.75275782904	1.01646075544
-0.977404026867	0.0858148401761	-0.193176555178
1.64280919938	0.553747950528	-1.95813492464
0.461030668079	-0.122325331285	0.878912530584
-0.944274859888	0.810151316738	1.84761924476
-0.0532759328802	0.718307679415	-0.693682746412
-0.459422148147	-0.15892397812	0.345697990377
0.546787171275	0.825448632598	-0.140208217558
-0.420076516052	-0.40865782073	-1.8652240076
0.821134476845	0.499200405392	-0.276653440596
0.574142441636	-1.88008914416	1.79752411096
0.608526053822	0.612513371462	0.504503133391
-1.95458749225	-1.53146936917	-0.0423421505887
-0.185788819324	-0.980714727256	-0.0606723854601
-0.786658224377	-1.05886673426	-1.79631061061
0.695994766529	0.175630088203	-0.696236566896
0.531052447113	-0.378006136783	0.284773618839
-0.178821266788	-0.966976032642	-0.181604809516
-0.361324600967	-1.46495858228	-0.00831990544718
-0.551342007441	0.746926138752	0.371649477438
0.0746239254753	1.19473971674	1.55215641265
0.793569592758	-0.534297984141	-0.291157973603
0.515799155962	-0.730537500274	-1.04870951942
-0.316755024028	0.903897567263	-0.287463811026
0.0630756816316	0.857961269274	1.37720664407
-0.849724364531	0.509507268871	-0.135539098748
0.412135965814	-0.0874926718001	-1.861098739
-0.346293476454	-0.13134915493	-0.928885476076
-0.647786026432	-0.247041362068	-0.984477886976
-0.682619976994	0.555448993054	-0.474875123715
