500
-1.51090766897	1.62871432581	-0.740033242252
-0.364588987335	-0.618796974407	-0.695819786137
-1.87568060714	-0.432529373798	-0.608676189543
0.211552954691	0.511828225485	-0.832632701111
0.0744634465363	0.884052286682	0.465007845476
-0.924116736664	-0.122632567439	-0.361897099216
1.94379167443	1.86415058159	0.165885912104
0.559595094311	-0.0672603370059	-0.826032310197
1.73551126905	1.41493765832	0.486084829844
0.53100744841	0.813820215027	-0.236067251747
-0.694541505116	1.93979230252	0.0779870611858
-0.972413137317	-0.172015888947	-0.157553877522
-0.198401249989	-0.672105953372	-0.645869268549
-0.228328212617	-0.329333214936	-0.916190952183
1.09805931894	-0.00288470303398	-0.431716469041
-0.650872256307	0.698258927055	-0.297992913937
-0.780389705687	1.71048729819	-0.493402295343
-0.340461222702	0.437712601297	-0.832162144358
-0.157742069416	-0.67728033872	-0.306550617029
0.754897996033	-0.0767755307502	0.651332889898
1.97870887604	-1.67407408282	1.14484542085
0.275867349536	-0.663389149317	-0.695565986826
0.852691703171	-0.205166071184	0.18815765364
0.217103770658	0.408925867316	-0.886366508735
1.77114195171	0.0785863081095	1.87170721441
0.195383698742	0.721677391582	-0.664083543498
-0.174202860918	1.06571275459	-1.23981531364
0.681368442121	-0.687598376637	-0.250889454794
-1.16377656362	1.23742891953	1.02177380893
0.519789987744	-0.504283364567	0.68957715802
-1.65189535008	-1.95447429653	0.0771555283016
0.0814165694388	0.930299605627	-0.357650647966
0.325477229129	-1.47473668062	1.6200116878
-0.126974029977	-0.118392978224	-0.984815057977
-0.306676132343	1.47856258721	0.401166000348
0.39684745847	-0.146318118401	-0.90614739581
0.279696365992	-0.715033118314	0.0238449499181
0.766208068029	-0.172661956356	-0.618961263178
1.30068169164	-1.29977185791	-0.806082916116
-0.237903807012	-0.317957732498	0.917771572317
1.38857314243	0.328063945334	1.4616399695
0.16996398495	-0.934964525353	-0.311373698553
-0.706930186406	1.16744805826	1.44735679892
-0.230923387604	0.423278083417	-0.876076511017
1.77141403872	0.75570726768	-0.04596119066
0.521730985785	0.694074903685	-0.496041133926
-1.15629210125	0.44719193768	0.311482906114
-0.96976365015	0.119685940082	-0.212682247952
-1.45501308381	-0.869973441284	-0.55037136802
-0.535504457725	0.628054583304	-0.564608197025
0.264135722501	1.98165296958	0.283791210537
-0.590658376301	0.0784996142591	-0.803094323891
1.3170885293	1.33546531214	-0.57221635999
-0.350066144198	-0.0280419855657	-0.936305154173
-1.5753501981	0.357796842989	-1.48923859999
0.79498968149	0.599617983334	-0.0919221430655
1.08559252735	0.180940104038	-1.95905928183
0.85372822471	-0.0298178228306	-0.51986442057
0.877460888204	1.90276331759	-0.0538836481564
0.587654569203	0.44924314299	-0.672935885335
0.291390283055	-1.31114091159	0.284652989298
0.338557552252	0.268714166795	-0.901760212239
-1.33083200188	-0.490898004361	0.130939669195
-0.438250006437	-0.893657569502	-0.0965043021352
1.7801286235	0.401320946719	-1.4261781355
-0.080597245563	-0.375070407113	-0.923485935852
1.54655478708	0.951679675307	-0.561731931832
0.666701063586	0.7305941566	-0.147451246703
1.68651288325	0.782037416938	1.43930563952
0.270539453928	0.674898878677	-0.686527426567
1.26937991828	-0.653165403625	-0.526701912698
-0.634698835707	0.0940444666038	-0.767015662326
-0.508417809149	-0.890203341516	-0.433925071697
-0.336473921731	-0.723891812117	0.602300543205
1.7742821393	-0.452834420724	-1.53601414816
-0.384743292203	0.0644268707389	-0.920772380902
1.36987680062	-1.66346477136	-0.883772676903
-0.814918333089	-0.577376792093	-0.0504395712539
-0.779433595988	1.03331835974	1.89846334055
-0.199766444463	0.307984575257	-0.93018216983
1.48993854295	0.192677813412	-1.38062256455
-0.488478882822	-0.148235823117	-0.859892157065
-0.250669465754	0.0893486216685	-0.00734082108822
0.530645023864	0.46666605997	0.707558228785
-0.0354176763489	-1.90639487426	-1.77611177422
0.291468112443	-0.0504962381858	-0.955246810703
1.90314188278	-1.32947429979	-0.835532144407
-0.7116607817	-0.357818364467	0.604570053708
0.713374316974	-0.296509879644	-1.524139728
0.27960330621	0.310269594742	-0.908600445595
-1.14193353618	0.983951805021	-0.691031703431
0.42830698351	-0.69096005931	0.582346395468
-0.503808621595	1.8774865806	1.1136388832
-0.361713795021	-0.385842215327	-0.848698365359
0.967606263127	-1.26903452472	-1.32697804693
-0.49899658606	0.494428898158	-0.711717972069
-1.10973202007	-1.55558822172	0.905891231678
0.61836012136	0.496170250715	0.609463569557
-1.22517943929	1.23796552547	-0.258978944096
-0.0768333228154	0.352378358319	0.93269830765
-1.97887647028	-0.461190256802	0.747896276429
0.574777902318	0.715320059129	0.397426189392
-0.0315375419036	0.262764434257	-1.78104530045
-0.0413129141666	-0.569242565268	0.82113101574
0.182101225895	0.0424409382951	-0.125814013434
0.733375094243	-0.343766194809	-0.58650300464
1.69250701766	-1.0109827063	1.99942220951
-0.543149176695	-0.766604557971	0.342500253364
1.00937960486	1.96850684685	-1.60739994727
0.942667809809	0.145939507939	-0.300131738361
-1.04574789627	-1.1196136232	0.691738697913
0.530781691027	-0.247803453944	-0.810471618679
-0.835884364429	1.8020588854	-1.18717622389
-0.208639503815	-0.0595350742488	-0.976178842417
0.954131940798	-0.87952210403	1.13482067899
0.551406118789	0.246242197254	-0.797067169349
0.810571759275	0.00922984238116	0.593389239611
-0.295825148435	0.156364572442	-0.94235747041
0.134833812918	-1.67222827576	1.42602210288
-0.0891696904391	0.564229360286	-0.820788642281
0.371715420224	-1.80249673952	1.17640495941
0.548505194891	-0.539647271449	-0.638688401019
-0.29301309967	0.417857151601	-1.17564347144
-0.128291132281	0.511141493477	0.849868083307
1.85149041493	1.92822489804	0.0220019579367
0.00374077472757	-0.954997531724	-0.296590156622
-0.918745503907	-1.84407443011	1.1994387967
-0.159611734067	0.207555758351	-0.965113828273
1.13026799318	-0.946251330624	-0.881194434202
-0.386831847949	0.710344423761	-0.588023741905
-0.0133707245313	1.03024048353	-0.549537118295
0.0429966996847	-0.378809767183	-0.924475226333
-0.893771420916	1.98588869225	-0.299938934017
-0.473979333601	-0.152235150209	-0.867276224948
0.332174512227	-1.94959647797	0.19450231721
0.0163100652356	-0.412305572361	-0.910899608504
-0.314438699653	0.0837091564872	-0.612851774435
-0.971665994046	-0.00659367346925	0.236266204701
0.35851644769	1.62347569097	-1.18104614846
-0.584619622753	0.324092940897	-0.743763176255
-0.466315471545	1.51705510583	-1.62344691922
0.937257863321	0.190849259516	0.291760617263
1.87261102564	-1.8370804694	0.129629300719
0.623642693074	-0.542574073868	0.562746093494
-1.07579719797	-0.78624218774	0.857405990802
-0.442880515647	0.124639502902	-0.887874902887
-0.437090630811	0.0342961016561	-0.0321933272414
-0.888606779138	0.0400287585557	-0.456919785693
-0.378799535033	1.22676171381	1.01021690729
-0.609601583003	-0.148957710957	-0.778586867567
-1.24291372685	0.179328230785	0.463369508594
-0.555174377076	0.457432359027	-0.694648866661
-0.0588839284156	1.99044902558	0.674422911635
-0.850672145763	0.514384814568	0.108467335936
-1.55439127494	-1.51218750103	-1.33208215365
-0.300778580628	0.3461826903	-0.888644918048
-1.23946950056	0.644361711428	-0.926701414028
0.00945409604982	-0.0615614543431	-0.998058519029
-1.71446701782	-0.152748290019	1.89949293867
-0.435122960134	0.530046886295	-0.727817496282
-0.102471085136	-1.67567048822	-1.1250496976
-0.774155606931	0.600669915405	0.199696642398
0.963623098713	-0.79314602454	1.97928028439
0.45492718091	0.191389187487	0.869719172482
1.35975168933	0.252845394398	0.881199343879
-0.143344254306	0.502165225157	-0.852808601856
0.648239431094	-1.67970251774	1.67184181881
-0.49198293982	-0.315127517292	0.811570967181
-1.2336165906	-0.249082428308	-1.13083596326
-0.453858660968	-0.424859339848	-0.783266785462
0.170388175794	-1.28872799349	-1.55724339049
-0.13255916244	0.22852163329	-0.964471840736
1.14575029757	-1.21521780951	-1.72079800272
-0.597482632151	-0.285628859929	-0.749286766635
-1.08085608258	-1.71854965875	-0.563577226426
0.569252638635	0.167028672121	-0.805017301738
0.690373486466	0.995567117883	-1.42267356697
0.444514323392	-0.322943923579	-0.835532308485
1.00561023526	1.34629393836	1.12068555836
-0.112732048389	0.986656794651	0.11747278338
0.0539327974313	-1.71226952144	-0.312731605644
-0.531971002931	-0.0577046773123	-0.844794070917
1.53380367069	-0.522327358976	-1.03056764963
-0.227799484073	-0.847097901577	0.480138042858
-0.695351801553	1.10703057489	-0.600839637315
0.315564832634	0.94785810288	-0.0445404670944
1.46178378475	0.218621104273	-0.0506255729313
0.0213443761837	-0.997184171098	0.0718898220715
1.09280482033	-1.21761112362	-0.15046613556
-0.280463542572	-0.929305513189	-0.240273728163
0.283354009578	0.936006536524	-0.62023393924
-0.155605895669	-0.734690944261	-0.660315092704
1.52670866394	0.266312664615	-0.172272729851
0.669921781002	0.739187390485	-0.0693311552409
-0.43983761916	1.02963957022	0.533410785073
-0.428347603622	0.875401635547	-0.224031932886
1.98557684198	-0.605058742264	1.16635182821
0.42067995095	0.0418057819464	-0.906245361624
-0.975409954028	-0.405759901067	0.899250150821
0.873315429178	0.477107694178	-0.0984297176433
1.20343758245	1.45310504243	-1.41273519577
0.144062249259	0.233816964123	-0.961548592442
-1.31727196553	-0.933938829939	-0.912919204971
0.495482333589	0.350919576854	-0.794577062142
-1.0598534585	0.90455933151	0.13128072132
0.742262986516	-0.352067827631	-0.570170065502
0.674544254559	-0.513919205181	1.24323548446
0.265489605676	-0.372590885606	0.889208244025
1.11689630485	-1.65658394202	1.01401953761
-0.394304338548	-0.528540015443	-0.751777587241
0.987574736952	1.73348837681	0.755844854344
0.9596451742	0.176932529178	-0.218577262665
-0.558969888112	-1.05797509667	1.97652151296
-0.28261662609	-0.0552818694428	-0.957638636213
-1.22075540145	0.978512984002	1.28671901899
0.56355070525	0.354273710053	-0.746257824735
0.945354158424	1.12161842237	0.0343582072256
-0.340918815455	-0.833419088289	0.434956301878
-1.11028148419	-1.39670777287	-0.351369050333
-0.397197942974	-0.662489860688	0.635091315153
1.61061578953	-0.864466629967	-1.70800635827
0.565595420557	-0.482192125914	0.669023597455
0.382587774828	0.654670280861	1.78833183808
0.964737421917	-0.0386271628677	-0.260364454259
-0.880382258829	1.44952253456	1.08506100438
0.900794143341	0.408980778547	0.145961070498
-1.47986016913	-1.11589116509	-0.648547224354
-0.437713439454	-0.664604900817	0.605563597594
-1.52875927584	1.7903985242	-0.52418243173
-0.991457862689	-0.103585751429	0.0792546441061
-1.18025283214	-0.718102866656	-1.98025109837
-0.542236622971	-0.804183650734	0.243450406863
-1.08212978057	-1.63787990307	1.09897252814
0.557654881975	0.653618863966	-0.511667287676
-0.272723427962	0.856825613045	0.322347524779
0.295849229153	0.018560486958	0.955054313604
-1.20115033962	0.0544875249774	0.0625160455186
0.815427097785	0.378187417655	-0.438238434331
-0.0899210454335	0.154727016597	-1.75612599025
-0.603046213189	0.797109155174	0.0308587021177
-1.07609218651	-0.816558914875	1.46693430818
0.631888242423	0.081781253044	-0.770732817348
-1.78422779665	1.20416897522	-1.90360206824
0.283343423258	0.767471017203	0.575069336906
-0.599811262824	-1.48197742924	-1.8301286563
0.633415952608	0.533591209901	0.560414714027
0.0302702780372	0.9054984559	-0.81785899448
0.276215040735	-0.055324912712	-0.959502165347
-0.841707205411	0.709802445945	1.44881923902
-0.603174120412	-0.599457895576	0.526147519139
-1.99001604192	-1.19588492555	-0.597655070563
-0.199917177204	0.314766360015	0.927876748745
-0.356927438985	0.655745885534	-1.4051238315
-0.660261295293	-0.523160796335	-0.538848590159
-0.227666641604	0.186101997725	0.385017831862
0.418098917383	0.178114842011	-0.890768431377
1.11567884851	-1.83475858867	-0.178675834552
0.532568729829	0.652503158133	0.539082717804
-1.8238728917	-0.244242792595	0.492011046716
-0.442337466713	0.563025329336	-0.698097445968
-1.33562320711	0.810537926665	-1.70351292751
-0.273672897776	0.549479671136	-0.789414489372
0.985404994271	-0.267835722448	-1.74670908661
0.424388228005	-0.420048856113	-0.802155589901
1.53692343022	1.50899307014	-1.35747612997
-0.408736158331	-0.599128004841	-0.688462334981
-1.23230833685	-1.08431984563	-1.61690670676
0.413116009351	0.259180552631	-0.873018100589
-1.87419697198	1.07579853408	0.275551230673
-0.698335264532	0.579198219372	0.420544029785
0.439991775316	-0.576320089111	-1.51253648245
-0.26427055509	-0.947905289108	0.177866906967
1.74473690637	0.275606485848	-1.86714779784
0.744361501404	-0.143832876235	0.652102797833
-1.46535509014	1.78463606505	0.135011976041
0.217070722684	-0.195203508725	-0.95643917294
-1.59340601523	1.92416177661	0.471572513675
0.0204765067007	-0.8205568244	0.571198048495
-1.94783245675	0.131635794627	-0.953638866192
-0.418258509126	-0.135047580245	-0.898232692911
-0.358885632833	-0.628604089715	0.198459702605
-0.566542613919	0.263432426411	0.780789871431
1.84928450811	-1.40364343847	1.08879161915
0.731981276262	0.621971620262	0.278127155794
1.77911907116	-0.734171050239	-0.262284884919
0.800416177304	0.569006925164	0.188587014997
-1.35351858171	1.99793213544	1.70636190433
-0.818180771213	0.562289935746	0.120042716464
0.426003199354	0.435590567599	0.570752839548
0.402905414531	0.527934270642	-0.747631348208
-0.441259508731	-1.77184789472	-0.769242313948
0.031228038528	0.794620362581	-0.60630296798
0.0436811540623	-0.899347834191	-1.4291837241
0.160410735305	-0.903663146838	0.397065879982
0.00238727586653	1.19614438714	0.505035099089
-0.668160965461	-0.725996343567	0.162758205203
1.95259443237	-0.337242676333	-0.234246470177
0.717369775906	-0.528087222717	-0.454427650808
-1.19898198291	1.59100947967	0.384166788767
-0.0419005041529	0.412632507615	-0.909933382952
1.0614393168	1.75888354825	0.679104580253
0.081343882053	-0.912259650666	-0.401454234775
1.9518474245	1.8224332768	-0.202674032437
-0.0515946761568	0.710742693412	-0.701557419713
-0.275081607132	-0.476829909757	-0.306459776003
0.450454561696	0.0362849249684	0.892061708665
-1.34654785764	0.953511885899	1.45473611351
0.139882628994	0.969114233468	-0.203102074327
1.59095295941	1.99978407617	1.29842721089
0.126741202554	-0.412009646138	-0.902321848934
-1.26322667174	-0.960132901344	-1.12159730369
0.503564691432	-0.641574824379	0.578622801371
-0.0624230978782	-0.788676835431	-0.000848826084206
0.458791008731	-0.511989832962	-0.726207423022
1.11355695556	-1.23299652562	1.60173413943
0.782439550945	0.310880441542	-0.539575481452
-1.97476663275	-0.607362120737	1.06253892404
0.610373030801	-0.482649039988	0.628088104863
0.31038183834	-1.76551921739	-0.895500202188
-0.369368263622	0.558588194096	-0.742661642503
-1.45931061536	0.143390830035	1.92338339274
-0.163268283293	0.6768005526	-0.717833183735
-1.0708363503	1.73060434475	-1.96676431896
-0.0987931497917	-0.512298082497	-0.853106434288
0.790465395942	-1.20166953516	-1.92065322992
-0.469074256366	0.0209119508449	-0.882911112359
-0.449916426378	-1.06743327446	1.81293487243
-0.730388929148	-0.659429988871	-0.178000286393
1.6483371032	1.74300140529	-1.72255271204
-0.473860262136	-0.350960344509	-0.807640568911
1.23678830097	-0.473810840174	-1.86805442576
0.660403325961	-0.294649529692	-0.690687412446
-0.0186431854194	1.68066123242	-1.65748537646
0.496741815504	0.530388952411	-0.686975347367
-1.62546174564	-1.60387750826	0.403511053088
-0.93184684302	-0.0821319114345	-0.353434308291
-1.31756128258	1.31589973567	-1.417092636
0.802224292497	0.0414641364619	0.595581153089
-1.93079541155	1.6546042167	0.202157345586
-0.437544437908	-0.242632671815	-0.865843087068
1.05149412508	1.04661999245	-1.12430730065
-0.179771796744	0.342042883945	0.922327906245
1.88417114937	1.86110341802	-1.86393273272
0.338275237809	-0.715804176356	0.610896263368
1.60306698582	-1.3283492356	1.49556290342
0.701572122062	-0.400760960589	0.589225941395
1.24041642502	-0.730931744795	-1.73387323362
0.784178766236	-0.496905335168	0.371683669893
0.781149243942	-1.35115622857	1.24776797271
0.00642181231163	0.862984910763	0.50518887965
-1.82218269094	-0.00381277060077	-1.36379426263
0.676886641166	0.214445650603	0.704157324714
-1.56161328938	1.18659102268	1.43889932447
-0.0233757843781	-0.234026406834	-0.971949182627
0.21322735877	-0.361714048037	1.79415634899
-0.61118884584	0.786151276462	-0.0917298492184
0.250251451117	0.429662684133	0.212247492218
-0.251918856334	-0.110694764626	-0.961396670947
-0.210483953014	-1.41895810632	1.601742344
0.724007409865	-0.586873801722	0.362480911654
1.72104230612	-0.233330987299	-1.84233162855
-0.752463464022	-0.289163007952	-0.591763035466
-1.02188242577	-0.122488295091	-1.57031558399
0.590766752509	-0.379750087752	0.711887993284
-0.514494903266	-1.67491439925	-1.47442232379
-0.365334915111	0.695252523242	-0.618994611226
-0.597437199313	1.23558178215	0.43513369743
0.932824466967	0.167394117163	-0.319088895713
0.7092189712	1.71180326809	0.597991012277
-0.241238025732	-0.802763315122	-0.545321258374
1.87301475574	1.30752859008	-0.766573975241
0.179002568712	-0.962642446278	0.203168897765
-0.478989038519	-1.00540169826	-1.98364052498
-0.859670924428	-0.232914038588	0.454661360048
1.06635794587	-0.560177994046	0.804885923189
-0.371731032197	0.605836277595	0.703404893679
0.0822179107397	1.66104900598	-0.267147429705
0.320348200534	0.368078955595	-0.872865919178
1.33898907089	-0.359958884187	-1.70401302922
0.517226941717	0.502783821924	0.692592751315
1.9452120565	-0.211092614416	0.918790230687
0.670578887064	0.613432941638	-0.417161817929
0.666722806323	0.547098217444	0.242140757518
0.97731241056	0.0696941218591	-0.200007953699
-1.23316419528	-1.12609072938	-1.35089461569
0.538388880584	-0.801099303492	0.26149057193
-1.90751144562	-1.07474480497	0.0496691716097
0.991607247637	0.103947671706	-0.0768761860451
-1.89329347444	1.51664343545	-1.06506207048
-0.714669885826	0.699441939031	-0.00528471547921
1.20580904849	-1.79283803327	0.343579756054
-0.29594934396	-0.764394984311	-0.572812616629
1.36834404582	1.18661974835	0.329018341164
0.706696146328	0.474993032532	-0.524368358895
-0.445889644554	-1.3031935091	-0.230802165927
-0.418549047151	-0.0361634764254	-0.907473910425
0.857907380996	-1.75940257658	-0.502655023255
0.615485378945	0.528699610771	0.58451216401
1.60362378755	0.905770623338	1.80476084372
-0.0160335991217	-0.33758296665	-0.94115921306
0.145226389803	-1.23539061195	-1.19215129098
0.393995872104	-0.88450252198	-0.249845034725
-0.28618644923	1.59495646083	-0.490014003664
-0.117876679396	-0.580997437392	0.805324199437
1.6243238243	-0.764035725054	-1.93635188207
-0.162065868311	0.984821341332	-0.0621416123568
-0.116391082939	1.03094130855	0.0363322096906
0.493743889505	-0.820265345594	-0.288758955522
0.600845469849	-0.487014978848	0.521056186817
-0.404305362033	-0.606787126336	-0.684358500746
0.704292967829	-0.24780902309	0.845646574047
0.622723364364	0.706888585661	0.335446178899
1.75260535836	0.317110080058	0.581379050127
0.271036189489	0.398367200317	-0.876266487833
1.39265403932	-0.373107530647	0.131244908921
0.540956677168	-0.819535162356	-0.189018494041
1.30181214304	-1.48882120923	-0.382190776997
-0.458095620819	-0.725075000789	0.514212646108
-1.99005476916	0.819340434362	-0.794712962163
-0.817115808907	0.154995289212	-0.555246085223
0.162276880099	-0.695803042872	-1.92966479129
0.713142311681	0.525635657365	-0.46382669069
1.28805176065	-1.90753116528	1.77898246719
0.478596318283	0.322899790375	-0.8165055355
1.9927140477	0.880371803222	-0.944296617444
0.423445724312	0.466564817569	-0.776537822368
1.12885721481	-1.21532955047	-0.548604653229
-0.319895330264	-0.165755688504	-0.932840838195
1.06060537864	1.37641149657	-0.730557595899
-0.78521995683	0.579734526283	-0.217571823617
1.41302820857	0.400191292796	-0.194754173452
-0.661102250082	-0.423385103831	0.619426241607
-0.163328684709	-0.235612598087	-1.3109249561
-0.366797679155	0.665881464326	-0.649662480088
-0.292231429318	-1.60634664772	-0.676638838982
0.446411651635	0.630957823462	-0.634514666731
0.909674838411	-0.032103624356	-1.46787151595
-0.539416402423	-0.540704759772	0.645498495395
1.83767647722	-1.24956997824	-1.89559471874
0.806468143738	-0.208703085955	-0.553219807172
1.4174618536	-0.0919056523499	1.03423864546
0.806504009563	-0.45827240629	-0.373547432319
-0.825487496161	1.44280319271	-0.358434979979
-0.39174851343	0.322177141073	-0.861820742379
-0.751884340015	0.0605748110136	-1.83842857452
-0.764590499698	-0.561850631812	-0.315793026053
-0.282049075865	-0.167703557867	-0.693803416481
-0.615073141573	-0.734392857438	-0.286970663065
-1.76526429918	-0.0751609229899	-1.67132131968
0.182303303446	0.257279574129	-0.948985103302
1.16851292054	1.25835165466	0.595669750441
0.706183439247	-0.0436766814473	0.706680477749
0.594359085774	-1.01670432281	-0.930862737655
-0.795286608642	-0.441146816302	-0.415822914931
-1.77495711162	-1.77142695393	0.338975257917
-0.865808587696	0.452539056696	-0.213503844547
-0.665178679436	1.17652177668	-0.794543195974
0.986481658368	0.1627914137	-0.0187854552544
0.702060030789	-1.20069175806	-0.139626284825
0.228373515751	-0.482437728717	-0.845635486019
-1.33735050355	1.81651612786	1.12489057808
-0.293461974124	0.620519428699	0.7272109105
0.307270389949	0.646123188678	0.0184845355011
0.199774422139	0.0196987675091	-0.979643883673
-1.27134531316	0.00975448269642	-0.702873423072
0.840189854129	-0.281711813028	-0.463378315656
-1.2355995836	1.60720525187	1.19050708035
-0.29849643581	-0.429886939438	-0.852113312365
0.0131469492045	0.519764549992	-0.48690524631
-0.649500350048	0.60580278328	0.459513093457
-1.60525509036	1.78421418265	-1.00740179723
-0.481047655041	-0.47235215218	0.738563875309
0.0437844890656	1.64654480776	-0.387885759208
0.201718819453	0.265780209827	-0.942693162139
-0.263580606615	0.700287243668	1.10512299352
0.369841888899	-0.0118775316053	0.929018784233
-0.566533141182	0.23894445937	-0.315010651239
0.6669775645	0.598849939631	-0.443305400664
0.666043872317	-1.63244921285	0.838925874092
0.412691474026	0.282167217359	-0.866064321349
1.98364589817	1.16017457674	-0.598113071379
0.407605021411	0.906952199995	-0.106281952585
-0.799296197471	-1.40856067699	-0.57319067977
-0.585581640926	0.617300852127	0.525389188862
0.450547934339	-1.08310781953	0.591517973848
-0.222052381597	-0.307161960477	0.925388712846
0.10949065661	-0.866574205959	0.422451240541
-0.299815870597	-0.274774460252	-0.913569614059
-1.06478313495	-0.170712785598	-0.851212089883
0.662417224112	0.302516595074	0.685337238814
-1.90887921842	0.963636429311	1.64482321949
0.606281887753	-0.692191246548	-0.391527203122
-0.920473984515	-1.95990765157	-1.96865585782
-0.257077775813	0.704589731828	0.661410860952
-0.0176297409077	-1.71074020843	-1.53376798157
0.35565175348	-0.934429273437	0.0188085935337
-1.90848574541	-0.0109074772197	1.43053993217
0.16569689033	0.236519012578	-0.957394013572
-1.87647668818	0.271142237547	-0.685394967923
0.151028858082	-0.0244554858373	-0.98822680253
1.53172672369	-0.958744264487	-1.01792344675
-0.162825992771	0.687915527255	-0.707290550933
-0.0284472378088	-0.781528741025	-0.956897799218
0.028487305509	0.456728142917	-0.88915008682
-1.28110393903	-0.38476311384	0.375620568977
0.0361568835071	-0.997764836397	-0.0561961833659
0.973494337209	-1.05752629459	0.0856583948812
0.138183770339	0.0599617307961	-0.988589822148
-0.772994165758	0.335248269029	-1.12362924777
0.311195663442	-0.94825409807	0.0630192395041
0.410860491241	-1.75628931976	1.23259635834
0.286298458619	-0.774594312208	-0.563947554376
-1.08591036961	1.6015149767	-0.80441439553
-0.0838461659993	-0.419397331319	-0.90392239652
-0.558120410735	-1.28524172544	-0.810822528484
0.758533434442	-0.538995442176	0.366211608427
0.938416320773	1.3911219201	-0.435142019906
0.644019834533	-0.445048242218	0.622230274759
-1.6160817873	-0.781502953554	1.98787207079
0.305513919825	-0.136879021157	-0.942297924417
0.297773088952	0.221637664284	-0.705450938322
-0.198780553036	-0.0643042041275	-0.977932135205
-1.34477322505	-0.687253846198	-0.0210787447486
-0.360228071363	-0.061192905069	-0.930855071948
-1.72397216749	-0.665161826819	-0.207641640131
0.159681240119	-0.800727729279	-0.577353449039
1.38651609427	0.984969470623	1.70031814054
0.666384009981	-0.529332892443	-0.5251085985
0.268691380237	0.786311515013	1.53256856112
-0.564834501851	-0.369842238664	-0.737684691463
0.397954404691	-1.57947827059	1.71602659586
0.465579144009	-0.620446105945	-0.631096419164
1.81506925094	1.51690871038	-1.47726516448
-0.096026089493	0.783302930527	-0.614178727379
0.0712975262812	-0.552943678361	-1.0081026615
-0.012223749459	0.0632335739994	0.997923892423
1.48139187168	-1.260758804	0.889546302449
0.113658118312	0.821037802493	0.559445045576
1.16888429936	1.92954284857	0.0489886948048
0.345353544299	0.308890130887	-0.8861815934
-1.69076413721	-0.681351819564	-1.08411052443
0.0890561572985	-0.443774607951	-0.891702359639
0.770947689023	0.775442428199	-1.44764422341
0.467622647742	-0.0373686566165	-0.883137952316
0.316418606876	-0.450543844523	1.11454226222
0.852448475188	-0.174060486102	-0.492985338856
1.43340126352	-0.94196171477	0.692969580702
-0.727283312092	0.649663954564	0.221349791266
1.48924649379	0.455233195628	0.177338639242
-0.601333626823	0.795384437922	0.0759043158438
-1.15320401579	0.949892819214	-0.675197566346
-0.0842514326285	0.164043441998	-0.98284863801
-0.0375435071823	-1.45452648839	-1.78939875528
-0.169698094499	-0.279208426503	-0.94511650673
1.0215915211	-1.90061297739	1.07574874853
-0.46599045716	0.0372049160661	0.884007176473
-0.0808093769513	0.194456128435	1.8361892112
-0.695978520161	-0.179448442903	0.695278473573
-0.272259786405	-0.631561599033	1.3549789411
-0.0272425500496	0.325103493816	0.945285968253
0.746349468297	-0.0937208619485	0.865429641474
0.506772059089	-0.775305875071	0.376938828202
-0.808768845425	0.937164031655	-0.0414969807554
0.217123314694	-0.217160233247	-0.951682141953
1.5485282179	1.46920812844	0.728038009249
-0.60114643302	0.666314330372	-0.44118950487
-1.8191425902	0.216667493983	0.225859049131
-0.148415894994	0.38399041091	-0.911330942327
-1.74906859045	0.985407226097	-0.848599492135
0.206084512741	-0.301803971527	-0.930829488348
0.922108022672	0.111642966232	-1.22402794742
0.142142159556	-0.955155543077	-0.259756607241
0.160530928131	-0.823130542219	1.61001965232
-0.34865849186	0.677167832834	0.647982239131
0.837542440641	0.82698716902	0.512891231641
0.676955028234	-0.426518337359	-0.599844978011
-0.355124967216	0.0499087216399	-1.38459839849
0.817759065899	-0.180767054485	0.546436988273
1.27220110415	-1.23732625814	-1.85713808097
0.42401983561	-0.483201680528	-0.76597866481
1.04645817598	-0.240611112813	-1.70087994321
0.646936946418	0.761685204698	0.0361695494022
-0.775931231056	-0.249690543082	1.09050020171
0.893018458184	-0.322448533427	0.313918742087
-0.570579256425	1.56210489711	-0.419006758391
-0.657455719141	-0.670994482057	0.342809542484
0.914521833999	-1.80179252471	-0.456968815234
-0.190097352704	0.0474482270362	-0.980618000164
0.704157574601	0.184922387693	0.50004560117
0.0512706845664	0.662355826219	0.747432991229
-1.54809952428	-0.52557567988	0.600419352446
-0.521220857212	-0.332868191077	-0.785829234234
0.97375354846	-0.022704457249	-0.414396175617
0.0186182994639	0.688603436947	0.724899072665
0.253522284058	-1.00982025514	0.248849473161
-0.815311470311	0.248729652562	-0.522877391284
-1.11604147406	-0.346130590064	0.664183243811
0.926940502658	-0.315193539148	0.203554261589
-0.737698044992	-0.203906016711	-1.56354345261
0.448953670327	0.0523632703198	-0.892019444755
-0.114027557329	-1.06562510746	-0.064596881809
0.148278092638	-0.473950783425	-0.867977109223
-0.648278639475	-0.914345908354	1.67664924737
-0.310049664738	-0.520383345831	-0.795657199287
-0.122743211976	-1.62078326437	1.42462804109
0.457917329925	-0.473768653155	-0.752233329654
1.48945487679	-1.17618762916	0.739648877338
0.621913306319	-0.483114916374	0.616298480447
0.273742989963	-1.35172950118	0.151245399554
0.472505370014	0.569708250606	0.6724367513
1.26110861168	1.0390097463	1.19678828766
0.753202119678	0.0888523271321	0.651760562535
-1.56625656383	0.0967208286278	1.31625205258
0.510536588162	0.422639348415	-0.748817984105
0.163931666354	0.586346142915	1.74093599197
0.265685829595	-0.619197409815	0.738921922554
0.349471068608	1.36696962982	-1.73187675617
0.239583170007	0.452685779045	-0.858880370075
0.921900037609	-1.53569994264	0.52253286433
0.705838496741	0.68902865151	-0.164412693903
-1.78020383662	-0.960753592788	0.472317723901
0.478907896002	0.0685511903817	-0.875184529939
0.464127303913	-0.783983453652	-1.58369475291
0.00100639105527	0.38789354804	-0.921703630548
0.149723505338	-0.532857332013	0.854460995471
-0.391557005293	0.899109067013	0.195668079209
1.11917742229	-0.805570745578	-1.59864015732
0.558840754232	0.78964792219	0.253284761463
-0.69058368956	0.385778365194	1.2508857461
-0.683669097576	-0.577350321543	-0.446389035747
0.744335399334	-0.603982901798	0.777710909003
-0.344929294204	-0.267177343115	-0.899800005182
0.408379263632	1.963937176	0.973057499357
-0.0228798415857	-0.0688877256417	-0.997362017577
1.77399245513	1.34491556609	0.221725326264
0.635817001306	0.466638447275	0.61480509137
1.8296861436	-1.91579397256	1.91242943649
0.836965272066	-0.02205855138	-0.546811259637
-1.53802545524	0.996409978682	-0.245740035951
0.227924499908	-0.965929187481	-0.12260190502
-0.993188104882	-1.11276668956	1.9379007267
-0.560052257105	-0.044291985551	0.827272439604
-0.472519717209	-1.11391097776	-0.505584190658
-0.480111621629	0.0127680397386	-0.87711447824
-1.84556089444	-0.471114594992	1.35699520318
-0.290038114531	-0.260521561237	-0.920872634108
-1.36452724638	1.9490837231	-0.545496905468
-0.475342974503	0.763916262995	-0.436441290121
-1.54837857998	0.121867109842	-0.556092324948
0.478989701623	0.870507073469	0.113076526206
0.545226444164	0.367644447068	0.851384081291
-0.88206694046	-0.310062926319	-0.354709591456
0.0543594806669	-0.0848248946616	-0.793003536862
-0.153241348858	0.406691417146	-0.900621552163
-1.757555318	1.31960612395	1.81367301173
-0.619273506664	-0.183615996168	-0.763403883862
-0.316896393945	-0.456205101428	0.143527833069
-0.671996734824	0.703192694726	0.232250774963
0.179403516559	0.286545721035	-1.34327681001
0.347917387328	0.314166396774	-0.883319289234
0.520498847189	-1.83834216691	1.41687798225
-0.117471413977	0.628144831208	0.769177832445
-1.42466207653	-1.52174649564	-0.5337707893
0.288903474382	-0.396983193863	-0.87117112342
-1.00257068086	0.115829313167	1.25789885725
0.514408322277	0.167992885252	-0.840929526463
-1.78666093122	-1.37254804274	-0.0260929222268
-0.345795854802	0.585362778348	-0.733331878843
-0.0513339111961	-0.937905498776	0.344465829751
0.31323486438	-0.528317057507	-0.789154615069
-1.77706848807	1.9395013528	0.951156694997
-0.0227461827038	-0.201879338207	-0.979146232172
-1.51995169222	-1.4593500458	0.549829439963
-0.842709204361	0.398778220187	0.361686505124
-0.880483763306	1.84505296512	-1.14109054728
-0.552076264813	0.636019131652	-0.539158104829
0.948685972474	-0.940407821687	-0.652822715272
-0.475538732719	0.452983096021	-0.754101603501
0.229644909627	-0.747427964198	-1.7912758794
-0.176685955872	0.848742028554	0.498416534601
-0.661460029412	0.469889819394	0.822430194022
0.518225495677	-0.696227652993	-0.496698490876
1.60997137616	0.130821284476	0.0591770552552
-0.505624573105	0.627430237627	-0.592178256932
-1.80147522945	-0.210922109511	0.228829420719
-0.989550798614	0.0426119981678	-0.137744090889
-1.55391524674	-0.354940616595	-0.56534622797
0.185421702749	-0.781526319266	-0.595680622854
-1.5994970952	-0.0541423557343	0.988128492562
-0.0746143341116	-0.0201137751319	-0.997009597343
1.54786110524	-1.24490639651	-0.203812978776
-0.363323556466	0.418811906531	-0.832221473085
0.70076901695	1.21553800147	-1.60246800549
-0.42765523919	-0.509174638298	-0.746895028841
-0.0765970857161	0.394539685004	-0.992308080964
0.269112644156	0.48581923108	-0.831599699055
0.589349413179	-1.27951628947	-1.9345316646
-0.474670327562	0.455370156314	-0.753210528916
1.39083877615	0.816814684301	0.13251813963
-0.823674826714	0.125842266935	-0.552922692328
-0.0479119580922	-0.0475383843848	0.853072749631
-0.361928165011	0.0240729311508	-0.931895110706
-0.28401113168	-0.709850262914	1.99411909211
-0.0301367930355	0.162398595194	0.986264908625
-1.09292943411	-0.409709516132	1.08981710047
0.218837177525	-0.702456227833	-0.677248505138
-0.586512748956	-1.0121944171	1.42253702093
-0.553992808981	-0.594181601233	-0.583129653125
0.679077701974	-0.167817440584	0.423137103519
0.131486875698	0.0800913115052	-0.988077215272
-1.04022756147	-1.84990719837	-1.52234464813
-0.287142779125	0.127762871968	-0.949329064626
1.9728276315	0.321532768709	-0.781135236432
0.496997968173	0.160889688662	0.852706003095
1.92739702921	0.921701719902	-0.0336952719284
0.118538929526	-0.992943895328	0.00330800822943
0.610377548641	1.50439857058	-0.294072020054
-0.411020024101	-0.21833181217	-0.885095339261
-0.359694386857	1.91406348786	-0.670794018709
0.0731945699898	0.748251318633	-0.659365239521
-1.60764833184	-1.27485997026	-0.185034314605
-0.319731754818	-0.873968804802	-0.36599198515
1.74868118373	-1.08596716718	-1.04461066405
0.0844471013501	0.421188741203	-0.903033073235
0.174888731608	-0.0781663719391	0.965485421763
-0.687404287248	-0.682813910136	-0.247468199974
1.3285697606	1.73953864093	-1.10362646323
-0.591543247793	0.429277682327	0.682493412017
0.384110447316	-0.529644916757	1.73385980767
0.169119747889	-0.308284458626	-0.936140589572
0.753351354859	0.555135118961	-0.027700813391
0.319530688436	-0.273010484371	-0.907394850421
0.262420674013	-1.54177670104	0.751378637399
-0.532023206151	0.562846768018	-0.632577919191
1.02396641027	1.32676083757	-0.699501852995
0.0621827835996	0.650759600903	-0.756733270879
-1.86691592402	-0.55296874463	-0.485362541456
0.633352845154	0.210847836137	0.744585363495
-0.530190401345	0.0500709394504	1.66304382143
-0.352386209526	-0.827140308199	-0.437793181638
-1.44402713087	1.43194151072	1.29646615138
-0.0935692899278	-0.0538061117277	-0.994157779391
0.296643469697	1.23531329057	0.831310775412
0.156111644244	0.350604688936	0.923420547003
0.216788773782	-0.550775880069	1.36944257116
-0.0113856378133	-0.178344882009	-0.983902165011
1.42878415571	1.24761636442	1.70374683716
0.16918807143	-0.778679899884	-0.604179617335
1.77325859848	-0.779510905671	0.846644474291
0.130121659507	-0.978555920784	0.15967674729
-0.334685700961	0.132238389242	1.29707118677
0.33730431409	-0.243920657482	-0.909246123198
-0.210372816744	-0.746718501791	-0.357701748591
0.469745104313	0.294445680897	-0.832250730234
-0.174819203469	-1.03708675284	-0.0212912786169
-0.430887276952	0.756218731752	-0.492411803584
0.443335653283	-0.0162873489296	-1.62608980341
0.370899915274	-0.402258486832	-0.837031279357
0.992349141196	0.340051169142	-1.62076711105
0.690015719609	-0.547031810055	-0.473956227389
1.19410587653	-1.1836542357	0.258652143496
-0.53738971808	-0.650179309819	0.537102556301
1.8375703897	-1.2453580266	1.70988933236
0.864236675374	-0.00807349275347	-0.503020663247
0.172130798857	-1.5761401391	-1.34061991319
0.0978368866843	-0.532711471247	-0.840622645428
1.05386614715	-1.08111052021	0.82871820983
-0.206286244905	-0.660101408898	0.722296417777
-1.4775427997	-1.72139415096	-0.0767347242073
0.644742033871	-0.465875576729	0.606026118882
-0.192834443144	0.840447231353	1.26551445069
-0.319629915612	0.107918774584	0.941376787019
1.21677662268	-0.695283021559	-0.981795216556
-0.743547247869	-0.611223279216	-0.27118922016
-0.891909701639	-1.08020951259	0.410162440178
0.634190616322	-0.77237284992	0.0352483031661
1.7019479409	-0.435624627778	-1.11688813078
-0.025573236712	-0.896490367318	0.442324576381
-1.10891033958	1.98688505807	-0.587158592547
0.729240580517	0.241495269398	0.640225124925
1.49369861851	1.21216712977	-0.718342361951
-0.576945539986	-0.698707767522	0.423014538159
-0.95932412218	1.27420177569	1.46836672106
-0.698684374421	-0.636245900504	0.327156383143
1.8225654555	-0.0370658299477	-0.0305179375544
-0.673317410166	0.65465192403	0.343619736818
1.74474173898	-0.701075736212	-0.143969429967
0.81193828851	0.570448890944	-0.123872024579
-0.367315369983	0.694116223368	0.700319558032
-0.221939898559	0.579659697847	-0.784051858055
-1.59139933714	0.580728259205	0.18556606925
0.471769154153	-0.420744521165	-0.774859931277
0.348809214685	0.241600576416	1.92325429153
0.920620653008	-0.351671398776	-0.169660957614
-0.59724848973	1.42722264899	-0.237164553256
0.672044995446	-0.739113430806	-0.0454627374826
0.467632932191	0.0347099456394	-1.86159134208
-0.168317462832	-0.699115151924	0.694915272574
-0.700599445403	0.324441965691	0.525524132348
-0.187908346007	-0.421045444918	-0.887361925493
1.08578371324	-0.665173939882	-0.569959030353
0.240731517521	-0.730831390555	-0.638696966527
1.52498088523	-0.00627802038357	-0.532276077404
-0.47511762528	0.576397384986	-0.664852838401
-1.57562258963	1.20147388903	0.476259995539
-0.0489165032706	0.373013806448	-0.926535415355
1.80371256144	0.844612279461	-1.66561287301
0.605647760083	0.581688220107	-0.542982140861
-0.812290738532	-1.60232114986	1.67957760329
-0.136989636034	0.287341151005	-0.94798148851
1.67140973671	-0.479551211112	-1.40895813905
0.393062663817	-0.102840518531	-0.913742616967
0.189259624558	0.184950471299	-0.937035691642
-0.247264902121	-0.587600982565	-0.770444776391
-1.7721619887	0.631897370822	-0.0371424762282
0.404626094584	-0.288069050277	-0.867925080784
-1.4002990348	0.759644686302	0.482308898368
0.0447058951886	0.714592972565	0.69811049734
-1.23281940962	-0.10844308724	-1.22666036827
-0.346580716464	0.693895012035	0.631182635414
-0.0680548814083	1.9328703444	-1.01990998655
0.752655772976	0.458488679153	-0.472543562537
1.75548341438	-0.749810388369	0.956159072463
0.330631449002	-0.0843860971045	-0.939979697412
-1.80485651247	1.39787946082	-1.78570974941
0.459140705265	-0.581805061147	-0.671336490586
0.254211849909	0.65118070861	1.59280342948
-0.790670571601	0.612150827242	-0.0105551840269
-0.798028551838	0.758732156555	-0.966850463869
0.0348229660431	-0.893889654564	0.446932485393
-1.83149157914	0.892665376029	0.996853353251
-0.147494796567	-0.976790684073	0.155323032719
-1.72623792081	-0.898489622579	1.37058754057
0.319169118775	0.848736403246	0.421636800369
1.93936215287	0.774873533197	-0.488749414742
-0.522580277807	-0.763865411126	0.378707653649
1.64325603409	-1.56737685971	0.96341124515
0.553508882894	-0.382622768315	0.73974842597
-0.79916372812	0.497163844365	0.3733255409
-0.892941283516	-0.398200919443	-0.209980694227
0.97642015973	0.285066453335	1.62972715082
-0.586014039015	-0.666288611722	0.461136673848
-0.900583299844	0.860185842836	-1.0842222447
0.361818269441	0.808745100397	-0.463701307398
0.928449740205	-0.00541247442764	-1.91071603987
-0.140214583461	0.187256747299	-0.972252426675
-1.9320825023	0.199085872356	1.28720880401
-0.944640107103	-0.328070231865	-0.00499910162349
0.0739947238554	-0.857001776764	-1.07920172043
0.472230901366	0.130449722571	-0.871768802881
1.43176733324	-0.656275149514	1.27248920699
0.618925176927	0.669380076609	-0.410928142629
-0.884156110567	-0.270752707147	-0.512894213141
0.412247079012	0.111489322018	-0.904224793357
1.72193293801	-1.31996060778	-1.26045284726
-0.598615858515	-0.736339963234	0.315376778597
-1.01205897197	-1.25632549265	-0.926729822637
0.112255166604	-0.158933505284	-0.980886802067
1.26599312569	0.436095387577	-0.410309342994
-0.313733295261	-0.822239154306	-0.474862288006
0.739799342871	1.99279796163	1.0517447616
-0.469275336806	-0.879641500578	0.0775337908736
0.218655005706	1.08151894043	-0.974559149086
-0.615376756372	-0.772343913763	-0.157468493959
0.431585717146	0.826807498283	-1.91470641562
0.732282451813	0.616725889121	-0.288810644636
0.272269875721	0.330733377218	1.93204370807
0.050985285009	0.0418791795551	-0.997820943372
-0.978476868333	1.89587519373	1.96000009075
0.126169633671	0.276807441197	-0.952606353137
0.841872346572	-0.805973325204	-1.08999453002
-0.110342141215	-0.514289269868	-0.850488776393
0.804001588692	1.35196580872	1.45505207272
0.467596307236	0.0689758395273	-0.881246859297
1.47295809419	-1.85131107393	0.277887999558
-0.450515807574	-0.884839810576	0.118718224156
1.60355752704	-0.139365133546	-1.5021965184
-0.823797364734	-0.0453539607659	-0.565067181935
1.97124776942	-0.694618614521	0.547397738929
0.398937768191	-0.491867492504	-0.773896005241
0.00606888276792	0.528844153868	-0.592627933944
0.923658553363	-0.172474262211	-0.342209739302
-1.99288387725	-1.67780452945	0.719918014642
0.22923073158	-0.670125421689	-0.705964015305
1.53548604032	0.75242051134	-0.605184404207
0.670518729192	0.311843218904	0.673170439507
1.63009553599	0.193938333422	0.0310196468313
-0.47924744361	-0.613490887209	-0.627655015996
-0.754460719128	1.87773330649	-0.101931072712
-0.695103037466	0.673455586886	-0.251573726364
1.99716655232	0.824550605483	-0.331803591277
-0.549496618131	0.625617123068	-0.553765909014
1.09992085123	0.740090858297	0.257180068065
-0.246493015776	0.607779536444	-0.754880936475
0.720384099704	-0.827231019907	-0.241940374597
-0.665933246831	-0.67485676966	0.31796422945
-1.04605413464	-1.91877076574	0.359961472242
-0.264068891427	-0.43119039539	-0.862752840334
-0.691953967817	1.54990081498	-1.91027351475
-0.747379588688	-0.161464061994	0.644478942323
-0.427110108119	-1.01809692816	-0.102154045909
-0.702301007463	-0.687956637716	-0.182999889449
1.12983693327	-0.0915154030039	-1.14714493765
0.571331221419	-0.558819577189	-0.601083451429
-1.11128553374	-1.92256800929	1.19208759911
-0.754698730016	-0.525549398298	-0.392718291986
-1.86915602391	0.442317577727	0.891638970844
0.0979486224231	0.29097637908	-0.951703112416
0.777624990221	0.52736456642	0.360905261114
0.709511325798	0.123723828228	-0.693747859739
1.76667459584	0.619329087176	0.579353458624
0.746230077287	-0.665573802753	-0.0123363220312
0.129616405278	0.427794581668	0.553912559571
0.241530694063	0.68007005306	0.692219363177
-0.0504334096116	-0.332747589754	1.64280296615
0.249049575146	0.713204798134	0.655219982172
-1.0067470579	-0.796363255627	-1.45825461783
-0.504633622588	-0.472932198642	-0.722274215545
0.776184786814	-1.0086071577	-1.01152562952
0.565521685568	0.139948233444	-0.81277285579
-0.127918040245	-0.670888208753	-1.79285629093
-0.495061619903	0.537123580448	-0.682943813081
-1.5851355725	1.8331817149	-0.332506615811
0.0096780958547	-0.158402606787	-0.987327174053
1.27797483174	-1.20462359209	0.221401740913
0.358241073818	-0.923423509763	0.137667551178
-1.19129927428	0.563772091583	-1.28830281064
0.791104217749	0.437918209875	-0.427061773189
1.3842709229	-0.161346894722	1.89768782439
-0.130845245005	0.482020726168	-0.866334543582
-1.72792730081	-0.0662298929663	0.285919119808
-0.36469116783	-0.418514588158	-0.83177274036
1.38960188483	-0.952339525745	0.534129254237
-0.832989573565	0.453345528737	0.317184807181
0.493946030339	0.771932712477	-1.01949774082
0.342110850745	-0.869594100606	0.35604250588
-1.28631845871	1.58357111202	-0.826676620556
-0.155492043331	0.696964014192	0.700045275237
-0.529985950313	0.410628905363	-1.46281453007
0.594776181115	0.167188501666	-0.786313741002
1.48593292495	-0.578473701658	0.615386866059
0.630400190627	0.771321452388	-0.0875146658768
1.45474449136	1.64845587299	0.360192943915
-0.514208893582	-0.424284109062	-0.74536716359
0.0844764297449	-1.77124688581	-0.231265487769
-0.550423873403	0.51951910031	-0.65355448434
-0.827779084055	1.3274157666	-1.12349968199
-0.660739228124	-0.683368643911	-0.310533362035
-0.29564844877	1.16945334928	-0.0602821353492
-0.693997948772	-0.0476717046339	0.718397004223
0.856777837898	0.331999595141	0.526818315398
-0.0470000412772	-0.254006301799	-0.96605993332
-1.07356991996	-1.85756656902	0.159733601287
0.538616914945	0.252213270573	-0.803915595745
-1.1945368733	0.796036561915	0.0430432668613
0.323865921966	-0.289951338648	-0.900577084877
-0.868731468093	-0.184267263111	1.5499072293
-0.259167236504	-0.173558749291	0.950110364151
0.141102588734	-0.592604091406	1.40963850875
0.196889417698	-0.081130129048	-0.977063180843
-0.175544689264	1.92705195041	-1.61872973463
0.494703083527	-0.101079871297	-0.863163784439
1.77009460195	-0.173729815895	-1.83419703272
0.681498379349	0.341399356009	0.647307066747
0.941273894121	-1.34653281299	-0.16271028209
-0.536727826919	-0.77142866619	0.34179094896
0.407997888661	0.410544733282	-0.539418821777
-0.425337044655	0.883683390029	0.195427901363
0.726864040348	-0.365021509352	0.892816835277
-0.905389314566	0.0577526641245	-0.420636207258
-1.13418700078	-1.50506864904	0.708702646476
0.83460414304	-0.0511790716389	0.548467525973
-1.81354362478	0.0718536965231	1.08441742111
0.188988685778	0.606376288113	-0.772393082479
-1.02569819842	0.352300697236	1.58042541848
-0.371922433124	-0.0366795948602	-0.927538846119
0.713938408352	1.85538217448	-0.432526711635
0.378170801244	0.214592838227	-0.900520271214
-1.02995925469	0.883550168524	1.30704034786
0.835417211475	0.167305162131	0.523533251566
0.321564289606	0.0579151334371	-0.719403065478
-0.0880131394692	-0.773183037367	-0.628045920303
0.596472214794	-1.9685880577	0.439362596089
0.112891514582	0.610293138728	0.784090422564
-1.38365074407	-1.91910809038	1.83716348047
0.794570222167	-0.367962294241	0.482971957843
-0.403250792928	1.59939969417	1.62506904145
0.453828981795	0.760484518782	0.464437888179
1.01347223638	1.79221640671	1.98796412117
-0.0343332479744	0.95165798149	-0.30523485114
-1.94325461594	1.06987722016	0.216145825205
0.230839458538	0.442499471241	-0.866549111322
-1.73812624403	-0.719112091229	0.560423682208
0.170392840855	0.507869800963	0.844413728604
0.89956451332	1.45465619884	1.04656993156
0.498912992815	0.3350285949	-0.799275713505
-0.964804257882	-0.884331753361	0.668358284749
0.860945493596	0.430159031896	-0.271543853428
0.241329737787	0.686635086172	-0.00423885143632
-0.507952919532	-0.321042376579	-0.799321977665
