1000
-1.6373690258	1.84093104624	-0.969296633627
0.546351549995	0.83160301339	-0.0996815526507
0.850537702309	-1.81054888971	0.919672875338
-0.465356596001	-0.244782143881	-0.850602692563
0.0722365917104	-0.475749626908	-1.653148753
-0.274511755817	-0.486453370981	-0.829461520373
0.0544608174954	-1.65450441762	1.5327304721
-0.384869866112	0.880961715552	0.275284656113
0.577196562941	-1.69682399531	-0.733040734497
-0.233043886883	0.35943639007	-0.903601697807
-1.22390175526	0.054389829617	1.91051686382
-0.448184009117	0.325366948393	0.8326268329
-0.849825896929	-0.864243365622	-1.08870164012
0.0173587303112	-0.0563141738458	-0.998262184151
-0.909299436873	-0.818816859864	0.469030310929
0.293613058546	0.702730777056	-0.648043846379
0.628646095182	-0.781619349365	1.08672363343
0.0829777872883	0.290412757858	-0.953296972034
-1.43347162873	-0.0643204131276	0.253529953501
-0.485483797265	0.618272386906	0.618097676895
1.47955049459	-0.219470804056	1.06826280835
0.7746345766	0.285730700538	0.564180148097
0.732888576349	-1.51750016282	0.448679857662
-0.236898969462	-0.425280238602	-0.873507639877
0.728892303938	0.290679833853	1.1879079909
0.947746598417	-0.254634281727	-0.192192007532
0.965438331859	0.151955821379	-0.277283695518
0.502992387646	0.780617951458	0.370990932277
0.330383338467	-0.341730050633	0.074239606899
0.97132416961	-0.22675952352	-0.0714805989318
-0.492773227351	0.175461629324	-0.815769794473
0.865131868203	0.295998556199	0.404884805035
-1.93496582528	0.998518990214	0.512641141763
0.480005638513	-0.166611622177	-0.86129852801
0.890530031561	1.99711298406	-1.45302846536
-0.414649640548	-0.815993432261	-0.402765929667
0.68657502175	0.069383474197	-0.476286035026
-0.704356031047	0.697104279431	0.133896247618
1.45902827123	0.0290433133953	1.22475401345
0.108937264919	0.449338631462	0.88669468623
0.295388691293	0.0610321599131	-1.92342665568
0.553176693471	0.694487750328	-0.460089459175
1.88147623665	-0.393551201722	0.306736130416
-0.360295896407	-0.42785207939	0.828932726579
-1.36889851744	-0.67458992956	-0.393108900905
0.455271642237	-0.213992957106	-0.864253866687
1.44210513257	0.164070931081	-1.57298896335
0.119832281062	0.114114955921	-0.98621397336
-0.24080257714	-0.846850239067	-1.45780472289
-0.694808345064	-0.708234727802	0.125079710447
0.997602635387	-0.984275456541	1.22280818481
0.193887401754	-0.392127006138	-0.899246399213
1.15677231095	-1.57454362381	-0.889777239161
0.621633095465	0.651253386784	-0.435248573604
-1.35707604026	-1.01284886895	1.85331191367
0.685559927702	0.231412457081	-0.690257821569
-0.734039971158	0.517646885286	-0.446207537081
0.0779970134495	-0.128574382001	-0.988627884589
1.22250234009	-0.575451578752	-1.84177931383
0.792100452547	-0.155975049631	0.590125967034
-0.351351176664	-0.946164624061	-1.40075997345
-0.900926009856	-0.411449703959	-0.137990818091
-1.32395013499	-1.48894760265	-0.886451596634
0.0227844575901	-0.996219212314	-0.0838340593652
0.926853221895	0.0383881020688	-1.0680085138
0.84135739597	-0.532259660047	0.093900939998
1.51501712449	-1.4721723267	-1.4937668978
-0.418837167118	-0.0766361540565	-0.904821710246
0.354495598686	0.987775091923	0.192651904233
-0.85213362725	0.401531923495	-0.335619420959
0.360607821311	1.43649982055	-0.296285149001
0.333172371995	0.487476762772	-0.807070366385
0.833194546357	1.47945052314	0.8972648589
0.130965868547	-0.873328433811	0.469196534486
1.19255227448	0.908729141528	-1.06150080333
-0.60131070349	0.123007334496	-0.789490109835
-0.896918065798	-1.35309408845	0.625108679102
0.220947986178	-0.0662258630049	-0.973034491924
0.322837883166	0.00924819722521	0.290891948366
-0.496726793708	0.080294000276	-0.864184798485
1.09883443258	1.03069750095	-1.5452397326
0.707425184105	0.478999000954	-0.519720661489
-0.996558740935	-1.67602179675	-1.71484617896
-0.86894488106	0.137831147929	0.475328695052
-1.93452794489	1.07979248395	-1.20820706391
0.817630221483	-0.38884189019	-0.424597227206
-0.400913522408	0.161730098899	0.712480535025
-0.633944335608	0.38757305755	-0.669254588637
-1.67685803995	1.07260736368	0.337617902613
0.373372045364	0.794078409224	-0.47961734304
-0.862122218793	0.714501328614	-0.728616912344
0.702205770755	-0.705607506979	-0.0950005348022
1.98543715206	-0.190058622947	1.04263377109
0.414657775315	-0.900062774295	0.133962426448
0.370052811873	-0.761613207401	0.928709690209
-0.408411179551	-0.61192963936	-0.677305267136
-0.880858969087	-0.147214546946	-1.24582229648
-0.574125182476	0.0338981140764	0.818065518592
0.858586000479	1.19698301123	1.25113287011
-0.208130846742	0.560141672726	-0.801824704727
0.406447309763	-1.51315779167	1.75224187425
0.761192914638	-0.628682989946	0.159194990048
-0.446970978919	0.510028922878	-1.64195808564
0.61866512613	0.102069886478	-0.77899627726
-1.53999903154	0.915960567022	1.71545760725
-0.388720220291	0.883031270182	-0.262968374938
0.938726151058	-0.467280438598	-1.12107282654
0.110903506378	-0.791016346213	-0.601659000014
-1.27525754699	-1.32304143042	-0.896859974851
-0.612749838537	-0.381432581832	0.692132083414
0.426665136661	0.498927095516	1.72655272961
0.569551630748	0.192198286981	0.79916879218
-1.11728108631	-0.982465870334	0.128237725516
0.259072038429	-0.447709139833	0.855826036653
0.908023110935	1.16553710151	0.555576647856
-0.578877878445	-0.103161167862	-0.808862272141
0.487310536059	-1.68569941205	0.288288315011
0.394010340968	0.85146016357	-0.34608010787
-1.78482433053	-1.9569152931	-1.15128605988
0.642483437837	-0.756779141638	-0.120417452584
1.12974905319	1.07874723117	-1.5083700464
-0.254998739972	0.54809021428	-0.796600752964
1.98660642447	-0.115442526681	0.992950533695
-0.596780827524	0.75618736748	-0.268390218085
-1.05360847615	-0.27051600927	-1.68412842894
-0.807533712346	-0.265395968597	-0.526739293463
0.685000744368	-0.0352691471061	-0.421874604042
0.794696121562	-0.435791469869	-0.422544517374
-0.638424473613	0.0797772640803	-1.34103101872
-0.386708830252	-0.918994394177	-0.076847798122
1.90252040036	0.258129736521	-0.539282599841
-0.124496110512	0.409516673872	-0.90376811865
1.27253968615	0.767295986967	-0.457210638339
0.37518571541	-0.812471183923	0.446235648785
-1.70864462441	-0.545106207531	-1.48783340101
0.845569457583	0.134428360778	-0.516663631603
1.96230427193	0.967604674721	1.52592150508
0.145855570881	0.378223719349	-0.91415150307
-1.58888691444	1.18406712603	0.286249272248
0.646356386685	-0.73579149134	-0.202074992669
0.446535039633	-0.881025102314	-0.830229448863
-0.656454844349	0.3888893594	-0.646399337466
0.963783769493	-0.482953530399	0.355744621405
-0.312312736116	-0.658741108446	0.684485870492
-0.33277061097	-1.38088602466	1.20652536577
-0.719168635335	0.525246548284	-0.45487639801
-1.49447459225	-1.29201699177	0.0209290071111
0.616807657056	-0.422756548739	-0.663946695673
-1.75540333636	-1.31605630125	1.21030350074
0.65834941927	-0.743511525615	0.117331382947
-0.689522937581	0.911135368128	-1.98063994035
-0.0243015243954	0.615909177325	-0.787442265312
-1.49617338686	0.34238147641	1.96736870021
0.218397868815	-0.606461643122	-0.764530343622
1.0169198214	1.64287323006	-1.15073894473
0.162852585365	-0.265923529908	-0.950138785484
-1.62767156309	-0.0378250839551	0.0188896756172
0.502694515126	0.342492759312	-0.793723462096
-1.29793615549	-0.775836478905	-0.365578153386
0.631833600419	0.705994989702	-0.319933392909
0.0153353558936	-1.18432881134	1.34097369137
-0.36073944415	-0.716228559431	0.597397442319
1.75432357393	0.997688683755	-0.4234904526
0.41854218735	0.700173088518	-0.578428978807
-0.17313549941	-0.0757057126491	-0.566157694585
-0.518620124786	0.132165271066	-0.844728067067
0.580535075554	-0.092185871843	-1.41428833753
-0.767849118546	0.621260387913	0.15634340907
-1.15741526606	0.559442434786	-1.87499347374
0.742862228109	0.33639676543	0.578785734325
-1.09444460026	-0.839865366145	-1.7298175902
-0.986007306697	0.131523801997	-0.102425976434
0.0490195334788	-0.126120360992	0.477102709418
-0.695089065203	0.451808883862	0.559213665694
1.82786682399	0.417169346389	0.623774708426
-0.254887149832	-0.70962143751	-0.656863727326
-0.196722368693	1.68586465022	0.459447188013
0.0497122675202	-0.989574168852	-0.13517268511
1.47276484367	1.59925695511	1.57602995983
-0.474071257266	0.414946522952	-0.776579568444
-0.645137182226	1.37438931776	-1.05885130813
0.137368583002	-0.389051110834	-0.910916629315
-0.740052950908	-0.0579503601485	-0.151612165534
-0.310089919262	-0.468713303602	-0.827134862642
0.346840197277	-1.36995134013	-1.5908629677
0.391198835042	-0.726792952257	0.564566626724
1.97623292675	1.73840648787	0.648403493935
0.264124671013	-0.320548859307	-0.909662897429
0.12863690216	-0.138931221307	0.0336200390504
-0.745395612501	0.218844698276	0.629676408087
-1.30852965538	-0.675729188339	1.4318239676
0.729595736722	-0.123277152567	0.672675854042
-1.18590179711	1.72418988938	-1.7455847712
0.320656178085	0.938315919983	-0.129394164332
0.732141981038	1.9053375648	1.91686004783
0.184094191299	-0.699641619911	0.690370141604
-1.94499231289	-0.725364907162	-1.64674149495
0.165975598272	-0.983369098041	0.073738170555
1.12730276291	0.698481818784	-1.41028558272
-0.318601699916	-0.73757538497	-0.595378458039
1.62505761249	-0.242105980232	-0.127489750406
-0.052937219683	-0.36499370676	-0.929503762659
0.285931980532	1.76740497198	-1.22360773076
0.489604916375	-0.391786545609	-0.77896747592
1.79445502679	0.914515726069	0.708609142993
0.50870449666	-0.0973261003163	-0.855422331527
-1.6250419586	0.199304103007	0.278849892377
-0.239379553746	0.474929902282	0.846840609068
-0.372056508573	-1.44945724971	-0.0418311543017
-0.00100453983256	0.238127296064	-0.971233433202
0.419111898165	1.72730065956	1.58795145733
-0.453524381131	0.097210594234	-0.885926484585
-0.0262274938894	0.700859024165	-1.5359245587
-0.0842201312561	-0.971740146869	0.220517700999
0.0953296313296	0.950234518771	-1.98112723561
0.666267177666	0.130354769379	0.734231354591
1.54082999527	-1.13470474417	0.979195575373
0.40745666189	0.121186038807	-0.905148061192
0.370644032565	-1.17785623397	0.0301920929217
-0.0311953391431	0.677101209479	-0.735228401885
0.776987639912	1.27107427255	-1.12970461618
0.940593012698	0.193946793222	0.278692349846
-0.991094038068	-0.150453984418	0.535772524945
-0.186408604502	-0.691995499308	0.697419573216
-0.664990584638	-1.88410428317	-0.397461670746
-0.0553033721183	-0.0421491561638	-0.997579563577
1.59751993686	-0.734478329021	0.115888442404
0.192742119583	0.539307919472	-0.819754501868
-1.42619439833	1.48902966273	0.947916437966
-0.513562312716	0.49886403553	-0.698132097108
0.957368836576	-1.7807302028	-1.48518487733
0.387518845694	-0.121891216303	-0.913767845582
-1.52001502773	-0.539023496041	-0.656758702868
0.414807233657	-0.360835516617	-0.835303949981
-0.096463480355	1.66818372975	-1.62780636741
0.728964626696	0.139568014643	-0.670172621281
-1.43936673501	1.65274289864	0.158397153099
-0.230548159922	0.481870707262	-0.84536865771
-1.62793464041	-0.136106316971	-0.130801275318
0.061889080823	0.0265710129662	-0.997729283395
0.513712140114	-1.59632220536	1.11692473504
-0.585333867872	-0.140785090052	-0.798475936733
-1.0893821382	0.111484520041	1.38369274182
0.577930844554	0.628578792978	0.520465791317
-0.888005818501	-0.850360911493	0.957206851473
-0.0179192785503	0.412203931888	-0.910915373672
1.09239092599	1.51979135046	0.450453077743
-0.353675060698	-0.134402601046	0.925661867138
0.468606516905	-1.47158070924	0.185736777034
-0.568706994839	-0.0381511996545	-0.821654939732
1.639006943	0.535712122028	-1.59371231629
0.469417107169	-0.0685244749868	-0.880313566762
0.703293333651	1.47963355593	1.83141080243
-0.463342368111	-0.831507506399	-0.306445944198
1.7829079243	-1.43210870012	-0.709944517864
-0.253655426279	0.354877340532	0.899844985481
-1.32363781447	-1.86127806232	-1.97110484746
-0.886934915656	-0.415762398968	-0.201216507757
-0.516623763745	1.02577872618	0.721217037172
0.98005457963	0.198668483396	0.00488412238989
0.0685099078475	1.50559052511	-1.84241143511
0.907930206448	0.267895875727	0.322326759651
0.925571919736	-1.35105080887	-1.2030238664
0.0769220000836	-0.921172237069	0.381477018385
1.56911862871	-0.972933521612	-1.15102292836
-0.362328215376	-0.683323591556	-0.633866810588
0.164002131134	-0.148912696965	-1.19215791819
-0.843709421743	0.0826020511256	0.530406742804
1.4803921354	-1.1504892061	-1.77568265553
-0.129272116935	-0.813126173973	-0.567551358895
-1.70900267245	-1.13877993675	-0.908635304078
-0.383132859555	0.279211765384	-0.880482823228
-0.214912148676	1.86197184053	0.288723726272
0.952017972244	0.268434969127	0.146984515762
-0.26927548701	0.59639215582	1.16800660307
-0.661910077323	-0.635069860815	-0.398197590929
0.00714432280195	1.88299791725	1.90498251655
0.322421769046	0.35778733534	-0.876374592007
0.731282903355	-1.24785989341	1.45528831178
-0.558926963339	0.629884674159	0.539301350741
-0.280710671875	1.11438763809	-1.17283173145
0.796239400546	-0.425422724811	-0.430137561987
-0.471884269424	-1.58429951579	-1.68161514294
-0.395466932383	-0.834123220052	0.384505343476
0.832112152538	-0.014947750542	-1.11664521372
-0.0845473211836	-0.165181222185	-0.982632644643
-1.68420052593	-0.582886374784	1.75300928793
0.0272752681985	0.400179393812	-0.916030846922
-0.0164117850736	-1.16340205179	1.31971839146
-0.553872990758	0.569127919504	-0.607715493756
-1.33815916265	-1.45133349962	-0.529322153798
0.32374052039	-0.160436022236	-0.932444292291
-1.62660933186	-0.568407611374	-1.60496327564
0.443957635627	0.5904256648	-0.67401717494
-0.839770837456	0.780471797833	-1.81905765254
0.249141968735	-0.40826090082	0.878209152922
0.0290667939415	1.97911068086	0.626982801029
0.24452285597	-0.380617508058	-0.891817742293
0.0320898789349	-0.216192141416	0.997312374128
-0.341920815248	0.210025326114	-0.9159582515
-1.20969845841	-0.340025168945	-1.44742885859
0.17348596352	-0.338985390958	-0.924657517776
-0.278371467328	-1.31780128585	-1.50637075119
0.453646317401	0.159038681286	-0.876876112437
0.876878511871	0.777736342185	-0.300431401933
0.246736948674	-0.337880349992	-0.908271846557
0.217325905012	0.588988084036	0.511397288647
-0.853479402318	0.507363139234	0.118977118668
-1.39694228661	-0.714653684656	1.3313338258
-0.304572294304	0.609468301343	-0.731972750313
1.62676040327	1.07143782495	-0.708462936735
0.571022284658	-0.754755506511	0.322920541024
0.195304062238	0.18264520675	-0.166356390801
0.144943740572	-0.0201625913794	-0.989234442373
-0.899379418851	1.63486337473	1.82254292011
-0.373651963956	0.123176336426	-0.919354012324
-1.32525166267	-1.47137636788	-0.210633793041
-0.632032347204	-0.555670419598	-0.540153216108
1.45848308923	1.22838499271	-0.394121324281
-0.0330735993817	0.234697221019	-0.971505713555
-0.813437637038	-1.90463007152	-1.16593527857
-0.628985000425	-0.651289826948	-0.42449903481
-0.434637534521	1.12905942634	1.96700261274
0.702289547034	0.386980146901	-0.597524692403
1.55441761587	1.07532154323	-0.372361842789
0.694620671293	0.64388660499	-0.320799256431
-0.611463502608	-1.56313951086	-0.528345167584
0.441286247246	0.331534746903	-0.833877184955
-0.901890729494	1.47924746228	0.385494146356
0.0943414614767	-0.749996377079	-0.654679404758
-1.72799831942	-0.0628867407928	-0.766891554495
-0.677827762666	-0.557068145593	-0.479817262429
1.87138542652	-0.0483593347244	1.88934857024
0.728676294897	-0.386247000182	0.565547621431
-1.54263488778	-0.570964575233	0.716153454565
-0.428781068054	-0.191833465176	-0.88280616067
1.79419401473	-1.9501335452	-1.80260465034
-0.0553696350919	0.97593060153	-0.210935214003
-1.76325165874	1.80755804165	1.48164989003
0.223701056964	-0.00255753000995	0.974654449615
1.39435112662	-1.12656020258	1.8819749056
-0.387365847742	-0.519166987625	-0.76184863258
1.31559242878	-1.61563166979	-1.50727227286
0.612080090913	0.272443576151	0.742382960555
-0.728286816342	0.986723860286	1.075660347
-0.112874664034	-0.105978065447	-0.987941273489
0.160211558969	0.366679410013	0.349955628485
-0.843795645273	-0.174989646516	-0.507333748759
0.437395383143	-1.21310426174	0.139815694678
0.194754940976	0.976996689959	0.0868791158769
1.05229606082	0.746763082913	-0.437831999048
0.420630930535	-0.437283510592	-0.794891660317
1.23803001557	0.346913394003	-1.12155241403
0.294504358011	-0.368033117775	-0.881940364953
-1.8144298917	1.74652585176	1.65794909734
0.00190398719545	-0.134453145559	-0.990918122996
1.75196891489	0.908297542903	1.92196404036
0.309564464164	0.546640554995	0.778044951248
0.06804965227	-1.27393145126	0.412400331301
-0.120011513253	0.4482125787	0.885834477192
-0.924259541559	-0.766073841299	-0.853578012499
0.219828891459	-0.203331056526	-0.954113064543
0.794641731324	-0.480456186032	-0.848999536482
-0.319751369101	0.0226455311081	-0.947230828193
-1.84518034068	0.0991587895125	0.689996117959
-0.481637351207	-0.209293397292	-0.851012183093
0.281086329566	0.307675490206	-0.333341305983
0.213789067982	-0.194594289178	-0.957302092879
1.04276278367	-1.60144541367	-1.84715932118
0.158209264409	0.704268944246	0.692080257504
0.00469591289121	0.738668609263	-1.30336137129
-0.929091313203	0.241777020436	-0.279880696225
1.21623388169	-1.39929053562	-1.60285559938
0.801101154396	-0.252606451592	-0.54261120615
-1.80997735102	-0.519129772207	1.37391285414
-0.722662927504	-0.547698889947	0.421644659828
0.490254223419	1.65662596073	1.78537677262
0.176834483813	0.794243258651	-0.581297868069
0.847071757864	-1.29918107234	-0.638703252452
0.873147509215	0.441048247077	0.207580998413
1.33930085939	1.77451686469	1.48285491813
-0.28682656391	-0.928640462815	0.235281561238
0.609046166632	-1.68480009868	-0.15718064167
0.066759156986	0.286199430228	0.955841566943
0.721354758546	-1.75522946686	0.821989703611
-0.728117271535	-0.617725195667	-0.297087228825
1.63186155254	-0.0428379563701	-1.60042336125
-0.906450003364	-0.312836087122	0.283693450747
-1.57651016116	-0.0645242571237	-1.74539109481
0.0900920998392	0.973156399627	-0.211778269453
1.85967885297	1.79599898752	-1.58582988106
0.773887193273	-0.102929576059	-0.624903284086
-0.153650806356	0.149755222685	-0.820302461726
-0.478097725449	-0.45226789404	-0.752911891885
-1.22299415288	1.86894413517	1.89587605572
-0.211334014394	0.11800871967	-0.97026381796
-0.817145374255	1.98196804891	-0.829198439872
0.263941391076	-0.33961366098	-0.902772121497
0.521113379275	0.996619017213	1.4369575615
-0.135129471619	0.29483008789	-0.945946745422
-0.0768327544862	-1.71691930263	-1.97512224714
0.308690202987	-0.687977978107	-0.656807932519
-1.37487518818	-1.16576070038	0.31518502082
-0.341343296486	0.733462271335	-0.587807664523
-1.89098241398	0.418290810484	0.364538716566
0.342060396304	-0.25289718164	-0.905007016989
-1.62513697942	-0.350153554976	1.87220004911
0.024600153208	-0.0613753577092	-0.997811554317
1.63036167415	-1.84640966492	0.879555400529
0.753448402912	0.657473216008	-0.00666891154
-0.448221633955	0.605176239358	1.9356433473
0.628845766309	0.0351664665625	-0.776734395932
-1.11915406797	-0.850291035786	0.265404204674
0.684936907497	0.438637401896	0.581772002082
-0.991248295012	-0.976173971949	1.23283910706
0.42154494578	-0.216266242384	-0.880641113674
-1.29440865936	0.104667942632	0.759338623576
0.537779002938	0.789504719806	0.295763488961
-0.32811506273	1.94719627699	1.37843988273
-0.622757354741	0.51578524644	0.588335666666
1.1462433852	0.740330606817	0.877705411209
-0.525816370451	0.334445716507	-0.782089002145
-0.899476409609	0.766397953173	-0.886585838201
-0.383087771191	-0.444171119793	-0.809910967888
1.27009172704	1.18955844776	0.415073678518
-0.110108450616	0.529339610811	0.841234631675
1.62849360053	-1.12038128304	1.51432199395
-0.858993335408	0.317393971418	0.401735630275
-0.339631490293	1.57720878025	-1.99697169663
0.397359522923	0.492917918877	-0.774039620945
-1.76190163951	1.18367404732	1.29502060262
0.466660382973	0.863757840965	0.190132793423
0.110622106688	-0.303168212931	1.30662916217
-0.706324204025	0.707833644464	-0.00881195624819
-1.81120534264	-1.83528947649	-0.120898560168
0.385674854388	0.138490460578	0.912181615152
0.968278302843	1.7463170754	-0.974139446059
0.316325588555	-0.735215316763	0.599496922446
-0.320841551335	-1.09224914513	0.277680637138
0.613408623816	0.589919333544	0.525095267679
-0.399376558009	0.892990686725	-0.815794569703
-0.366242138148	0.313458499426	-0.876133817052
-0.840384805341	0.610652491224	0.85894061906
-0.592860838571	-0.472079807921	-0.652423697487
1.66392345757	-0.930543114394	-1.04604962541
-0.634871196535	-0.506571919329	-0.583372483374
-1.24731842699	1.82986025206	-1.11095130613
0.843422982392	-0.500127226122	-0.196240746186
1.51338711604	0.374773045231	-1.3289928911
-0.931291500194	-0.0239925450187	-0.363483836573
1.32571733895	-1.84073650947	-1.05571712157
0.263676990127	0.690299748244	0.673766059142
0.0951855787043	0.54047908888	-1.66037147104
-0.62629568387	0.536050983039	0.566041570866
-1.73063741595	-1.33149807572	0.761882432273
-0.336100173514	-0.594311084549	0.730637398541
-0.553226937037	-0.973056051419	-0.797647286793
0.266059468672	-0.55580194419	-0.787589079384
0.651130116245	-1.25128528222	-0.0811855536797
-0.65529877622	0.249417788751	-0.713003703034
1.51896052945	0.708895300214	1.65728406795
-0.951123652169	-0.285581287744	-0.117503729196
-0.442567963054	-0.499623275488	0.148663335687
-0.0516783500937	0.29327048116	-0.954631747331
-0.138187665703	1.49763128047	-1.59581039982
0.907038617106	0.312771542735	0.281877471845
-0.264846098818	-0.777387196181	-0.940608017084
-0.559328377509	-0.332228464225	-0.759457710259
0.75699805162	-1.14114058363	-1.41424208604
-0.458498646056	0.19133162712	-0.867854365679
-0.63221919604	1.69407076116	1.55791531682
-0.0376309382532	-0.158735813623	-0.986603696506
1.79189266165	-0.381874990278	-1.21986724225
-0.209669272365	-0.0116832427465	-0.977702561143
1.06055301054	-1.19779339383	-1.54762780287
-0.225401601164	0.0639323859489	-0.972166018857
-1.49922489276	0.992688405777	-0.657561284922
0.603776665263	0.122655806618	-0.787660644939
-1.67604706996	-1.8283695791	-1.46043597668
-0.283360701317	-0.100798718158	-0.953701384799
0.347757916182	1.93203752816	0.842774022173
0.552892312791	-0.102317172744	-0.826946967234
1.9477655474	-0.653246626562	-1.29578722441
0.264836044899	-0.510811860337	-0.817883312375
-1.58782036321	-1.09644764845	-0.818253034526
-0.384314522415	-0.128202118358	-0.91425738428
-0.756223088917	-1.51929277722	1.91591009542
-0.828809551387	-0.551640526865	0.0936346978988
-1.38618065873	-0.462139108063	0.0726035007068
-0.59658538102	-0.0674744421521	-0.799708123511
-1.28985914514	0.587127853641	0.368617418939
0.708803670755	0.589610222148	0.387243001569
0.343806088596	-0.212292784028	0.322383301004
0.00955239269907	-0.290165972251	-0.956928660006
1.76416917284	-0.524481242359	0.827736335865
-0.159311478419	0.369411673475	-0.915507983769
1.84466070064	-1.80052441178	1.22846349132
-0.25504345364	-0.173190839999	0.951292683508
-1.30384291819	1.59442076332	-1.33538544183
0.568053418738	-0.272720328621	0.77649142675
-0.106611598311	1.17712438903	0.364410448311
-0.338211732642	-0.0444483012044	-0.940019772358
1.79955111493	1.55487346153	0.0508069046882
0.428200059752	-0.0315028582405	-0.903134695796
0.576742719959	1.68738983023	0.973815971462
-0.775585096128	-0.391248528696	0.495370919066
-1.25835683228	-1.02721955969	1.97433829275
-0.393405862215	-0.718666345218	-0.573367693392
0.20910657582	-1.13615695543	0.590323925454
0.931152727563	-0.347812860277	-0.109456896437
-1.3249620742	-1.66694287674	0.760524234204
0.0858717604065	-0.75832214226	-0.646199326309
-0.693201284765	-0.811564259863	0.604017188872
0.463528765935	0.340213714504	-0.818166066037
0.234778069644	1.8989066183	-1.11645925008
0.255013087163	0.871758467516	-0.418336586602
0.611223978473	1.17447546355	0.428477038948
0.527946504425	0.835105177775	-0.154505114863
1.29830433997	-0.416550027448	1.72944147215
-0.72800558708	-0.631958455056	-0.265775048234
-0.987230670874	1.71403391296	-1.82562109808
0.314232860242	0.546890379396	-0.775995246421
1.2101051016	0.522109821244	-1.82703568868
-0.440006811676	0.308069177657	-0.843497117634
1.1710922673	1.1229016909	0.708547386621
0.43737000966	-0.212021596931	-0.873930384576
0.538014472463	-0.077022919588	1.73662209303
0.775855481236	-0.252292799677	-0.578270365372
0.200044196922	0.696874987402	1.01405682233
-0.0937608646647	0.39675754498	-0.913122308762
-0.507516048238	-1.74084055903	1.99759570591
-0.4770635719	0.555760962682	0.680837793256
0.825626882141	0.892714068233	-0.261949212435
-0.387261126511	0.44086381739	-0.809733236572
-0.3045601204	-0.95948897053	-1.27417240257
-0.433190883207	-0.458488629748	-0.775972831418
1.50248124741	-0.669071533149	-0.0782499807783
0.471231700029	-0.880601088698	0.0498237641132
-1.5837376088	0.0972218696351	-1.60140075423
0.594447430912	0.419286429298	-0.686171364958
-1.03681036311	-1.46913348884	0.577034993164
0.995861322035	-0.0900244867773	0.0124827503345
-0.7880671548	-1.18970546915	0.588384631762
-0.384606965109	-0.0271546016475	-0.922680936185
1.85674696508	-1.54643070262	1.65094470902
0.052189024149	0.583189760656	0.810657763069
-0.177515319451	1.35152758049	-0.904056719714
-0.174211748263	-0.444462827678	0.87869395217
0.822029815384	-0.699592112831	0.951918241902
-0.0111247552775	-0.230075069174	0.973109296207
0.971353000885	-1.0179999597	-1.26202027738
0.381918895416	0.421574470539	0.822443264374
-1.18457917129	1.56334469447	-1.52316303458
-0.269520933051	0.432959960703	0.860176806869
-1.06527025563	0.559430246488	0.664306122338
-0.19227172455	0.714036154655	-0.673189389239
-0.781469087115	-0.935637705785	-1.84938107089
0.612099122455	-0.557587894168	-0.560740942474
-0.901515640605	0.393224264333	-1.71263693221
0.433859100027	-0.891141587093	-0.132789130114
-0.628850475894	0.617401192183	1.34027356911
0.281709718519	0.414673206643	-0.865266297844
-1.42319142894	-1.79093411205	-1.93864040348
0.346174657521	-0.146033285012	-0.926734798181
-1.7234497916	-0.624457955897	1.71476467384
0.422415373711	0.626575428441	-0.654956856996
0.289497579224	0.434388024216	-1.07069636238
-0.325127886453	-0.943013436092	0.0708344323138
-1.44868768857	-0.0567041741758	0.367413219661
-0.462678674514	-0.869740652659	0.171696363568
-1.95457574731	-0.992436506623	-0.634534861706
-0.616128123245	-0.426572752568	0.662134293412
-1.21884141374	-0.73456317641	-0.803506302114
-0.982079140532	0.181697623167	0.0500653120093
-0.478398400141	-0.138322980878	1.38326448005
0.567393172372	-0.0923317626216	-0.818254137513
0.545682859464	-0.147247436283	0.435481239291
-0.0742747835212	0.283019828345	-0.956233775442
-1.25493160112	0.980854146162	0.702794011522
0.311909267459	-0.942863955718	-0.117133128877
0.730771595384	-0.0653029143365	-1.66732131912
0.336112385485	-0.396707110868	-0.854196659154
1.99051208848	-1.7717929658	-0.513523841875
0.159351166647	-0.517050069595	-0.840991338374
-1.15100673862	1.08887844248	1.66825250349
0.0816290185096	-0.719243660786	0.689945838277
-1.84432842259	1.50198121084	1.7112773443
0.619783865505	-0.507819348822	0.598320540364
-1.03339316124	-0.759990136667	0.984415125006
-0.145795904348	0.583510173361	-0.798911404262
-0.194027689286	0.718532808518	1.83133959433
-0.748714889178	0.601072932327	0.279530579269
-1.57728818026	1.56139744523	-1.16532129785
-0.0685388801484	0.7648247788	-0.640582141213
-0.83809607042	-0.132986578493	1.92081172799
0.340077104846	0.842964668687	0.416843052125
-0.788499511374	-1.06214009604	-0.218261158505
-0.714855307981	0.625155244706	-0.313309445546
1.89469011727	0.77027127851	-1.24925147288
-0.0249206774839	0.296444209765	-0.954724981516
-1.33732134521	-1.38450753022	1.42865382597
0.0601902853993	0.450305123869	0.890843659101
0.49614106469	-0.281728573567	-0.307054515931
0.131058944846	-0.466333911233	-0.874846407211
-1.79415799861	1.0765085246	-1.26364229998
0.793724188981	-0.5303788735	-0.29782572483
0.929082554688	1.3459779247	0.609165454879
0.0947617555561	-0.988674407171	-0.116374938402
1.2577705982	-1.98614321211	0.0230822634923
0.191657978694	0.170009289064	-0.966625088043
-1.05679433153	1.36370799662	-1.90831292973
-0.344632580288	-0.268762273481	-0.899441618426
1.22226416243	1.88640745232	1.62546776093
-0.471094644761	-0.129174847631	-0.872573030993
0.281396127149	-1.96621750022	-1.46821503185
-0.0287256561949	0.997772531741	-0.0602064081171
-0.319752978108	-1.92003587657	1.81945015074
0.0626416216878	-0.991414914921	0.114771484717
1.59251163115	1.28876816546	0.390759806328
-0.790022825223	-0.132373441627	-0.598616076946
1.4715615697	1.17070206966	-1.34856483015
0.354434946333	0.3159029651	-0.880102940263
0.319532906191	-1.45492546307	0.0698613892697
-0.816506792757	-0.324583679779	-0.47745375923
-1.40512989213	-1.2165044561	-1.52445383736
0.790986216851	0.609001051601	0.0588092161238
-0.102910386836	1.12351769752	-1.51908685251
0.188713858593	-0.0239821073658	0.981739241398
1.30381493103	0.977708283745	-1.543570036
0.357159666311	0.341933002948	-0.869205841131
0.435684873147	-1.51131446746	0.680123505219
-0.559931645492	-0.717686383857	-0.414008220695
-1.65863197373	1.77253305116	-0.649426044107
0.487090665868	-0.213755689695	0.846788750721
-1.82467558526	1.15891274508	-1.32803613537
0.225714784724	-0.269990868459	-0.93603299456
-1.24487010689	-1.97004194901	1.63428877662
-0.00676828613821	0.51072922136	-0.859714983441
0.967129995883	-0.850027978231	-1.05146069419
-0.426946878109	0.709449321053	0.560712068828
1.6715690456	-1.74523077802	1.18121538153
0.610834860874	0.0539450180708	-0.789918165234
0.244961756535	-1.5052501437	1.61993318841
0.0703479047276	-0.673011597325	0.736278861687
-0.520592871253	-1.81093166012	-0.300823877887
0.76597523379	0.470451322333	0.438129540816
-0.423180332858	0.775824220754	-0.608038747266
0.116521624326	-0.840030408092	-0.529878877241
-1.75629483373	-1.30308081775	-1.98291731071
0.413381595388	-0.727089777316	-0.54813877104
-0.166640033439	0.465885267896	-1.67051216684
-0.143342677979	0.417575735284	-0.897264387999
0.059827136126	0.787080980361	-1.80080695764
-0.132633881065	0.562475746178	-0.816106174805
-0.772356231934	-1.92204366443	1.97784751598
0.874001726748	-0.480376054301	0.0732108468472
1.54135948416	-0.978964547639	1.98541665685
-0.170297011333	0.524946022833	-0.833924817381
-0.202286795056	0.557347983067	-1.80618630371
-0.228964254955	0.97309321188	-0.02578703059
-0.728378065331	-0.457623177622	-0.0420245875256
0.286635655634	0.829695918916	-0.479003844508
0.672426632732	-0.516141098634	-1.86922382685
0.668045722079	0.722611779279	0.177615116638
-1.11800638831	0.831492979052	-1.10301178302
-0.690791476312	-0.143904364301	-0.708589211172
1.04619134495	1.56839402416	1.00601072674
0.751971879439	-0.420311728103	-0.50781526538
-0.560355059428	-0.531181506328	-1.3282054639
-0.421215141213	0.825212756453	0.376300028436
-0.169159864083	-1.7056507403	-0.00713184807653
0.370473832008	-0.292571031259	-0.881561870469
1.59164709469	-0.744106149399	0.326568624769
0.299822873995	-0.247971848171	-0.92120367278
-0.592087020131	0.245690055981	-0.162215242759
0.81754435793	0.521784827969	0.243642804366
-0.300456621569	-0.0746498592557	1.38245899708
0.94927443302	-0.120683256369	-0.29036804653
-0.451488709976	-0.427871465287	-1.93496111743
-0.984995206041	-0.0545648209411	-0.163728813564
-1.75897735789	-0.345956872482	-0.51410131762
-0.630153244033	-0.75421143715	0.184586015471
1.43823782	1.19799407458	-0.3720578979
-0.445338284608	0.306992673547	-0.841088170557
1.7533366888	-1.80437045163	-1.88396834517
-0.164258192698	0.247474218683	-0.954869497481
1.71275904192	-0.863344905197	-1.57643169871
0.85006216174	0.174926986896	0.496784531194
1.87952364351	0.324900228553	1.65006747829
0.2072578997	-0.533693563264	-0.819887396868
0.953095073218	0.331777094402	-0.851672376518
0.731188825218	-0.122071227079	-0.671164299852
1.23217328143	-0.158272777905	-1.64959762549
-0.586226595044	0.803307101519	-0.105052748242
0.0173042981438	0.863599123207	-0.302590558417
-0.227573084936	0.0476141782916	-0.972596206572
0.36601620211	-0.281516051089	0.543784458308
0.490310960342	0.300525389834	-0.81809513642
1.25937383581	-1.69342281725	-0.582571438166
0.137550394476	0.0652859493082	-0.988340849
-0.599108880854	0.155264777414	-0.909134649486
0.536112622875	-0.681810646364	0.497712264365
-0.749988720387	-1.24331913195	0.703657542188
0.622287945343	-0.462512115696	0.63153800829
-1.58993767991	1.27632587006	-0.361313100507
-0.901275367783	0.0984587243859	0.421910643406
1.97987724713	-0.714289416322	1.59459837409
-0.954760031801	0.247593113805	-0.1647146978
1.46303950868	1.23573870057	-0.336766806218
0.770011892432	-0.546892379686	-0.328618944303
-0.210631673879	-0.192325511123	-0.0374278748279
0.265733759816	-0.0654566828584	0.961821704664
-1.25935171277	-1.8318910646	1.95421576535
0.651762456578	0.669144154082	0.357003923302
0.527269599136	1.21529169332	-1.48899467464
0.891731277133	-0.0935621868049	-0.442788263827
-1.35679736807	0.586922057978	-0.459509248688
0.743690197263	-0.360370237887	0.56307919704
1.46697301737	0.453277146498	1.20929319943
-0.128221617319	-0.918724170796	0.373503835118
0.438846950917	0.656428691456	-1.60394629837
-0.354424434739	0.233979430311	-0.905338028723
-1.14330358662	-0.0109202359543	-0.313088569221
0.347588150908	-0.653966027364	0.671945617146
-1.36731387714	0.666340780155	-0.0720662741576
-0.819183376286	0.0196344654489	-0.573195502235
-0.136765980424	-1.80939605309	1.8245408905
-0.261681497849	-0.0865658127764	-0.961264351644
-1.31733333357	-1.04131719994	1.12595255251
0.739623125183	-0.333935007891	0.584332989998
-1.81535795001	-1.8283064095	-0.782697707473
-0.827957079939	0.446312709945	0.339546813738
1.14733173624	0.240747883159	-0.00742865759183
-0.0111328268293	0.44535500293	-0.895284860551
0.365205346921	-1.79113044594	-0.546593680742
-0.243700300701	0.224527161256	-0.943502897344
-1.45810226369	1.95409354442	-1.25019279968
0.56785435045	-0.797364224547	-0.204332400976
-0.39828167708	0.115228041496	-0.730273219047
0.668961412423	-0.336721001311	0.662653450881
-0.0822382612981	-0.791958328958	0.771996023636
0.257863289895	-0.495236769993	-0.829606572642
-0.603575795554	1.25926290508	-0.0256428296317
0.501662355305	0.107774363231	-0.858323696457
0.120639591461	-1.67641668366	-1.1860750276
0.555856852575	0.564868401405	-0.609874453096
0.103364230194	-1.11100075397	-1.91448659739
-0.197106337452	0.284535501477	-0.938183692107
-1.75339229049	0.753115038425	1.74672999018
0.511566549851	0.632343296662	-0.581757355124
0.105108843034	-1.44262177232	1.15274802307
-0.224540128074	0.389806399168	-0.893102850769
1.16788463421	-1.74855960319	1.59871273192
-0.367437692728	-0.0297680944724	-0.929571623122
0.479426028955	1.34393422512	-1.95485283028
0.640202033458	-0.40588103211	-0.652228444742
-1.44876830773	0.904438214502	-1.42238275477
0.564054124935	-0.824526683653	-0.0447067342573
1.20246597366	0.693687168075	0.903702741089
0.224847012968	-0.339914193155	0.913182436346
-1.54714443804	-1.95054585492	-0.642475600148
-0.956686190087	-0.290840959605	-0.0127698830779
0.633618057826	-0.986494359301	-1.81240523808
0.381021762401	-0.351297977247	-0.855226372231
-1.85587187387	0.15558412894	-0.781021118105
0.66129935484	-0.432451228956	0.612918508337
0.87741969225	-0.292972511598	1.03415810869
0.694309069224	-0.556889583496	-0.455860623642
0.0144076284669	-1.06125329333	1.26346568269
-0.432598877455	0.522515984715	-0.734734820831
-0.233929951822	0.168867588193	1.61528030561
0.5413723496	0.225953724601	-0.8098523899
0.478463910829	-1.23078374075	-0.576424297016
-0.436571732616	-0.861982752446	-0.25766423261
0.685930199297	1.08180075065	-0.855345410301
0.395978492018	0.202138574271	-0.895734910925
0.198677164877	0.265086505098	-0.306942755027
0.339980422371	-0.30986083288	-0.887918676823
-0.962152511014	-0.517447067741	-0.843487902043
0.262954061479	0.437346644093	-0.859990159509
1.04725089197	-0.953390014569	-0.413353095652
-0.586744445354	-0.63877041461	-0.497698014127
1.62577048097	1.61614322829	-1.65317471966
0.0704277159867	0.956168331881	0.284221846324
1.70540550219	1.53574948505	0.606122615094
-0.241134272496	0.786830964263	0.568112045555
1.87834488499	-0.679783465799	-1.37740023953
-0.241951977032	-0.673221947467	-0.698735608266
-0.983899103416	1.21480905623	-0.904293241283
0.56217150464	-0.646950092832	-0.515188098422
-1.63550868506	0.954063989781	-0.477664789831
-0.696513674848	0.710019376269	-0.103639693519
1.54438358242	0.561059603725	0.585659906843
-0.150022341234	0.205177829656	-0.967158392068
0.395993591072	0.803220859564	0.562383784188
0.20198355726	0.782698019685	0.588715935386
-0.656793900676	1.02688220728	-0.419220658055
0.348028546647	-0.046271486859	-0.936341326773
-0.330147248497	1.9558262762	0.574493431253
0.225573528803	-0.304026859684	-0.925572391385
-0.25091225709	0.719861018068	0.19790659866
-0.158817944767	-0.973361667274	0.165359986401
-0.0642812624534	1.2749124633	-0.102819291003
-0.153148282264	0.296437994487	-0.942693014223
0.681935083798	-0.390434174705	-0.622255384908
0.811930230058	0.39715809813	-0.427825603031
-0.203442525896	-1.87643166983	0.0706664633306
-0.513296777774	0.38631872829	-0.766344738417
-0.427394312295	0.144982377481	-1.48764000843
0.571763441863	0.264934708723	-0.776463886258
-0.771374009883	-1.40429680866	0.0248405379418
-0.276153714317	-0.449018823455	-0.84977716035
0.219002365505	-1.96532907817	1.71102115267
-0.263882726261	0.266404566444	-0.927035335766
-0.1297478421	-1.01473347579	-0.405510396206
-0.124695594989	-0.171456984958	0.977268392459
1.6262506109	-0.0139742388627	1.63808673742
0.670140514631	-0.710146768947	-0.21587787567
-0.89861410397	1.09029498925	0.0354474079764
0.360009177764	0.370370035011	-0.856282330246
1.81070486644	0.939013085557	1.7387587389
-0.239432314077	-0.152207018754	-0.958908332646
1.28070883686	-1.35792784783	-0.303410604327
0.483549683864	-0.47794447214	-0.733313565118
-1.57733478669	-0.365300145092	0.678708169141
-0.560943149643	0.422512623271	-0.711917035928
-0.0825913183545	-1.9142005216	0.56427426546
0.217695009299	-0.075375305716	-0.973101971129
1.1168253907	-1.77345635781	-0.58891634186
0.563394724552	-0.415172804884	-0.714295405579
1.07921909412	1.23754700827	1.7505256007
0.0479800828029	0.151423604351	-0.987303805168
0.626449333337	0.094914290327	-0.242199911915
-0.808888192027	-0.472767624219	-0.349557815376
0.986677046948	1.38218731928	0.927521069421
-0.367813575796	-0.442705542637	-0.817756061413
-0.31569594907	-0.551732217939	0.22333455656
0.42314401066	-0.753400132599	0.503326322024
1.08708686789	-1.87360512352	-0.712135718608
-0.863187001383	0.361794038895	-0.352155184634
1.59101029289	0.604968606584	1.90065967069
0.482214689919	0.145572954545	0.863873548462
-1.03138422851	-1.35315826913	0.11429137505
-0.292131793597	0.790412274417	-0.538430544845
-0.480099398535	-0.0712132178396	-1.20859772626
0.561354145078	0.253057731274	-0.78793610683
-1.77070252836	1.97889413879	1.70293191847
-0.692770544102	0.679370023939	-0.241920118629
0.414314891033	-1.84422043811	-1.49207706132
0.468261682568	-0.4458061794	0.762881279786
-1.76362810938	-1.19120862516	-0.539492273251
-0.454881653238	-0.122889561396	-0.882032220073
1.31570888402	-0.998256601168	-0.952672229076
-0.242620459184	0.02726731758	-0.96973800904
1.23793394894	-1.53291572843	1.76408383047
-0.579782535695	0.542242705936	-0.608132435545
0.966570918037	-1.31663955224	-0.738939693047
0.804750150233	-0.10890399851	-0.583538443299
1.82838325131	-1.41992326109	1.06983778046
-0.787529514167	-0.395300565921	0.472794592712
0.658666198415	1.85164561689	-1.84249744184
0.30907020123	-0.58489076539	-0.749918931134
0.143209675067	1.66159517939	-1.12457031582
-0.760657906293	0.332214926918	0.557703139607
-1.7182178504	-0.214930701604	1.67298245774
0.569409231419	0.43506290931	-0.697490782819
0.737504428304	0.882085743268	1.41060390387
-0.284749420728	-0.958487472163	-0.0148166494981
-0.761503823851	-1.04562287212	0.911781267454
0.433094355911	-0.133897758947	-0.891347670119
-1.4016945444	0.233345148727	-1.91349290782
0.570078803808	0.733047139709	-0.371014889746
-1.42112556549	-0.203647141858	-1.56229270925
0.343890072411	-0.0540774987096	-0.937451461267
0.903739947396	1.68538453052	1.25082601862
-0.380263144812	-0.0206535277347	-0.924647701825
-1.72613335202	-1.28922392865	-0.667182498946
-0.505652668501	-0.640414829913	-0.578086692863
-1.21568533956	-1.88241684698	1.68403811069
0.21467495736	0.407396726385	-0.887661292393
1.89947215099	-0.408567163859	1.22084397875
-0.631440155039	-0.204523159886	0.747966314532
0.0938098718561	-1.56049096633	-1.32807739679
0.574766045639	0.503288323247	-0.645247903106
-0.836761486212	1.36773377236	-0.699276443908
0.416809557457	0.850743820048	-0.320163622953
-1.88098464972	-0.146884171053	0.740981815058
-0.406342738345	-0.316046676633	-0.857321454989
-1.8146824175	-0.0349063051175	0.893140242694
0.762910632909	0.496785918972	-0.413728312913
1.71691942476	0.935972231801	1.98905457345
-0.140911140327	-0.628131776049	-0.765241479828
-1.43737373603	-0.376448883731	-1.75601759969
0.414941368412	0.582097117067	-0.69927577327
0.500581517377	-0.929605672128	1.40737369457
-0.168950528613	0.400075759947	-0.900774724992
0.749914207086	-1.90933057486	-0.280134740612
0.53967838359	0.697494303613	-0.471432857058
-0.202208399283	0.432954871503	-1.46298992612
0.871906171399	-0.215709175657	0.439601159932
-1.64689021754	-0.774480071611	-1.23096333445
0.369940806353	0.438290303579	0.819173613823
1.86786316312	1.34070232512	0.813918160576
0.634393360431	-0.367105372592	-0.680278405989
1.72947641746	1.79735472839	0.0956901350842
0.476514218522	0.542722653927	-0.691654769709
-0.099719886836	-1.89604933326	0.270754147447
-0.234476689836	-0.120192014234	0.964662926435
1.82558663182	-0.628911906036	-0.725739574336
-0.901870255553	-0.248654499894	-0.353271824282
-1.59156910353	-1.14101931327	-0.87816759413
0.500656437636	0.144564665677	-0.85348941932
1.1577367741	0.405413475695	1.46880163223
0.786525715546	-0.236247752389	0.570582420231
0.308878503259	-0.939928980718	-1.68381242621
0.579327175467	-0.517355926833	0.629859403943
1.36709863395	1.88029263754	-1.61083320223
-0.799515065571	0.325088662875	0.505067343228
-1.57448062052	0.268200652559	0.213789483865
0.00289758103511	0.366105232852	-0.930568945593
-0.237902302419	1.07730859164	0.839441533166
0.660625194255	-0.306998132834	-0.685074082967
-1.19169134513	-1.16054346964	0.16250322528
0.401759542623	0.58153029344	0.707397899151
-1.90655412884	-0.158656455378	-0.602659524066
0.511692541116	0.304401364681	-0.803436713467
-1.43533742645	-0.61539117931	0.426957623523
-0.533882444537	0.418954991194	-0.734470047564
1.40150872878	0.902114168238	0.049661019897
-0.366890281869	0.587623548987	-0.721172715614
1.11813411681	0.863107697766	-1.14043058662
-0.469680329169	-0.191805044251	-0.86174892712
0.927862799062	-0.840759351074	-1.21734851167
0.923884032513	-0.110842569189	-0.366267961093
-0.866222397149	-1.08797682207	-0.262337593075
-0.115910960106	0.987026018554	0.111104851492
0.372748664216	1.45233215772	0.630312388129
0.719033436702	-0.439907645024	-0.538026189654
1.66405181314	-0.593041330798	1.15243200099
-0.138096966014	-0.741951464098	-0.656077169928
0.377088615918	1.08534051395	0.791351478212
0.748632547829	-0.190553108996	0.63501088257
-0.512640745519	-0.168883173166	-0.768251798518
-0.353153618091	-0.858376850584	-0.3721178636
0.61656349931	-1.62547213598	1.21444397919
-0.060542015395	-0.748473574492	-0.660395315443
1.55056946224	0.531752196724	0.383862943676
-0.544586046374	0.366346325899	-0.754464318304
-0.672847585438	-1.88027987424	-0.729474269751
0.666987166226	-0.740434109302	-0.0829786109368
-0.198882940783	-1.86500047199	-1.84134352267
-0.284482512184	-0.3052046402	0.908801313743
0.367894081351	1.95384426974	1.14667457928
0.356195924099	0.526445835616	-0.771996920861
0.996890074738	-1.91087405425	-1.55069010259
0.367096372696	-0.517758566964	0.772765371564
-1.43670477651	0.102052355159	-0.868390762339
-0.715089898824	0.56487896099	0.411774448007
0.260013135322	-1.78481190263	-1.31032725044
0.219745178756	0.926558097174	0.30529027003
-1.25621080104	-1.71796639622	1.20584262713
0.144620553154	0.0391708410696	-0.988711555923
1.84542019117	0.0538999608513	0.169501332544
-0.543631683227	-0.38119447868	-0.747766917171
0.944343793732	1.26011912472	-0.451104450963
0.373721394725	-0.44950800185	-0.811341404957
1.97208435296	-0.720119502871	-1.92365808317
-0.025942795262	0.0971305660424	-0.994933477432
0.133910714644	-1.77018551438	0.574034564022
0.983963161615	-0.0869976050208	0.155717414905
0.0978820714728	0.64755783879	-1.64326232804
0.933904058552	-0.0577495289759	0.35282885557
1.1479016307	1.82843558445	0.895307662696
0.158132094005	0.788929515995	0.593788227938
-1.05820660876	1.01735431134	-0.259689944574
0.301214517244	-0.381336628281	-0.873986378918
-1.46278888739	-1.99822698724	-0.0470807032465
0.617331018735	0.746260428629	-0.248993546042
0.632613665674	0.064563147663	-1.2700613813
0.757934168146	-0.647583688614	0.0785567501725
-1.50746038292	1.01670786796	-1.26369253114
-0.169872830095	0.700816137558	0.692820296277
1.76967040139	-0.0878324381436	1.52412125476
-0.506827510289	-0.6413828753	-0.575980800102
1.90085418621	1.4672562462	0.722689446934
0.384372321289	0.811852593537	0.439492076145
-0.102795436621	0.295894227774	-1.53679903921
-0.761959777318	-0.195719530306	0.617342014775
1.72227351105	-1.39811606649	-0.356857552929
0.617333455138	-0.701198290936	-0.356679634906
-0.49934239509	1.0330365921	-0.334330192635
-0.297826036356	-0.063238007347	0.952523283965
-0.67032448345	0.35243631188	1.31641174263
0.473567693432	-0.016881306766	0.880595628662
0.180858946579	0.469729969537	-0.0489328794918
-0.0258675299663	0.932976743089	0.359005943891
-0.1679696029	-1.65265944567	-1.52658172773
-0.202449969081	-0.416819236165	0.886157849585
0.813161943267	1.95050074094	-0.631786244408
-0.627625702724	-0.436078960894	0.644919465627
1.49379899651	-0.636012634193	1.25762895389
0.559710968822	0.804177999626	-0.20005343361
1.42213154589	1.7927718215	-0.31431369401
0.612120116132	0.790574143488	0.0173633831701
-0.0829758517152	1.48446116622	-0.728533629748
0.792725920323	0.552423001971	0.2577099962
-0.529724023299	-1.37702893903	-0.63241166594
0.696980119328	-0.288992907685	-0.656278761328
1.44933025753	-0.414531097749	0.412659551357
0.371989854427	0.0522505097969	-0.926765036258
1.05750868855	-1.25753673219	1.68219946184
-0.81778636607	0.500959138606	0.283311490973
-1.56198713914	0.785670946733	-0.451268782882
0.298251259096	0.404596469249	-0.864492847581
1.5231335987	1.16426183868	-0.703861371818
-0.56349638412	0.492558530987	0.663217851566
0.335887942932	1.83912024686	-0.864626714417
0.269369367566	0.0731524740619	-0.960254580492
-1.49796787285	1.5863610201	-1.14570671101
0.33176973678	-0.434109591831	0.83754265804
0.62297822384	0.576043247254	1.78054516569
0.810946910354	0.27388383906	0.517061651342
-0.243030309275	-0.387413114668	-1.86820637627
-0.586463399037	-0.432781161278	-0.684661338205
-1.48516873182	0.7820704614	-0.131192330918
-0.328955127418	0.849121264238	0.413257308179
-1.54608056371	0.316161886192	-1.61265999769
-0.60683404859	0.793553070856	-0.0450106788216
0.832975464605	-0.0647237587707	-1.44882275052
0.187017540096	-0.348139040057	0.918598741826
-1.08039405695	1.87333220835	-0.044993104697
-0.221459472231	0.023187765275	-0.974893855607
1.06634497451	-0.193333743254	-1.54364757105
0.514229975276	0.301963718589	-0.802736223914
-0.36085361111	1.77813461806	0.734765118087
-0.0836475714217	0.982912558837	-0.163969465073
1.48176846346	-1.62218155557	0.276133316505
-0.654173242219	0.75545955628	0.0365817986126
-1.51935851508	0.22086668008	-1.85212900885
0.317737308634	0.182087605361	-0.930530551178
1.93726068141	1.96382370309	0.016915714323
0.296355030084	0.860159821676	0.415088878818
-0.913196841301	1.70147710345	0.811788595753
-0.63744263703	0.457157635306	-0.620220751811
-0.825130135094	-0.463178791205	-0.548337030169
-0.0274209613413	0.0123611221023	-0.999547544412
-1.73603507474	-0.399239235701	-1.92974309302
0.118191074303	0.691732986519	0.712415851393
0.461485592587	-1.8446759079	-1.70746587283
-0.458004039592	0.348010082449	-0.817998338771
1.58039764238	-0.0116564277594	0.0699112652138
-0.485293987255	0.387328688282	-0.783878965892
-1.55310958579	-0.74471147169	0.731495857313
-0.277661921796	0.44432973042	-0.851748171615
0.157016485213	0.68024152038	-1.09912810063
-0.655742604003	0.295858523645	0.694600152089
-1.81983522962	1.65115272937	-1.91614672308
0.0282746156725	0.110283201613	-0.993497942399
-1.66972621739	0.363678384517	0.221689948613
-0.32246319207	-0.0384085214046	-0.945802450432
0.476695464048	1.38725951879	-0.688052357782
-0.640489223834	0.388299229715	0.662568685009
1.05172819532	-1.26573568284	-0.759452718732
0.732682999848	0.0545083509456	0.678383712519
-0.885492435272	-1.82208657916	-0.732190646999
-0.293335647349	0.302118105915	-0.907016454135
1.87145267743	-1.69675518057	0.105706398634
0.72548651313	0.513456824831	0.45829183748
-1.25505683374	0.222562090815	-1.77905366556
0.929853531103	0.306940485058	0.202879149562
0.877907059399	1.30434450123	0.341792329572
0.463934690683	-0.788849829923	0.403088760215
1.57909006367	0.0282639757698	-1.19734528927
0.797054699744	0.389622690557	-0.461408674191
-1.57332034945	1.55198335163	1.63033451709
0.137202526933	-0.659355199985	0.739206457531
1.6068344114	0.682663734595	-0.426084969602
0.0359329405012	0.967309519401	0.251040071429
-0.230957080292	1.0174393512	1.65095313298
0.213243500125	-0.215434302091	-0.952950823042
-1.62847577767	-0.7962864813	0.729203066997
0.107707693459	-0.512344480393	-0.851998935551
-0.0805004181545	-0.980119887262	0.679132814923
0.309534852904	0.433451896991	0.84634958961
-0.379955044902	1.42631319319	0.941388531857
0.284716225209	-0.37009007633	0.88429067987
0.361095418669	1.05728107426	0.539700543784
-0.754055115951	-0.181745046821	-0.631165287436
-0.270764702216	-1.58547088943	1.48974755655
-0.0994779108741	-0.556146006515	0.825109547082
-0.201668366878	1.59807714831	0.966278036811
-0.390569005808	0.37697281863	-0.83984959708
-1.64344942967	-0.282702016433	1.45345733144
-0.386746666047	-0.26561052597	-0.883107051719
1.6108344403	-0.410998188297	0.611666619696
0.814830793128	-0.464703968851	-0.346555911657
-1.70844559637	-1.44512366485	-0.0137312318602
-0.354822653293	0.587591906261	-0.727211548593
1.19843174156	-0.226015004363	0.217715234375
-0.32752579014	0.677831748407	-0.658233224355
1.03464537901	-1.99678988019	1.09192014542
0.37835328357	-0.00202433075925	-0.92565905975
-0.259413694637	0.751070413011	-1.61801905152
0.202540030588	-0.95403267759	0.220905378161
0.653599623353	-0.0916200155849	-1.63054434417
-0.126621637487	-0.262614157325	-0.95655672351
-0.079015932904	1.82174234903	1.87074232328
0.34196621182	0.812168491349	-0.472695939937
0.225600891058	1.50539647337	-1.62983450501
0.442593273986	-0.564497224185	-0.696745346385
0.55120235483	-1.17489434751	-1.28337551952
0.69595094042	0.53032121002	0.48416082321
-1.39751848836	-1.61740139564	1.72350002452
-0.669647738606	0.687580920468	0.280721185499
-0.279005197423	-0.293569511304	-1.46693245285
-0.487223020772	-0.187159968838	0.852985858086
0.29470352616	-0.451214964038	-1.4675054367
0.990283331144	-0.00503645691524	0.138973228215
-1.70822033627	0.557685359184	-0.936057193582
0.069771935128	0.456027253416	-0.887226589554
-0.819880149786	-1.2345643935	1.73482908125
-0.0754546394762	-0.600171652994	-0.796304328962
0.486779387826	0.569941196536	1.38735617005
-0.10087482432	0.368658042953	-0.924075493228
1.41034223861	-0.166967999595	-1.79549078481
0.85061274871	0.301815539531	-0.430540743519
-1.18569232943	0.352559351896	1.03768350609
0.153335131803	-0.128714617963	-0.97975552281
-1.89672819005	1.80986776728	-0.881044182008
0.416582827094	-0.354472792995	-0.837142632529
-0.871850693441	-1.45936889888	-1.22330894624
-0.619296504594	0.253672473219	0.743049201418
-1.89563645309	-0.639005041939	1.69291222599
-0.476065783601	-0.733457362209	0.485182097264
1.86159475672	-0.228423494385	-1.48685397129
0.208303164878	0.582729810029	-0.785516237901
-1.32675472556	1.0031358851	0.253846435308
0.714451321719	0.646079573058	-0.268589825144
-0.881410519425	-0.31286762512	1.13035570284
-0.579699856579	-0.51890062931	-0.628243753
0.509393978496	0.553713544735	0.255928693397
-0.429677261818	-0.0859802551584	-0.898879773051
-1.72288941688	0.197592028335	-1.09632795673
-0.563835626601	-0.628587149324	-0.535693552211
-1.47826428607	-0.86169962718	1.61314563473
0.581561020966	-0.279878884634	-0.763841992057
-1.55371424787	-0.914748098771	0.969017563479
-0.0969588870203	-0.21283819933	-0.97226481739
0.734106593487	-1.91982366994	1.97482593634
-0.295271442754	0.1358366438	0.945707767386
-0.936836636041	-0.871464437977	-1.7676740731
0.0952247677265	-0.454758154458	-0.885509607269
0.65774695018	-1.06593030643	-1.09482338891
0.292848922699	-0.654831697241	0.696731624632
-0.592770342643	1.5659432745	0.346303588137
0.102708397629	0.280627263341	-0.954305676461
0.283065978296	1.49675715237	-0.70636423652
-0.675640920815	-0.737087870778	-0.0145195341571
-0.79494943407	0.273690699495	-1.69693050013
0.45607572901	-0.872665020681	-0.174501263857
0.155961163808	1.56861786714	-0.15335631403
-0.406861588977	-0.349737513239	-0.843888214901
-1.33852430179	0.144417192116	-1.62635063903
0.011133258657	0.956886760953	0.290247785977
-0.908634586372	0.161547225182	0.338162315722
0.842091185823	-0.507949440586	0.181300304928
-0.608048768456	-0.11244784178	1.95518912168
-0.902657871572	-0.142357519295	0.406131879552
-0.946190205942	0.459509596482	-1.01058638922
0.403033565268	-0.456088138104	0.793440328915
1.25693328978	0.866165444066	0.795940702357
-0.676464474161	0.440867057373	0.589942414919
-0.972218660723	0.381281166309	0.818319486559
-0.389934607546	0.72009781809	0.57394262276
-0.724054668863	0.406336131017	1.22078356387
0.423836817247	-0.570148482101	-0.70377060233
-0.322218240426	0.279034329006	-0.205134522715
0.654300364429	0.35772050058	-0.666278527774
-0.520276944681	-1.15963243836	1.81884913816
0.127910981286	0.384603505608	-0.914176637385
0.0824197381132	0.1545666211	1.28306087884
0.0908323627687	0.459340687591	-0.883603765609
-1.15056703633	-0.844527498821	0.53268821969
-0.472703255186	-0.383399140155	0.793446111507
0.738548578328	-0.113391092022	-0.471669355959
0.261999871943	0.0574914791932	-0.963353931285
0.471969877625	1.28818171834	1.58841764691
0.3948027781	-0.356545970965	-0.846761912815
-0.612045036366	-1.47042174677	-0.842152992382
-0.180387058509	0.874928626749	0.449400052533
-0.894692821348	0.189263266895	0.133267174516
-0.220612089882	-0.93804556306	0.267209332587
-0.579361905841	-1.95664540303	-0.251027940421
-0.665783196874	0.709222092427	0.231811903001
-1.12029884194	1.47083146559	0.943193902102
-0.659141422241	-0.697557110375	0.280974488613
0.277931103551	1.11019851304	-0.194892108635
0.660378946755	0.129474217668	-0.739686469825
1.10068857225	-0.985466789531	1.92966119219
0.336011455578	-0.0364806638959	-0.941151137109
-1.79658586493	-1.82875631632	-0.367652663665
0.910606921978	0.210538632209	0.355624124593
1.76077692425	1.47327452566	1.16162889797
0.237828014736	-0.198068395853	-0.95089786306
-1.48513648576	-0.675803228159	-1.58323776267
0.132565666718	-0.456645582673	-0.879716520155
0.378180630316	1.52280361889	1.23555995732
-0.567719955389	-0.648895873073	-0.50658483807
1.91863085988	1.94676576218	-0.808356341502
-0.632316352057	-0.270270186329	0.726037228593
0.459734739559	-1.10815448912	0.120807610703
-0.990652322027	0.060091097995	-0.122462389345
-1.07958554055	-0.0250054744166	1.32765949939
-0.932996578848	0.0364511838455	-0.358034488637
-0.180599421205	-1.68132534468	0.19405868304
0.710468865274	0.0333365526917	0.702938593144
0.797091117071	-0.173002552693	-1.61036782641
-0.482255230994	-0.2704824495	-0.833228142043
-1.70832099333	1.88708375872	1.276165927
0.260678849751	0.384925825993	-0.885369214382
-0.625598852313	0.348224743644	-1.89267493372
-0.835836444445	0.125107090363	-0.534533117851
-0.27085469626	0.612475861197	1.84942775668
0.396717038599	-0.35022934795	-0.848501617629
-0.172360135841	-0.0719445099605	-0.449664843742
-0.448655258504	-0.271160853646	-0.851575158437
0.490813934197	-1.05024635598	-1.35290369137
-0.383177832572	0.399255261159	-0.832928559399
0.714803837869	-1.46425484314	0.678788226562
0.499081554635	0.840352557837	-0.211483286242
0.669632859732	0.661246966621	-1.92937726343
-0.415308571957	0.101130269635	0.904041735
-1.77411500319	-1.58500177815	0.996472332496
0.57448529291	-0.644014557983	0.505185012976
-0.598039863531	1.81689962017	-0.875799116381
-0.645978625951	0.76241308626	-0.0379196613175
-1.21962526498	-1.13540667042	0.313890052014
0.512257308453	-0.675760775639	-0.530037568521
-1.14862072844	-0.412262282914	-0.121505750908
-0.762366416351	0.415762143389	0.495922662664
-0.353034561567	1.94906851434	-1.07121108381
0.664190746768	-0.709977023866	-0.234058277979
1.55364935211	-0.758624039863	0.0983028573946
-0.302793136462	0.0396573008957	-0.952230862237
1.77852593113	-0.580500393511	-1.85409686081
-0.310705026138	-0.61876829069	-0.721517975639
-1.93131654369	1.6937577962	1.34790583878
-0.308590521472	-0.509846316869	-0.803012218607
-1.4150658571	1.2535737472	-0.0220301807298
-0.513094446026	-0.800426087313	0.309922842343
0.369182981515	1.34034935611	-0.655958207127
-0.335267998256	-0.762625204652	0.553171010245
1.42544138413	-0.740324201148	-0.0494618019183
-0.421305214118	0.764687006227	0.487601988372
-0.505408177546	1.87801137081	0.708636688429
-0.0939816070565	-0.722935075364	-0.684494217904
-1.92256778357	-0.859209076507	0.454620201048
-0.785513533422	0.607293383214	-0.11900939255
-0.147015889961	-1.12697347821	1.6287612277
-0.0982865152781	-0.61928811002	-0.778987803308
0.26374260818	1.10058233992	-1.1684572918
0.930788405568	-0.129716296675	0.341769844247
-1.55730122251	-0.622581137975	-0.260416953086
0.877496558912	-0.0498897115291	0.476980928111
-1.31934756822	0.976115730432	0.433339099072
0.489446420042	0.832803915487	-0.258611369159
1.77189948071	1.58712279001	-1.99394909815
0.464735648102	-0.511455290224	0.722796142412
1.12143470171	1.12943346116	0.0455325209094
0.585833977512	0.0202613466458	-0.810177775939
-1.28000343775	1.07059036231	-1.76974295345
0.309687352468	-0.759177637957	-0.572488478266
1.03805799293	0.780237506234	-0.546715193653
-0.277586525888	-0.877712111223	0.390598477286
0.628490582204	-1.60614996762	-0.141725020212
0.709173559054	-0.650479480672	0.271936221131
1.62145187104	1.37637271325	1.25020867536
0.427347067168	0.0936790787715	-0.899221171005
-0.965239043453	1.54390486735	1.7784513675
0.337685669185	-0.701131018487	0.627999748202
1.22927956284	-1.38224486482	-0.510560260109
0.973538164366	0.219755743783	0.0626965357618
-0.142068627772	-1.19187850337	1.40914558581
-0.0363623781084	0.234681365657	-0.971392008446
-1.78504699346	-1.79354090318	0.736939476614
-0.329633871831	0.538857494212	-0.775225200489
1.53133620612	0.621631837833	-1.7704816707
-0.222904949353	0.38240973791	-0.896702947416
-0.133639166066	0.121584336705	-0.146293765293
0.0942670074178	-0.410097220669	-0.907157098254
-1.15208278642	0.43483502694	-0.988216984415
0.48520935866	0.497762610552	-0.718890994383
-1.94634225109	-0.367516625832	-1.24813227391
0.0867958010073	0.316855792154	0.944493989344
-1.33784253318	-0.0859314376104	0.339149373459
0.621895015334	-0.763432290719	0.174406787112
-0.867733435783	-0.900699983226	1.45045698001
0.218346004183	0.0554416598294	-0.97429525546
-0.747966189577	1.76773794027	0.569924928446
-0.369887565074	-0.319830634336	-0.872290980433
-0.161418879635	-0.391346806505	-1.11828537277
-0.736606775256	-0.325483738387	-0.592849723532
-0.336790192244	-1.77742495901	-1.51763303302
0.285044915086	-0.380318032216	-0.879833842697
-0.347311330213	0.589709791579	-1.80871136292
-0.834898339172	0.373544558169	0.404239070736
-0.706039134342	-0.65012709699	0.632089735387
0.566772254806	-0.194418763485	-0.800606367441
1.65440882031	-0.687711773272	-1.74727790288
-0.722990968067	0.125763848699	-0.67931400284
1.85714665136	-1.77861773433	-0.829123846542
0.284579373709	-0.624389796194	-0.727428321189
0.807400906028	-0.78854486395	-0.793344192513
-0.0657576850205	0.773882210524	0.629906541556
0.687058209114	0.226782163818	0.155524944281
-0.395778627872	0.310414807982	-0.864292730911
-1.76665452061	1.62642502692	-0.710015869223
0.929557187453	-0.205723819336	0.30594304276
-0.396889265107	0.327911864928	-1.82743621874
-0.659327132743	-0.188448834948	-0.727856282954
1.99413338822	1.94788579786	1.95821348139
0.193756427809	-0.43754313986	-0.878074283557
-0.515691283033	-0.276497253829	0.932765292716
-0.222856314968	-0.276846308772	-0.934714493414
-1.64209553911	1.94238022596	1.61220298376
0.540007164012	0.0336674075145	-0.840986782587
-1.57208483021	-1.6122965334	0.286614900119
-0.326117240273	-0.137174137654	-0.935323901948
1.67503580139	-0.710976428362	1.64370684618
-0.088066388105	0.582808189098	0.807823573564
1.71767957817	1.90799226382	-0.74226297911
-0.0265242209994	-0.997669618892	0.0628633219034
-0.0631714801797	0.506592367886	-1.38306066482
0.755798725535	-0.480521962659	0.444822357668
-1.70747882327	0.405658263868	1.66528167946
0.281799514257	0.633661346077	-0.720459806132
1.93631390269	-1.28860160504	-1.33031822923
0.920254261209	-0.319166679935	0.226417148525
-0.754588669443	-1.83001248171	-0.878240528561
-0.648375566248	0.47918250116	-0.591602278287
-1.78215103445	-1.11492459099	-0.282027114723
0.190410798791	-0.22103675133	-0.956496984974
-1.41777703809	0.364564865075	1.13985810212
0.0983300167155	-0.365392684202	-0.925645393304
-0.198195860547	1.82697031536	-0.397045048266
-0.979043706134	0.139952263247	-0.147941831443
-0.110747670107	0.630481355591	-0.247758117971
0.828817975892	-0.42985344635	-0.358171435907
-0.69939582095	-1.37894724207	1.77785919529
0.801695491457	-0.154367352808	0.577455677403
-0.760115105823	0.612359950702	-1.92691415142
0.157746215444	-0.318631309628	-0.934660483833
1.06056664802	-0.350877885796	-0.684562363546
0.0634152106829	0.218987853883	-0.973664639856
1.9526764617	-1.04539240545	0.368086568258
0.186648619405	0.633753928188	-0.750678527321
-1.49980757056	-0.0678212041594	-1.35401086792
0.138197781761	0.165149137857	-0.976538343017
-1.40304692202	0.964929304127	-1.92267240287
-0.501290946955	0.474174284787	-0.723785972611
1.61503285767	-1.40794410927	-1.82805893394
0.0565242867424	0.42448799118	-0.903667499887
0.808019498722	-1.8308232601	0.628192500544
0.55259095619	0.501241202881	-0.665883241771
0.851725319757	-0.514392729605	1.48874170953
0.263785720643	0.240359660352	-0.93415433803
-0.19473740816	-0.107582171169	-1.75470349436
-0.731315255502	-0.0103087989447	-0.681961674681
-0.347619175161	-1.55674444437	-1.25767257512
0.590644658064	0.311829279813	-0.744245516044
-0.881497114525	-0.333953017561	0.818083008874
0.127519261861	0.0124183498853	-0.991758348813
-0.36314115017	-1.58690000985	0.86129785554
0.249689726055	-0.361907418533	-0.898152582312
-1.56412830376	-1.62007794938	0.890749328968
0.3021746056	0.446381313242	-0.842279188226
0.422419069786	0.913884228968	0.0493277417177
0.571815590107	0.672413758094	-0.469985817697
0.0504789071445	-1.53123986511	-0.052845239651
-0.292935163814	-0.413506931014	-0.862091067002
1.23491818769	-1.62939256971	0.135819112878
-0.674595361636	-0.729071482508	-0.11565410262
-1.35011135997	-0.197060092078	-1.34798333965
-0.429877580083	0.76576927613	0.47833323309
0.182128949792	-0.2387506503	1.93208686337
-0.71851127485	0.159978028857	0.676866735921
-1.66929296925	1.31261366603	-1.24954952776
0.0370907744291	-0.444776476329	0.894873265081
1.0406819807	-1.28751109104	1.2677539281
0.572716920437	0.250288355012	-0.780609421151
-0.219162667569	1.96880703244	-0.454622179088
-0.681985630451	0.464284493735	0.565097786879
-0.680441545445	-0.519195022036	-1.50511396703
-0.475690754677	0.512605097182	-0.714810688405
1.77853314362	-1.45462116321	-0.0190040516775
0.604342723771	0.518450343735	-0.604962075924
0.0606451752139	-0.495775978519	0.671964074764
0.358472935186	-0.240018360114	0.902157603497
-1.1526861971	-0.456094408839	1.12499850038
-0.446604166815	-0.804454093909	-0.391660987305
-1.30187470872	-1.8352530627	-1.05108909872
0.739533182535	-0.462034019496	-0.489505093699
0.34616302928	-1.06521295158	-1.21799480793
-0.433217171363	-0.27372262849	-0.85871928189
1.41499105244	-1.79043726914	0.841762311621
-0.433639467709	0.879925412473	-0.194134181767
-1.92935283641	0.421664780635	1.25084423848
0.592017700861	-0.737041842925	-0.326012827424
0.915062873106	0.504646257454	0.413190229733
-0.434516267668	0.853358188849	-0.288054534171
1.75625742421	1.20232968368	0.76088234323
-0.260941099348	-0.0821634809155	-0.961851810351
1.80801700144	-0.650356959619	-0.85701150902
0.35353377642	0.506324362895	0.786542756924
-1.54521821932	0.734152994664	1.44960680277
0.649066680071	-0.721297883438	-0.241747405712
0.997330439953	-1.33288937948	1.76982676593
-0.952791619552	0.149684028773	-0.264164382991
1.01586778411	0.00852400724012	-1.6089316085
-0.506810702416	0.59030377017	0.62823910324
-1.25113128826	1.97699816136	-1.77409334051
0.804737018882	0.372972246308	0.461833339988
-0.247960925744	0.411748433623	1.39898710186
-0.659659933285	-0.661660227519	-0.356447072842
1.22035448761	0.900146759148	1.64692470142
-0.399831661129	-0.471061449716	-0.786279691554
1.46438821836	1.13579621586	-0.928275511746
0.645175738729	0.0768382329325	-0.760160609421
-1.5447280486	-1.83752677958	-0.0352567772141
-0.573949141525	-0.0570792491659	-0.816899224053
-1.89461415375	0.448115877928	1.29585945714
0.0849546236782	0.671299013188	-0.73630180416
0.154036478729	-0.457732727543	0.0434240617744
0.175725114602	0.301480934103	-0.937139226834
1.69285899289	0.722322429305	1.54174022554
0.227527679099	0.832646574478	-0.504906760951
-0.941634919932	-1.12333374427	-1.31934908878
-0.203366261303	0.275406354047	-0.939570914787
0.922546438191	1.9037189263	-0.92420392889
-0.696777954301	-0.351471774891	-0.625274398849
-0.702472130773	-0.144063077176	0.858359413902
0.884960383038	-0.465207797523	0.0206597574197
0.810024347116	-1.70678577853	0.276038343501
-0.209628652623	0.128356720562	-0.969319544983
0.796369912859	-0.141025501446	-1.35601325254
0.0179751633898	0.538978711907	-0.842127568491
0.619988561746	-0.77000363423	-0.619674629194
0.669401218207	-0.463648976191	-0.580458125914
1.15880619951	-0.273574864378	-0.286822928886
0.238153729448	0.166327105961	-0.95687935236
-0.642179355502	-0.959849272467	-1.49791954743
0.326714445329	0.115011184925	-0.938099194412
0.283622731461	-1.72404469054	1.75666219743
-0.134783795383	-0.679311501405	0.721366212517
0.444640839765	-0.228048928344	1.39554236908
0.263997513753	0.865383909974	0.425929572922
-0.509019638485	0.168171198295	0.486975302153
0.591309977755	0.275449580988	-0.757944614428
-1.44105155212	-1.30318997477	-1.41704326783
0.187509515363	-0.168917688344	-0.967629575929
-0.652564205339	0.915664573227	-0.316034773269
0.333348343224	-0.700922445882	0.630544690668
0.583618407429	0.0324254129571	-1.66804278351
-0.0787368083682	-0.524658246084	-0.84766398993
-0.716011363766	1.16729088793	0.552759735093
0.199348851101	-0.236808749919	-0.950884667836
0.190695130582	0.796273529262	-0.947042471528
-0.0554623232433	-0.271433271556	-0.960857903018
-0.608724596837	0.894447327737	0.304528566799
-0.521888896402	0.359641594323	0.773492018992
-1.22990053022	-0.204763118641	0.181912021384
-0.399417690123	0.847157356013	-0.350413930902
0.146617861539	-1.58725559642	-0.640551727032
0.680565487464	-0.482142943991	-0.551696292205
1.19158299005	1.43407811388	-0.733796707999
-0.060756458712	-0.0428709891826	-0.997231533302
1.21952423833	1.3976001204	-1.16671945499
0.172423918658	-0.871561706772	-0.458966429669
-0.780019851085	0.172916926028	-0.174141735139
0.133351896967	-0.835259402088	0.53344072098
1.20461098289	-1.44357603856	-0.297156258967
-0.00772179323224	-0.0482929848373	-0.998803364794
0.102044237444	1.53316855749	-1.99841555055
0.233806908459	0.673394053508	0.701337848869
0.635852358462	-0.926772961628	-0.857064783639
0.929365498069	0.183185721981	0.320503919262
0.00898181788626	-1.81837641377	-0.358620376917
0.582639688009	-0.358576213611	-0.72935183073
1.43605967047	0.634962643136	-0.254712524374
0.601922392294	-0.251989257112	0.757753817513
-1.29016547145	0.246109988037	-0.0906006747622
0.343524856632	0.530961790947	0.774642013726
0.824594898847	1.0540817015	1.15887752878
0.651873981022	-0.581599103442	-0.486623875023
0.666737103031	-0.292381338021	0.45917661077
-0.553094657731	0.0687032590884	-0.830280772859
0.377694781687	1.18224734609	-1.29097715382
-0.105581805502	0.811920707205	-0.574140442365
1.2718543299	0.637375335986	0.695267279485
-0.601665163649	-0.362333359338	0.711838161075
-1.01719122565	-1.23018223033	0.249203533664
-0.119645659001	-0.846957657706	-0.518022820284
0.503321916386	-1.31597545625	-1.48835664859
0.0887174246567	-0.203869762218	-0.974969916775
1.93757422996	0.599944979792	-0.289425237491
-0.397983745523	0.877026292669	-0.269135319619
0.165500333741	1.75716899416	-0.878093380455
-0.119473375196	0.779743817843	-0.614593923786
-1.74952417121	-1.23902262328	1.57739836791
0.536433522897	0.141484927555	0.831998251673
0.371977398792	-1.0672188094	0.506524596455
0.217629721739	-0.276991709749	-0.935902183428
-0.939624013632	0.308021688442	-1.76962979313
0.62432829357	0.411709441813	0.663859561481
-0.797187004502	-1.35157232889	-0.0552647991094
-0.51580037974	0.563964339016	0.644898590925
0.446652595552	1.64248551559	0.746226355132
0.138965519435	-0.905502149195	-0.400941943691
-1.43308949667	-1.81272337147	-0.240876868576
0.482559318752	-0.188102971472	0.855426078635
1.27491850885	0.714331982429	-1.57598809981
0.0889937897533	-0.393739440624	-0.914904015885
0.911460569459	0.149788288326	1.32995673602
-0.38287800634	-0.922907331537	0.0405769596665
-0.979111959467	0.0966814459085	-1.25307097305
0.745712851746	0.500825193371	-0.4394160539
-1.03680522967	1.0488831372	0.226815215912
-0.445140317933	-0.61314553802	0.652612171627
0.513152586131	-1.37909708799	-1.27575503835
-0.934448804638	-0.218426750994	0.281238663702
-0.660718094559	-0.947527908819	-0.508867031128
-0.624768351322	0.636365795543	-0.452441246406
-0.353865721793	0.728169674185	1.04661821802
-0.0368366579379	0.0793153161802	-0.996168731316
1.81696671836	0.295682562519	0.524912232395
-0.319135786112	0.909690672154	-0.265735264915
-1.91992175673	0.15371221899	0.857043204779
-0.424278155981	-0.50871998983	-0.749127504704
-1.00045725373	1.17006343084	-0.378862832152
0.55379112116	0.530510526816	0.641774084131
-0.162838458118	-0.557621662358	1.789826355
-0.0789864436577	0.351141526035	-0.932984871481
-0.321299648431	-1.23055858356	-1.16162226606
-0.584327049965	0.646995255323	-0.48985614038
-1.18769070004	-0.614174226959	1.29874777549
-0.181077273269	-0.339671263284	-0.922948781897
0.74956238381	-1.84119119423	0.387370034211
0.595117049387	-0.723961326151	-0.348877766225
-0.735387184107	-0.174323811699	-0.0380127173013
0.804903049419	-0.556269457077	0.206628585049
1.76664502909	-0.210210625596	-0.324465429944
0.702696756249	-0.694702250958	0.153642608903
-1.91685664063	0.291913434525	1.40797706451
0.248483417456	0.38736480558	-0.887808818748
0.926635451122	-0.141883470467	-1.31221450093
0.532782736981	0.287849979054	-0.795792023542
-0.00244192508906	-1.83940835476	0.040071170232
-0.871166197701	-0.271236225569	0.409268085639
-0.396335100038	1.5175038353	-0.16591463751
-0.0394587687523	0.164219533229	-0.985634288402
0.0777870652515	0.918605927851	-0.0593222076887
-0.910063819625	-0.0586135964215	0.410302681595
-1.35846329008	-1.37987355238	-1.32178708094
-0.0998842058785	0.0898519362942	-0.990933789393
1.16150111035	-0.852694256545	1.76223395744
-0.15190090762	-0.938337505553	-0.310562135388
0.497519913075	1.22180179357	-0.0727452222802
0.368914981872	0.552731977442	-0.747254372529
1.61977119688	-0.160895209499	-0.241398937547
0.706038282437	-0.690803344712	0.155886762321
1.48872854063	1.34223470429	1.81977955889
0.633328986422	-0.295616522611	0.715195963717
-0.813490897848	-0.759457584933	-0.353533955213
-0.835298268375	-0.107049689628	0.539274667308
-1.300786625	0.239515976742	-0.339766100309
0.220222371915	0.926592172373	0.304842669265
-1.06691193847	-0.99642542559	1.48119699882
0.57955192104	0.600246860548	0.551201666562
0.586168792024	-1.5274748733	-1.76106166557
-0.257949110796	-0.325870335687	-0.909544270807
0.260645229212	0.916277295353	0.578992090778
-0.627480928572	-0.514818585966	-0.58414853233
-0.521354032754	1.61852959965	-0.608979362786
-0.354616326467	0.421225479217	-0.834755267526
-0.456736282238	-1.84315768746	-0.209274717533
0.279432379388	0.904158704734	0.323132452724
-1.70848792455	0.271240217036	-0.381707732012
-0.464839951216	0.883751326414	-0.0539204304079
-1.59922732652	0.692710529917	0.631729203455
0.545426942414	0.346174307113	-0.763330072501
-0.835737025266	1.34302180467	-1.3054375829
-0.428442331013	-0.101922953737	-0.897802250218
-0.689468162664	-1.17905893773	1.54747563292
-0.423757310198	0.842621061976	0.332294279168
-0.128575861509	-1.7062114345	1.39313198411
0.497897578633	0.823430624937	0.27213968308
1.24035897465	-1.82002574652	1.4815183355
-0.323636202134	-0.204439099855	-0.92383129581
1.23288645429	-1.53519031454	0.345422413311
0.472713116378	0.193953901972	-0.859606999456
1.00689156142	1.98338984357	0.376477609564
-0.829694786029	-0.545900390061	0.116616148827
1.87109153172	1.26038181746	0.757303687142
0.287550008768	-0.926390402627	0.243137439278
0.915691814832	1.68223155542	1.97485389883
-0.673485638112	0.649852674307	-0.352290500798
-1.50068933374	-1.59135080259	0.0871826339035
0.370564195598	0.6852197834	-0.627021550968
1.59427632445	-0.85379924419	0.793537957619
0.516555042825	0.156003750514	-0.841922631575
-0.259234721752	1.1214696504	1.97541007101
0.271563865684	-0.0310561531009	-0.961919218131
1.17507336472	-0.419557760101	1.82222524935
0.550292046654	-0.783613491476	0.288320237524
1.83785324431	-1.2300817653	0.400117485695
-0.654914126094	-0.665283118752	0.358449242356
-1.97378810142	-0.646127940446	-1.21519962511
-0.458059344314	0.736909504829	-0.497137826743
-1.09956628014	-0.292802691736	-1.93403773687
0.49965156453	-0.444906873716	-0.743240329761
1.45680856011	0.0793476890682	-1.64242579879
0.288650046518	-0.0928551330412	-0.952921337212
-0.260303488226	1.08370478332	-0.263726790116
0.683021064762	-0.486819895918	0.544507680414
1.53553383907	-1.13128118764	1.60924925611
0.798882648032	-0.144236253232	-0.583936998251
0.647930847621	-0.258411087992	0.0427448559156
0.288776205659	0.0634134942874	-0.955294212161
1.26678364046	-1.06518679752	-0.198623853975
-0.309762490768	0.570369361496	-0.760740422733
1.85803525259	-0.587113092623	1.69174254865
-0.2838921478	0.436708834591	-0.853633786941
0.967775980963	-0.547564943227	1.56755604343
0.322034460752	0.0240546828959	-0.946422304428
1.54836689405	1.61983230882	-0.290509371078
-0.292816545704	-0.937047308616	0.190265109724
-0.644888885414	-1.09147497373	1.57005727535
0.307523376001	-0.317917657328	-0.8968599313
1.16799825308	1.89878560126	0.250273033851
0.0286713584101	-0.225452057274	-0.973832286935
-0.0595528065772	1.9387205808	-0.595322368001
0.731508668378	-0.596275589107	0.330681856052
-1.79621330316	1.57804396499	1.53754473809
0.384196209285	-0.371245567928	-0.845322424324
-1.18487579373	-1.42224062666	0.48901538409
-0.678012669328	-0.637018360006	-0.366751181656
1.44550222091	-1.60536103647	0.0508557211342
-0.151862710782	0.376710805495	-0.913797945991
-1.42119081083	0.482560825985	-1.36043131697
-0.559591850167	0.743815381795	-0.365507372063
-1.40546705871	0.402670380511	1.97290861361
-0.708412468292	-0.264074590953	0.654535243651
-0.925667546054	-1.12859909649	-1.76401079498
-0.597148231928	0.523088903146	-0.608105244601
-0.749980135719	1.20783536606	0.713879207659
-0.0461825717574	-0.655458103478	-0.753818177448
-1.02750532993	1.48877600187	0.212432003619
0.195109642854	-0.272607128449	-0.942134587405
1.0615715374	-1.22188377461	-1.75309792596
0.698900502747	0.69810123277	0.15554020723
-0.471547870803	1.3517498933	-1.98750825829
-0.7632577784	-0.10977237244	-0.636700549679
-0.934951979273	-1.04399628622	1.20664452953
0.184950816433	-0.371287759875	-0.90991131154
-1.67935900285	0.965041653699	-1.28123805831
-0.58104322939	0.0678611551229	0.811038611414
1.44465150648	-0.471347872848	-1.43366821675
0.347156830991	0.0779643238378	-0.934560698352
1.11308176392	1.80988253547	1.25900500008
-0.839429694311	0.540722776818	0.0545588392466
0.0399395234735	-0.817716715759	-1.05504350199
-0.290529752682	0.175787745181	-0.940580210004
-1.97350669737	-1.70800561069	1.0384990881
-0.398215965962	0.2374766529	-0.886018557244
0.351185713351	0.83734650572	-0.16615762055
-0.120065815627	0.275202979296	-0.953859276887
1.45042355945	1.1616479065	0.43120821992
-0.454094672411	-0.336934355127	-0.824786802042
-0.849233248331	0.83569008008	-0.198924394008
-0.550581487891	-0.442128444471	0.70808365592
-1.22930901848	-1.37762487847	1.44264578705
-0.427521041394	-0.637244698077	-0.641205859251
-1.76082356837	-0.36273091573	-0.714946659801
-0.335880045819	-0.153709725699	-0.92927816882
-0.128767675891	1.46124796135	-0.10942592075
0.466494187612	0.109473245504	0.877723636142
-1.67751904129	0.181045487805	1.83528666667
0.17343209801	0.964795444667	-0.197714585526
-1.12251810112	-1.98036651599	-0.0858516457257
0.710302907016	-0.6834943748	0.16824155224
0.654886564966	0.80275950442	-0.406419623177
-0.0639612946737	-0.479416607727	-0.875253488436
1.18854219065	-0.135709895913	-1.5719248343
0.435440869347	-0.828598040317	-0.351875740688
-0.627758948363	-1.84233580871	-1.39745918834
0.779370966795	-0.587987187618	0.216453143461
-0.0690186221233	-0.634978520742	-1.40100410297
0.387231816674	-0.155258632933	-0.908815865319
-0.557983005743	0.0311923713114	-0.867484737342
-0.0399469718074	-0.980266274212	-0.193603386042
-1.27311160415	0.680647650546	-1.17605821275
0.152517922022	0.00914774648508	-0.988258368139
-0.976638753049	0.54828274056	-1.48201936024
0.00257100392762	-0.431175770234	-0.902264287835
1.79533161662	-1.50306086657	1.84155898038
0.768663286002	0.639184405197	-0.0244958957153
-1.00642012388	0.46794806758	-0.293846371066
0.717917952616	0.10411132496	-0.688298369406
-1.25325965997	-1.52698834659	-0.976068710827
-0.418086656338	0.373290925628	-0.828165099866
-1.170228601	-1.00647213913	-0.157360516999
0.999683780615	0.00576284529354	-0.0244770992711
-1.99215425779	-1.87146276544	0.0439942181313
-0.214864003374	0.777260050117	-0.591354609812
-1.95075376131	-1.67908997923	-1.77171913176
-0.677676551059	0.388441436159	0.62439390037
-1.63917871299	-1.18541065296	1.50227320273
-0.156828008373	-0.338040126174	-0.927972978532
-1.09778212253	-0.34546562637	0.017172313065
0.516422572279	-0.4956404488	0.698318174155
-1.45169815448	-1.56631556924	1.39046409849
0.588787990857	0.469041603546	0.65827705107
-0.414019790844	1.08132049965	-1.05363127538
-0.149696147883	0.642628506643	0.751411781754
1.00998225509	1.39774148589	0.404885276596
0.604018508373	-0.0612734468517	0.794611355478
-1.11442611739	-1.91970635173	1.63423313535
0.300495693333	0.543115439947	-0.784045889715
0.0759499908871	1.34788790467	-1.18202508434
-0.0553693970956	-0.878801284192	0.473964695698
-0.0229587866041	-0.890455701779	0.530618359013
-0.174175159	0.366274632685	-0.914060122442
0.730749744116	-1.96121610778	0.943014393355
0.0797287004793	0.696317408073	0.713291946915
0.247553030512	-0.402942545396	-0.579250939895
0.806675487494	-0.573961093948	0.140866321417
1.6085050652	-0.0780097164097	0.371919404457
-0.85403541027	-0.519944827676	0.0167598978721
0.536636318632	-1.640474387	-0.934046292355
0.147773487497	0.312568238457	-0.9383304816
-0.749581679276	-1.24064368585	-0.105097812076
0.510258389589	-0.828033476236	-0.232372412491
-0.949697511563	0.65725654237	-0.834642213776
0.333594309936	0.341245362597	-0.878786913242
0.809791505429	-0.349957690773	-1.56031642699
-0.221988784169	0.503628792824	-0.834912581497
1.76325499555	1.7372208892	1.72622023252
0.387303832024	-0.441355233573	-0.809445056503
1.54650977788	1.67118099355	0.644979258509
0.861848032662	0.446640744402	0.2402707099
-1.42681762482	-0.559539221482	1.37220319007
0.811665035188	-0.153966045854	0.563466349818
-0.555081777689	0.599749584714	1.94663715236
-0.542210092047	-0.458348985443	0.704219016802
-1.3397261498	1.51849666123	1.95640189445
0.850122795514	-0.526187771253	0.0204367789039
1.85209487605	-0.160982270851	-1.2332843234
-0.27547543514	0.736103596338	-0.618275650574
0.682634132717	1.54161250823	0.393155783672
-0.442288091932	0.263152854965	-0.857398284731
1.1996892039	-0.0961784707478	0.697563928205
-0.151924071245	0.46368714166	0.872876458175
1.82995060358	-1.66781419677	-1.53888743067
-0.480095778423	-0.277877694043	-0.832040882826
-0.110203537083	-1.04053821274	1.46194413133
-0.473917517699	-0.319986700739	0.820372292175
0.937579485106	-0.303339891588	-1.16538842468
0.494993448445	0.418299525774	-0.761581901528
-0.421017487453	1.56262136065	0.16333778421
-0.440758469643	0.640344075603	0.629040091154
0.908753150138	0.626271183056	1.09737324221
0.81957692224	-0.275683943172	0.502286802543
-0.557778780581	-1.73746470197	1.41471749521
0.469793805213	0.766055278307	0.438694758528
-0.154469677454	1.27699558644	-1.34163944462
0.802476489062	-0.596144364059	0.0253649700104
1.34993347757	-1.55889876625	1.79699362399
0.541304933865	-0.165832735203	-0.824310907673
-0.492434823312	1.26499539597	1.27464821057
-0.342738318816	-0.0646890425131	-0.937201031046
-1.38097968923	-0.074852145385	0.545116875505
-0.456195844768	0.67974768012	0.574306923681
1.0922448446	-1.67426471162	1.56008066687
0.669206950188	-0.584629921807	0.458660999375
-0.755437784823	1.38251197191	-1.91323331558
-0.192460804375	0.785646401611	-0.587978375806
1.69692304708	-0.369267241397	1.24522891565
-0.765132781053	0.39122454109	0.511385554946
-1.39292918693	1.35246385715	0.923654349284
-0.553486385909	0.350239557572	-0.755635542392
-0.904392822852	-0.70624383993	1.93944325266
-0.491021980125	-0.129439988607	-0.861477048089
0.75279123549	-0.600595502996	1.2586820999
-0.782233999962	-0.289201281063	-0.551790348171
1.76299933003	-1.77014301425	0.491774782827
-0.306849164697	-0.95058731224	0.047194829529
0.607564855166	-0.431830397777	-1.51327376189
0.540689874249	0.81944175547	0.190183251833
-1.43834289661	1.9928352653	0.626175019281
-0.33456607583	-0.484105117129	-0.80852197031
0.678101113411	-0.850466524562	1.84719860708
0.0571401312394	-0.425401491348	-0.903199079141
-0.623485330103	-1.72624783867	-0.709518403078
0.547385665026	0.835269667528	0.0518990966476
0.277491941129	1.90862056278	-1.44046922867
-0.154962530797	-0.983916887388	0.0888491573519
-0.781976786908	0.691984307316	-1.84821591013
-0.367882893473	0.780917234951	-0.504807338345
0.243543800729	-1.57874271128	1.6079790643
0.51011895334	0.437957113923	0.740251457147
-0.0370513813366	-0.226059664116	-1.68286524829
-0.210235461376	-0.362258506911	-0.908058271781
1.0703991423	1.01360232702	0.38188930358
-0.0364677542504	-0.283182289913	-0.958372523385
0.250678684515	0.902982670041	0.509187767855
0.423621540657	-0.797203561219	-0.430129366901
-0.209837870658	0.766030984481	-0.639817142039
-0.066036724832	-0.354501906233	-0.932720509826
0.688914567711	-0.583497488225	-1.60451173684
-0.672531130515	-0.418310234044	-0.610506696592
1.49856840997	1.74152981544	1.4749979466
0.274590752858	-0.678712899294	-0.681137811883
-0.478509826386	-1.17570726365	-0.312525581036
-0.486677359578	0.212519832314	0.847337281458
-0.767899519996	-0.0667928623302	1.299459616
-0.336714347856	0.36248986409	-0.869036562165
-1.23262654524	-1.62720365552	0.613612758662
0.000269448621471	-0.128735155988	-0.991678973766
-0.67886498603	-0.812878494417	1.81234427948
-0.274385778121	-0.330714235266	-0.902962091872
-0.528141961658	0.529229623778	-1.29233219626
-0.178230201228	0.0881255277667	-0.980034635473
1.58619758017	-0.862060772637	-1.35899230368
-0.430998451359	0.412957316174	-0.802313274192
0.0209561460411	1.32014231417	0.13486085688
0.276984444412	-0.173268818831	-0.945123025841
-1.1201875073	-0.254277161762	-0.469448402495
0.366036831443	0.917429295424	-0.156014505493
-0.0590858473482	-0.962814530849	1.25377974974
-0.106388362582	0.293414612779	-0.950047041632
0.182358253824	1.60135130179	0.769201782381
0.635116821278	-0.376593928243	0.674391308174
0.699599365906	-0.885325003551	0.96130995034
0.850806603807	-0.0405986795588	-0.523908265002
1.12214566853	0.501087864539	-1.32944624443
0.884107630199	0.338732410251	0.321891367499
-0.862969308371	-0.806082591857	-1.23812418303
0.195449607986	-0.337673567373	-0.920747529259
-1.60108677212	0.980864688756	-0.209419428451
-0.150223409255	0.384912731659	0.91064543941
-1.28578005272	1.13037086831	1.44520355335
0.600250734302	0.246805649866	-0.760779880888
1.50913711864	-0.16923452682	1.0750921153
0.430386611716	-0.27221472341	-0.860619839891
-1.15109272945	-1.66644456296	-1.29776940381
-0.442104574353	0.876705962698	0.189552632021
-1.82899116597	0.674440867742	-1.16702777585
-0.485856308871	0.592897493634	0.642196394549
-1.34503983814	1.35000681834	-0.198562549507
-0.163296763813	-0.208620230691	-0.96426747652
-1.67415543912	-1.44877251329	0.920575491842
0.496036222032	0.809417335323	-0.314311380179
1.76569203418	1.89908241079	-1.7896491371
-0.337989981735	0.208144504907	-0.917844560546
-0.930804991837	-0.0922544931012	1.93818838306
0.555995068029	-0.0100657760788	-0.831124638354
1.72480666686	-0.578143501414	-0.925255060879
0.942087898213	-0.142690834932	0.303495828089
0.895333486914	1.55933155068	-1.15726067942
0.209425841628	-0.380742834051	-0.900652936029
-0.331518699961	1.78407879293	-0.264163159292
0.63258031977	-0.625283605369	0.45701482678
0.109405846778	-1.86414539023	-1.62248531293
-0.081451797193	0.958417987608	-0.273496920938
0.576634849187	1.92871064852	-0.0970831398657
0.459150389262	0.281071120538	-0.842721748408
-1.43248549433	-1.45145870929	-1.90213625944
0.0908307403768	-0.324973645813	-0.941351106724
-0.866072756527	0.16178262964	-1.4290744637
-0.386791396345	0.093518518683	-0.917413048946
1.22688794883	-0.859533547579	-0.774744202923
0.0236548081837	-0.181571986963	-0.983093110341
-0.491664223489	0.994832867824	-0.755626103822
0.812939346948	0.164487785719	-0.558635289373
-1.26372356731	1.81701726006	1.12785850044
-0.785275958781	0.606479726876	-0.124595382934
-1.30387645349	-1.68029669745	1.60913445863
-0.248235667707	0.238798679768	-0.938804688857
0.0762324754895	0.535894692989	1.31218313055
0.729057987284	-0.676911494945	-0.101317714089
-0.0820399922326	0.523290311673	-1.8061437222
0.852679972181	-0.489130747221	0.183542848307
-0.376413307307	-0.187644786082	0.612381893198
0.729637200792	0.340836977717	0.592840374671
-0.0796689255064	-1.01586009905	-1.52583172086
-0.932824491944	-0.169545622336	0.317950859687
-1.01957778203	-0.121358664375	-1.24113816373
-0.293882223273	0.828149860612	-0.477285079604
0.782564884268	0.741188860714	0.665324153465
0.606562920231	-0.490530692142	0.625668493588
-0.317512590104	0.677058890813	-1.68251434402
0.428128964851	-0.379873431805	-0.82000107638
1.39097803342	1.72925852309	-0.11893943223
-0.487699395147	0.0137392982274	-0.872903506499
-0.21199323372	-1.81463704466	1.52297938196
0.68831137565	-0.62744844389	0.364054804132
1.50142890703	1.02464941593	1.76602718441
-0.153424965277	-0.418010839638	-0.895392493812
0.505412328273	0.466337312257	-0.466718949392
-0.34277256045	-0.170485160011	-0.923819128411
1.29970623305	-1.76394555483	-0.0264595365052
-0.540875857949	0.18414733908	-0.820696694155
-1.40815489173	0.214060327312	0.418217748255
-0.594861404616	-0.778416169533	-0.20051976538
-1.57038313848	0.991532253651	-0.986268972335
0.752295229801	-0.516871507469	-0.40852874071
-0.636793540842	0.0794866344227	-1.23444512663
0.701233723604	0.188872051589	-0.68745808091
-0.171069938464	0.888394910989	0.750836215649
-0.990957632329	0.00759673055032	0.133959921671
1.27445457732	-1.55790962575	0.401946448101
-0.865599665775	0.0999392029032	0.49066217944
1.10321867674	0.152005339208	1.70090431852
-0.534140993228	0.302650991296	-0.789364159828
0.700478549404	-1.60200036141	-1.14162222798
0.513177850868	-0.338699917666	-0.788625931067
-0.476751974733	0.403333321816	1.50283566997
-0.239274202162	0.638469510236	-0.731508400963
0.0352314479435	0.602417214596	0.90086203226
0.431266843374	0.329315219912	-0.839976425705
0.473516730541	0.513132512913	1.20239696729
0.75281016502	-0.0481739266837	0.656472488556
-1.81437476854	0.944656315666	0.260001804487
0.469076434132	0.68972384726	-0.551587086019
1.66348069479	-1.34685596861	-1.67468739032
-0.848652989793	0.528818344018	0.011800929844
-1.67166441959	-1.36725507731	0.623687751154
-0.689733393217	-0.621714945707	-0.371131206672
0.422176861867	1.39310495657	1.91797505875
0.304180497362	-0.435535917528	-0.847220567248
-0.189356164759	0.385992304017	-0.958994418929
-0.240127869368	0.0175871483489	-0.9705819381
0.881567820354	-1.3936785548	-1.40808973438
-0.388373121673	0.305159709498	-0.869507832087
0.546277809942	-1.83640959615	-1.35883838087
-0.917256090717	0.266065908797	0.296395337715
-0.846624553341	0.489500093292	0.760489116972
-0.287019696955	0.46435353306	-0.837851711161
1.94982506653	-0.204821967535	1.90957916244
0.243862363247	0.410530434166	0.87863297822
-0.102537364531	1.6243139374	0.825224387073
-0.205483573223	0.274598666847	-0.939346620424
0.0810233654425	1.78339495248	-0.872836277699
0.652202384092	-0.612966103763	-0.445987226076
1.6841331789	-0.308375007432	-1.1126228053
-0.827698020169	0.299034719249	-0.474862321196
0.414823953983	-1.46249215678	-0.924193177917
0.479806514743	-0.427620552137	0.766111200676
-0.755060675352	1.70364350129	1.7187825731
-0.0169489888666	0.530814660471	-0.847318433651
1.78709904242	0.100018410985	1.61502344959
-0.0955118875831	-0.729860606743	-0.676890666249
-0.927351668244	-0.0101579909555	-1.66488687517
-0.200531817426	0.177186335637	-0.96353100244
1.69618475766	0.915662397994	-1.5062921164
-0.97988675736	-0.148006201453	-0.133851063059
-0.2049517256	0.532370486571	0.702699878715
-0.138367992224	0.930177467236	0.340035554279
-1.13252360832	-1.78745451893	-1.80400151115
0.0718722386168	0.0411470581047	0.996564749991
1.2878969336	0.350455772977	0.114170515986
-0.977606735996	0.20690756245	-0.0383970094644
1.93252526368	-1.01886211172	1.90379673532
-0.730866305597	0.0944814978918	-0.675949472889
1.3700250693	1.70524540833	-1.37872944046
-0.370407964598	-0.342019435069	-0.863609081586
0.887395798859	1.68432768168	-0.875879746421
-0.322398115671	-0.023978257261	-0.946300427026
-0.752746614988	-1.58977820721	1.22080852134
-0.60892602707	-0.498077036413	0.617355942188
1.59247295196	0.719273777812	1.55688774855
-0.401282982063	0.398454726404	-0.824745899846
-1.59097839951	-0.034452876739	0.44240645542
-0.26916383933	-0.445693047423	-0.853761404068
-0.490196416512	-1.50740407803	-1.89028288443
0.974598224198	-0.220063998096	-0.041594929166
0.0923007471555	1.62920418402	1.95922086495
0.976970176029	-0.161603461656	0.139332682206
0.945670329961	-0.574348356081	-0.363813302986
-0.0838202002202	-0.962124769596	0.259403357273
0.645762143475	1.06246069922	0.417709853998
-0.598888392184	-0.0156488701192	-0.800679590455
-1.30192783905	-1.60688979569	-0.895209732023
-0.137053970616	0.568600385018	-0.811116398118
-0.229056508563	1.74376318644	1.3415558918
-0.702558480477	-0.490196888781	0.515866835277
-1.12454146859	1.31219297183	0.818473818485
0.248151979383	0.701176739335	0.668409885732
0.667148226797	1.94205487209	-0.967948387345
0.503936920273	0.729449896856	0.462547757926
