224
1.29801010196	1.96138652011	-1.2533035032
-0.794137865514	-0.479970028179	-0.372791929375
1.18925762641	-0.348694294946	-0.162807101069
0.481755525168	-0.637527156312	-0.601224366551
0.366561862089	-0.924412487185	-1.41444865402
0.53746154038	0.566831080645	0.624369777157
-1.0754838362	-0.066763092608	-1.13616504049
0.919115914941	-0.291929428238	0.264581072322
-1.84042160161	-1.58101791851	0.767031187651
0.550747323442	0.778781856805	0.300293531785
0.574734627181	-0.468433984168	-1.67532544035
-0.625492725236	-0.610260314811	-0.486149358576
-0.166443336641	-1.75492357468	1.61683448142
0.730251433587	-0.545388787151	0.41144126506
0.838072206929	1.20853342393	-0.510919796759
-0.0506067695366	-0.43402782641	0.89947695956
-0.402820832257	-1.13273320949	0.788686286909
0.0486861538241	0.693001512123	0.719290318731
-0.0525652172969	-1.24613080795	-1.73575580818
0.527316924771	-0.724430252424	0.444001880878
-1.39365052974	0.617522723377	-1.27751397891
-0.595833332161	0.797249808952	0.0968265584017
0.887349995159	0.696204306973	1.46086988496
-0.430492584941	0.725064536117	0.537547721394
0.994083027325	1.27370075409	1.15946229637
0.111642872157	0.475175492615	-0.872779537062
-1.44817698907	1.99777221854	1.2294452939
0.678099596379	0.320763610308	-0.661280306445
-0.292789396063	0.623831267202	-1.19776742974
0.0676132103215	-0.702168955707	0.708792784551
1.93855745035	-0.658762493223	1.69690643408
-0.522255130831	0.282557820109	0.804618329779
-1.51155145337	0.54108054965	0.431890989833
-0.835233902897	0.434819378337	0.336625066912
-0.0155728260857	-0.389092926794	-1.52021092035
0.49239618077	0.834484331871	-0.247349754446
0.410278858087	1.36767878034	0.396764563985
0.735079322896	0.54846297351	0.398555837668
1.69228855964	1.82163396315	-1.00271490959
0.714941713371	0.435411032194	0.547060855413
-1.98138271606	-1.62158407925	1.48472126268
-0.492187742112	-0.56761695655	-0.659971376009
-0.283432095338	0.126738266219	-1.96440916699
0.296494330875	-0.931086157485	0.212531595529
-1.25306384867	-1.60553766375	0.680948429742
-0.151642477326	-0.683174205392	-0.714337150201
-1.0097557162	-0.250040586487	-0.889544139308
0.0435801558181	-0.211005723473	-0.976512854334
0.243236004623	1.4744150667	1.90747036823
0.825787764599	0.302164742858	0.476204825692
0.557850167965	1.95667158923	1.28790997754
0.556384555657	-0.449161235842	0.699063953042
0.671280671691	1.07776262214	-0.00110852690076
-0.0875281230485	0.257193429461	0.962387846722
-0.660997189171	0.458870910071	1.07591275092
0.603104845289	0.584779689984	0.542491714011
-1.22010961356	1.82789337576	1.60021735933
-0.851681080491	-0.279191770411	-0.443498920482
-0.145975774946	-0.801561934287	-0.472437694423
-0.076497303109	0.718616796433	0.69118598257
-0.953061220758	0.593274196101	-2.01428746695
-0.703740657318	-0.258957919021	-0.661581350564
-1.4889823113	-0.648827387059	2.0149678081
-0.433451683194	0.853375770876	0.289602196156
0.583702454926	1.82537187239	1.47886225125
-0.518475023671	-0.0204682168485	0.854847765353
1.31926826908	1.6458740486	0.0462580544884
-0.822661906421	0.496650644598	-0.276704761333
-0.586418799924	1.43498384606	1.17746057049
0.653807476573	0.525199205028	-0.544703202317
-1.61305441916	1.15063357589	1.34228595853
0.184246369482	-0.0410288685822	-0.982023374098
1.57608052518	-1.64939870849	1.65865476963
0.759164419408	0.574546431656	0.305885243475
1.25662646425	-0.925800406061	-0.298343761504
0.685281732613	0.361604775747	0.6321636917
-0.794541649949	0.227583329282	-0.40798288102
-0.260120779044	-0.882059291176	-0.392821317089
0.54068213398	-0.570417656423	-1.04922141446
-0.24060818447	0.935142761016	0.260030225331
-1.1208812671	-0.61805468591	-1.8259498041
-0.745884149346	-0.48151041314	0.460222291716
0.285831282076	0.783631633511	-1.43246561582
-0.680351679964	0.632546937784	-0.37014316564
-1.39255902418	0.81677235358	1.17735037331
-0.637931381805	-0.439595000382	-0.632297230539
-0.801659669468	0.891470116975	-1.98019475895
0.786797871438	0.412044715992	-0.459530479428
-0.438785745641	0.332644332697	0.162357259989
0.564684668877	-0.748135003822	-0.348461247188
-1.14903464237	-0.286410667833	1.77622585657
0.115382271437	0.16403518634	-0.979683310606
1.96991940906	-0.646998486359	0.496013342455
0.672313103182	0.395676018024	-0.625648127985
-1.17492465191	-0.61307264126	-1.37929223228
0.334331652246	-0.828857875422	-0.448572144318
0.152319016643	0.761410524949	-1.1835101411
0.740874485054	0.60982562326	-0.281456402683
0.840040183814	-0.768232244756	-1.62496492225
-0.247276927801	-0.680359746394	0.689901975982
0.447347820921	-0.973044972816	-1.23089501797
-0.336177086633	-0.784998955955	0.5203475815
-0.409584880717	-0.871140118882	0.552415681346
0.11608018317	0.709815863924	0.694756669919
1.49264777937	0.279246938952	-1.16887452031
-0.68352590388	0.44878805126	0.57565755773
-1.34019261454	-1.08440799305	0.371362669189
0.285414105655	0.672814600669	-0.682538864402
-0.11645758979	-1.60258515292	-1.80846301019
0.608126305506	-0.00162838368416	-0.7938386139
-1.22476392108	0.247783208631	0.647785299627
-0.0906079986103	0.633029366798	0.768806875202
-0.216228155119	1.54630711079	-1.96340279352
0.0781586582729	0.994908310694	0.0636292185173
1.61725101603	1.95707531227	-1.46335770285
0.533795009798	0.438144205263	0.723251369103
0.0287610277187	-0.374504227372	-0.80530721585
0.931939425276	0.343241509164	0.116936623871
0.30165905391	-1.17354760446	0.356100606345
0.736042269441	0.621350269402	0.268636595255
-1.06328809381	-1.49790954464	0.255596469094
0.227763648137	0.773619087504	-0.591301300554
-1.43184781718	-0.693510463584	0.556415005188
0.933515440348	-0.326790862338	0.147501372618
0.00315995340546	-0.716016849636	-0.358664850342
-0.251405684675	0.80435544943	0.538337712486
-0.660433908552	1.24844663397	-1.49375202455
0.910249731536	0.207621466696	-0.358243985024
1.82657140241	1.87617113431	-1.59382499272
0.495681589424	-0.86453886276	0.0828994371762
-0.326959700571	1.05267590283	0.939424309355
0.943423013525	-0.331512675674	-0.00723625727063
-0.170196993184	1.96422688525	1.75426640684
0.521862062421	0.802676043321	0.288740640168
-0.648747258697	-0.209791853734	-0.944900953321
0.589051460785	-0.806789109497	0.0459315724092
-1.29721864478	-0.513146299476	1.60900643968
0.314509740742	0.77531007686	0.547702389714
0.743609053401	-0.616081470232	1.00381001286
0.224939155205	0.733038687241	-0.641916396007
1.36653086938	-0.451693766385	-0.132314799186
0.490626712232	-0.039393596166	-0.870478933591
1.96479188673	0.699017937967	-0.46668024287
-0.217074380234	0.641820296374	0.735489918767
-0.904032057336	-1.31003114284	1.83340028599
0.541365099139	-0.738335282885	-0.402224861839
-0.83129325685	-0.903392662306	-0.632378988755
-0.62320400737	-0.00767351999439	-0.782021663567
-0.412951314473	1.04740690362	1.79337936782
0.60748272029	0.631675710592	-0.48161243879
0.994495751289	0.355022657916	2.04812791834
-0.124126652241	-0.244504468308	0.961670494078
0.855910677464	1.27546604355	-1.82475359355
-0.601680520091	-0.59896701004	-0.528411839975
1.51152945124	-0.691354003878	-0.462811543372
-0.2541463727	0.0873304284692	0.963214938374
-1.65001002569	1.70737168813	1.73755877907
0.181615957674	-0.757654175752	-0.626877814158
0.501131943591	-0.990748595489	0.72175476949
0.5186120382	0.703160856211	-0.4864220021
-0.294486885908	-1.79525971519	-0.746205550593
0.615258404097	-0.765748764097	0.187312376718
-0.481769166948	-1.52710776444	-0.130492502878
0.792325474396	-0.378252055458	0.478691680693
1.16600033751	-0.396962309469	1.50442932058
-0.541092042577	-0.0563256867956	-0.839074977858
-1.77015961708	-2.03511061476	0.636673172385
-0.593784365321	-0.795052226227	0.123742010135
-0.273960148877	-0.60519506179	-0.402823725566
-0.306484807856	-0.639070479928	-0.705447364612
-1.86150064224	-0.597487299473	1.71853007144
-0.629913241296	-0.758309841906	-0.167855569194
-1.3293023309	1.32777461506	-0.141522362462
0.892919520137	-0.40362400762	-0.199455235655
-0.355472294858	-1.60133976395	0.22095476728
0.471768446919	0.693960830614	0.543923614182
0.365147959952	-1.51547179522	1.13423575138
0.8146847093	-0.448753459256	-0.367299819275
1.54508647149	0.129347889877	0.784174812577
0.0951354209466	0.898984373825	-0.427523504968
-0.0653589140176	-1.28198015564	-0.72443006826
-0.432139243384	0.899967522482	-0.0575685053278
-0.570166879568	0.320452405537	-1.35404504319
-0.432346961346	0.878619503581	0.202740901008
-0.708805960985	-0.769704281736	-0.539481670983
-0.679299662828	-0.449854075573	-0.579813141255
0.832194001722	-1.21900168291	-1.53159120446
-0.507171117415	-0.755382761683	0.414938960587
-2.01827871376	-0.557678432537	1.83720589961
-0.378876492951	0.415570471531	0.826894059889
-0.163580731036	0.0499394561327	1.44604219249
-0.686184367651	-0.276511217787	-0.672824315872
0.271665655128	0.476018646798	0.918580559485
-0.167312344552	-0.557462124348	0.813168223234
-1.06016023522	-1.67729610046	-0.192490732071
-0.843587101472	0.167572722882	-0.510176621157
-1.49066056608	1.39325257789	1.85639793768
0.626749238842	-0.0823228441127	0.774860207359
-0.511732154101	0.464594564592	0.937045177777
0.373332355555	-0.309180947289	-0.874659987726
-1.13091927002	0.962261203413	-1.97621122153
-0.585469504441	0.515727314294	-0.625500436979
-1.91995455746	1.67034487299	-0.854460698792
0.0127891797659	0.496926638911	0.86769830726
-0.959395362049	0.691080942542	-0.358750857717
-0.846551970521	-0.482008375404	-0.225870952641
-0.470325409733	-1.4605716589	0.123048423219
-0.322850680186	0.536959782247	-0.779385418489
1.92553084799	-0.492794370354	-1.46699169466
0.047978984415	0.73024682849	-0.681496578521
-1.36912983056	0.619901077057	0.300729135999
0.661299036167	-0.67052967954	-0.336264083156
1.55473614715	-1.26898099492	-1.64862642857
0.264486826268	0.906609254095	-0.328795345343
1.12491120022	-1.23159099255	0.0961740138687
-0.40011593971	-0.454662795299	0.795731724491
0.589118946469	-0.349307931723	1.73945055038
0.202741370614	0.969414793323	0.1383144791
1.40723108345	-1.02540812188	0.892507662321
0.149539913004	-0.670060348539	0.727087988991
-0.497067561448	-0.720450158297	-1.00978693731
-0.131774632061	-0.32354764758	0.936991123806
1.98361826588	-0.223133480937	0.955797191867
-0.168920072771	0.702358015777	-0.691490583225
-0.305551102384	0.471042104527	0.648824838242
0.581618734518	0.618896841375	-0.527907517842
0.736301399485	-0.37660634142	2.01566051876
-0.611628461204	-0.58891863991	0.528285397311
0.825983228042	1.0988113088	-1.19724206358
-0.467765752939	0.323609478067	-0.822479243557
1.07674426378	-0.747389573736	-1.19036775407
0.114112933334	0.192926118546	-0.97455515556
1.76601566227	-2.00206089927	-0.307625777209
0.758524812557	0.631328413519	0.161445170318
1.16705785486	1.24899639029	1.4394035803
-0.334077766544	0.0345770373119	0.941911075629
-1.63453555066	0.892764275553	1.35412698876
-0.408860030345	0.551005008927	-0.727479866198
-0.455366833575	-2.04278346627	-0.301833670852
0.973677632327	0.18006450312	-0.139744921275
-1.80036030418	1.51417225756	0.880937156479
0.202938166853	0.512274169595	0.8345006145
1.44658584132	-1.68152249759	1.04300562431
-0.000735976580122	-0.992839099041	0.119457028901
-1.99176539944	-1.86299117653	-0.93639709183
0.756099644515	-0.548081359066	0.357659267192
-1.89206053184	-1.47494586809	0.311884317243
0.121887329706	0.76863424377	-0.627968851267
-0.686381365477	-1.62409369734	1.05758373189
0.502379722393	-0.147542518295	0.85196585602
-0.41723615916	-1.49871558879	1.50913120578
0.464801808692	0.544574703821	0.698138718734
0.0944375921022	0.557605200752	-1.33490255703
0.593397956995	-0.799491618134	-0.0932309882401
1.78400395058	0.426883880725	0.294824846195
-0.583466793804	0.590125446606	-0.557959190082
0.945243395005	0.850299655908	0.936563015055
-0.258006949502	-0.881938130174	-0.394483901513
0.673598131857	-0.782913500678	-1.48451080622
-0.497798639117	-0.590569485934	0.635156828805
0.994836951272	0.955289382095	-0.596791897003
-0.0951698753815	0.552348298872	-0.828163058554
0.0875646062825	0.987173168012	-0.593509969586
0.259232156535	0.939886034571	-0.222290195547
-0.441736528793	-0.21114023962	-0.784585718188
-0.124829209604	0.27452320938	-0.953443588232
0.470303096106	-1.46374034139	1.75278441892
-0.133180084326	-0.558056554558	-0.819045753944
-1.51128629874	-0.62980190214	-1.20908891575
0.259094269164	-0.962184921995	0.0840852874884
0.286641539084	0.404720795146	-1.17700207131
0.580646237355	0.616326860715	0.531969122982
1.26596594473	1.1401597853	0.647287203629
0.67360815389	-0.0323840005706	-0.738378853651
0.628472147265	1.86396761516	-1.32789935372
0.665516167128	-0.543991780075	0.511039308177
0.233122873894	-1.91942922565	1.31208452351
-0.513112305843	-0.567614854774	-0.643839373005
0.827137326731	1.16944701543	1.79928629894
-0.117883615758	-0.929361962573	0.349842529803
1.85599662946	1.44065506951	-0.977234289151
-0.611649325625	-0.508613429203	-0.605968218719
-1.18551146663	1.36136062853	0.00948707877197
-0.0233497098742	-0.693526565482	0.720052563373
-0.161420056532	-0.882026965531	0.184809125071
-0.528918040751	-0.138706861628	-0.837261077983
-0.180059037625	1.3866934232	2.0064254534
0.755663295015	0.548055757036	0.358619396779
-0.572628519347	-1.35315985474	-0.172676515869
0.75240072802	-0.536408885824	-0.382307012339
1.70770557484	-0.725493479059	-1.00000424862
-0.445725618153	-0.628824141293	-0.637109780689
-0.855851734372	1.12372487659	1.32613557163
0.266971317825	-0.0680010617563	0.961302330726
0.65684409785	-0.859207024503	-0.353927533275
0.545258976354	-0.206378081678	-0.812465836887
-1.67112192074	1.48249057905	1.88286828892
0.563547603166	-0.112960447645	0.818323918893
0.504411089492	0.771716230288	0.503219828876
-0.841307726389	-0.535577400277	0.0731994387313
-0.2365662623	-1.22714906989	-0.0437488132532
0.782946050797	0.405115547956	-0.47209837359
-0.664407485623	-1.38421408807	-1.73649669917
0.804152327869	-0.25583813878	-0.536549979339
0.334642250707	1.4144806747	0.828243126763
-0.638274287571	0.751797705872	0.165548008963
1.05459267131	1.01391259929	-0.220099644741
0.349217674408	0.673530309038	0.651462921959
0.950383525322	1.95880218554	1.73758596234
0.612959130498	0.673787185664	-0.412664431196
-0.0345612562006	-0.580518697552	2.03464234576
-0.595411708717	0.543220464919	-0.5919429226
-0.357348961978	0.671305895099	1.79584448496
0.685371563461	-0.430571241663	-0.587259930399
-1.37997145754	0.933974489155	-1.92872439763
0.339396442866	-0.242288092148	-0.908904029573
-1.31122059791	0.102948761826	1.63422987718
-0.606806908029	0.603934184524	0.516767720676
1.95769753039	-0.692669738866	-1.54403872684
0.400738733002	0.687130178654	0.60602028469
-0.262591191086	1.80665154748	1.09067933156
-0.57839567298	-0.595021772234	0.55803900943
0.0208076979208	1.85795465766	0.477325061072
-0.144221742216	0.539002873289	0.829865044244
-0.47797827774	1.95134249073	0.257720291189
0.511838856955	-0.208553440301	-0.833382533444
1.84559021331	1.70552690097	-0.439887427157
-0.818340305039	0.486978037934	0.305240127961
-1.49689531008	-0.834170981288	-1.12523758732
0.710735362411	0.351559332483	-0.609312137055
-1.60658089951	-0.966328686803	1.5911759535
0.345690152299	-0.129980863459	0.929302584597
-1.93990383708	-1.81776464885	-1.51667084554
-0.766705237672	-0.460318313583	-0.447515506665
1.87543770284	0.589826082594	-1.72791408327
0.852063178239	-0.521851700688	-0.0407325763834
-0.273752746725	0.813080992441	-0.0651972883726
-0.23166538323	-0.405471300851	0.884264764875
-0.0858374713875	0.833114327046	0.192872631916
-0.256836092614	-0.417571346649	-0.871590151383
1.58304402075	-0.143345359457	-0.0608276384819
-0.436433993338	0.886226873759	0.15532964201
1.72130776756	-1.98326845658	-1.77223816722
0.624982448688	-0.717737751698	-0.307000746936
0.813662655825	2.02521056191	-1.85560304493
-0.146949612558	0.726959841578	-0.670772092519
-1.67027737259	1.92936268371	-0.882317074261
-0.0530223223616	0.977359325296	-0.204835013089
-0.33547148908	-0.728690569775	1.15854412127
-0.0046863318125	-0.850640885829	-0.525726280159
1.80304084284	0.717691021758	-0.26248299449
-0.205567651686	0.810588749722	-0.54835008836
-0.935425276449	-0.797056809999	-0.138720508796
-0.649169966684	-0.336788171763	0.682020587458
-0.510787993022	1.35842607596	1.6536378748
-0.498396761066	0.222591754924	0.837886376067
-0.460970185593	1.64565916939	1.65346879183
-0.160441769953	-0.986683528153	0.0267217837544
0.0626725353783	0.739603642906	0.787306253181
0.904477971067	0.391603395603	-0.169015917612
0.18725889267	-1.30381606694	-0.462689401925
0.387503961071	-0.680562142829	0.621832654259
1.87761886761	0.79835472973	1.16800616291
0.0133835891606	0.656488178805	0.754217575127
0.885839068195	-0.805564395367	0.421017323554
0.661861368408	-0.164285486828	0.731402630448
1.30782484045	0.931523604567	0.0632303574334
0.887263299657	-0.292829600484	0.356391164541
0.994873522243	1.20073768222	-1.41093615433
-0.40363941675	0.911588557872	0.0779841163483
-0.707196859261	-0.26183367714	-0.625764227295
0.66309935118	0.216583567316	0.716512950918
-1.89139854197	0.832271976412	-0.422637213901
0.805649193935	-0.497949573203	-0.320898112894
1.50985759777	-0.0632093202174	-1.44698438322
-0.91737416644	0.330131060975	0.222346849151
-1.05217179137	0.351390177613	-0.828948631092
-0.859262399297	-0.400325453239	0.318445694967
1.06088008445	1.35267915379	0.564119970162
-0.608203605413	-0.541281521738	0.580605450015
-1.86444407857	0.633985453193	2.01793176902
0.631948113886	-0.0134568630876	0.774893859952
1.17231049495	-1.13079679132	-0.600190849005
-0.59203404256	0.351838566176	-0.725055388092
-0.823259005857	-0.757831886294	0.919764325786
0.942861791244	-0.132401497451	-0.30574742204
-0.997470560497	1.1000406991	-1.54092936831
0.639106882217	0.0923410618753	0.763554530727
-2.00513450468	-0.838712994881	0.430361467448
0.854872281186	0.161442893797	-0.493081712197
1.2719370867	-0.536299237455	1.696435869
-0.197897965193	0.915468123279	0.350363397964
-0.790355030594	-1.62842241837	2.01119853291
0.684312993318	0.719109970143	0.12081629864
0.427489358857	-0.608912707969	-1.80741654412
-0.448351306507	0.0393158157018	-0.892992369838
0.204817669282	-1.66451257506	0.456228402594
-0.638276014707	0.692604927329	0.33600914227
1.61595147013	-0.863169800305	-0.435995219741
0.705489389152	0.705172607977	-0.0708259468968
-1.23724230513	1.23914080434	0.505689772641
-0.561101867112	0.47953334503	-0.674694349856
-0.00286579997943	2.05800438993	1.87053117799
0.734296156173	-0.119317486759	-0.668260796682
0.072275852135	0.329755452056	-1.44071400409
0.170506133787	0.375257832509	0.911103296823
1.90584960746	1.1432124428	0.0386316255101
-0.094775029774	0.623824421613	0.775796870792
1.31409038393	1.66451527572	1.7024571752
-0.655241507167	-0.67514041427	-0.338886394393
-1.61171187592	-0.363527152613	1.62838511083
0.652129972704	0.319504035892	-0.687490850666
-0.980550253344	1.18318325089	0.856273853618
-0.434297760111	-0.739300359553	-0.514607067506
0.501110353257	-0.869216047333	1.01535497877
0.701536447704	-0.621869575024	0.348029947279
1.50616428086	-0.206784181959	-1.68094950289
-0.0644297341092	-0.397595954224	0.915295726281
0.221230968658	0.210266187221	-1.16342244926
-0.300307592188	0.920580479999	-0.249693672166
0.134919974987	0.230976851231	0.285546421092
-0.510285249993	-0.584857558619	-0.630516137593
-1.09748227623	-1.87942951919	-1.73491900736
-0.727278421756	0.320952286674	-0.606675965345
-1.49326017041	1.47151098074	-0.501811540329
0.508793536091	0.198575188931	-0.837673583189
-0.113071713558	-0.640216061537	0.409021337749
0.420176404077	0.644177279042	-0.639130207879
-0.0463313638426	-0.142393410597	1.42346828524
0.623731594076	0.608732116643	-0.490310216821
0.0626624599867	-1.40714100548	-0.231212422133
-0.449063075738	0.721233769568	-0.527412745052
1.18046701964	0.0928678008253	0.507608564669
-0.193241713548	0.79851354483	0.570117320267
0.238090887454	1.25450547867	-0.752212474994
0.856980735914	0.47660817052	-0.196032318932
-1.71153369325	-1.47479841978	1.44668555594
-0.6644987685	-0.253753063477	-0.702887451473
-0.0772672162066	-0.65533639369	-1.32998824792
-0.00608657133831	0.637404281825	-0.77050550625
-0.377968167427	-0.330533047764	-0.623109889708
0.681046304469	0.186671609333	0.70804635543
-1.92373701821	-1.97515836097	1.62838676723
-0.195437697821	-0.976764515681	0.0879499128815
0.415716275403	-1.7771491939	1.76935513933
0.656270083547	0.336257119507	0.675455940104
-0.852856345499	-1.42872827807	-0.228382213458
0.579001645228	0.55923323209	-0.593308761901
