480
0.211052884779	-1.11244155602	0.484602117844
-0.0968323290302	0.815370978083	0.570783381113
1.29624139167	-1.1472025114	2.04390812882
-0.632281234685	-0.377785196124	-0.676386565401
-2.45332239944	0.685919637117	-2.08817700452
0.773442264677	-0.485786205768	-0.407184019207
-1.67603216433	-1.09133384626	-2.25956507502
-0.750053188182	0.46447937483	0.470828127087
0.22377223525	-0.606099178941	0.101936324125
-0.672634526184	0.644057060065	0.364353259304
-1.860063688	-0.950331315739	0.808291505608
0.80621694576	0.0133531213743	-0.591469298036
0.585901623614	-0.624784914311	-2.61129432009
0.703138530436	0.536568731544	0.466572827483
-1.8709546707	1.59903901346	-1.56808266076
0.677392476615	-0.364042851112	-0.639227842932
-0.631458523616	-1.67043928176	1.72524619095
0.1578723836	-0.714894918835	0.681176603767
-1.87634762989	-1.65181527896	0.778504057236
-0.428294559831	-0.861056881648	-0.274125548949
1.85116211766	-0.306101155076	2.3458838982
0.708988073816	-0.484649744934	0.512299264026
-0.231029334223	-1.68937148227	2.06656761973
-0.258429142098	0.865523978271	-0.429048507225
0.849023055393	-2.07075787916	-2.18844259865
0.771410654623	-0.462617401089	-0.43693333833
1.14960737902	-1.99527201708	0.732083959488
0.362784106924	-0.202642228105	0.909573427026
-1.02356717949	1.62573239847	0.656053740764
0.350976382598	0.912482259605	-0.210218231285
0.1027005543	0.651604614221	-1.37452206227
-0.322374264441	0.145914744733	0.935298733505
1.93609002016	-0.501650903796	2.12468869101
-0.718955970618	-0.478401204956	-0.504216817856
-0.156434396414	2.33061507683	1.12735268316
-0.507989455925	0.51502510977	-0.690431639611
-1.34456783878	-1.845077556	2.07606230964
0.986447361813	-0.0471584474778	0.157154965569
0.0212575197241	-1.74928741197	-1.08909630587
0.276874584224	0.387493102383	-0.879311981163
0.145499771806	-1.71751597344	2.19978485493
0.567645455239	0.785309195233	0.247119616844
2.23083756497	1.57600164147	0.246649355755
0.651897717742	-0.537570605385	-0.534833815151
-0.547675653697	1.57770800479	-1.26926686689
0.569641448783	-0.782408578264	0.251685193221
1.17017381986	-0.646512705162	-0.845691147668
0.275347809619	-0.951414125551	0.13782142591
2.41933052716	-0.660084332769	2.15653230934
-0.586137528861	-0.0158242808864	-0.810057028484
-0.614301045723	0.29884445999	-1.28454646848
0.96829558225	0.0101824602896	0.249599645227
0.669471324982	-0.671307338822	-2.36128437672
0.437407675897	-0.707459897344	0.555135135544
0.93280729887	1.64625466946	1.85843472908
-0.428852583399	-0.291476507529	0.855059592818
1.52308629186	0.413497958934	0.843010490611
0.592501420217	0.00630687955098	-0.805544716519
-1.16551625771	-1.69271759545	-0.486061126467
-0.341455283073	-0.768101620125	0.541690124354
1.37545690639	-2.29725141481	1.22344611332
-0.756912780427	0.647634003628	-0.0874827992882
-0.675728575144	0.686342851144	-0.41034436321
-0.280579978127	-0.956999371632	0.0736687082135
-1.45743975552	-1.0690604969	1.67066494369
-0.178513993615	-0.494203049004	0.850820839213
0.896089931953	-1.77662490708	-0.123528220119
-0.63997367332	0.230027531919	0.733158258507
-1.37483628322	-1.76317237876	1.03594897535
-0.598997627777	0.59850289176	0.531973806191
1.92580632703	2.46468460352	2.41771879348
-0.657612127782	-0.466034491022	-0.591910586636
1.28370423792	-0.900613137259	-0.253799934182
-0.052353027013	-0.679835683569	-0.731493406607
-0.0585896401167	-1.00897389483	-0.353616496458
-0.682013801561	0.459843204046	-0.568683921148
-1.02560496567	-1.29829677655	2.27523915504
-0.556662750949	0.487473539955	-0.672678325464
2.3553541887	-1.89176494041	1.40671853688
-0.0313241828452	0.522190161541	0.852253618801
-1.93780803933	1.87037896904	-1.47702993297
-0.432405139883	-0.897605940915	0.0856117388994
-0.179472184309	-0.558651166179	0.429600325438
0.719017388396	0.161846350555	-0.675884423549
1.81101438395	1.51167957892	0.830228929262
0.930495675285	0.239874598767	-0.276835646444
1.83024982447	0.794760176835	1.16070469693
0.623592407522	-0.377633045372	0.684489439162
2.14554209507	1.94347837528	-2.21618535373
0.543459107974	0.306225726435	0.781586848936
-2.53127184392	-1.62210952778	0.469775124822
-0.746620840301	0.313271760318	-0.586871472314
2.07194265624	0.138695616518	0.795472432101
-0.522843951027	-0.0961083392522	-0.846993146372
-1.59297397689	-1.57300176979	2.04979111076
-0.223315666624	0.917317318066	-0.329634723622
1.19709526976	-2.32516546339	-1.12390228424
-0.724580201462	-0.672285276176	0.151710378968
1.76797601388	0.0100125691815	-1.10910997867
-0.551580001429	0.154625811487	0.819664785412
-2.10031822165	-1.20189794402	0.435139745322
-0.128441611705	0.448049947499	0.884733856552
1.38452937136	0.131324991735	0.808905983141
0.546049090568	-0.534613182679	0.644995453934
0.858260266913	0.619630026066	-0.52544481108
0.604944702737	-0.491478242235	0.626491056632
-2.14850621613	0.254644814928	-1.04984598289
0.735622157493	-0.668021301515	-0.112283490004
-2.28243076537	-0.423568082445	2.23058150963
0.721075946515	-0.605252431114	0.337222439925
2.14347939968	0.711034372038	-0.342511354577
-0.313775760758	0.524219677235	-0.791668176675
2.55049433783	-1.95845323589	0.275327822001
0.387249981703	0.770498990693	0.506328704511
0.182749580452	-0.670621159082	-1.0869874033
-0.795861377591	-0.578506250994	-0.178704183555
-2.36186528309	-1.07093751018	-2.4245685684
0.772409191669	0.592102902896	-0.229778573868
1.4782186816	1.199728682	2.29672274224
-0.360785875228	-0.0841545007631	-0.928844213115
2.24388316857	-0.277595514067	-1.9446844602
-0.82281715607	-0.554298487093	-0.125399820107
0.15299932298	0.399225720493	-0.233339136776
0.9479694674	-0.0253699716443	-0.317348788269
0.518831989927	-2.14490943167	1.7779515536
-0.113698722939	0.783184179144	0.611306095128
-2.14815428498	0.841871785612	1.29277147819
0.124320506655	-0.876136953524	-0.465755783962
-0.600801048624	-0.546435150985	2.65142865864
0.256236746224	-0.832786702198	-0.49072297534
-2.28323787476	-2.23334189464	-1.5295949495
-0.437022559647	0.876268606387	-0.202890640051
1.93613834902	1.20515462448	2.34344154691
-0.644217890836	-0.482206976063	-0.593683199495
-2.18259445365	0.0160956478206	2.03160642537
0.429698180115	-0.525092211087	0.734600329337
0.794302400334	-2.26282984134	-1.69503195267
-0.33144330595	0.321906279296	0.886860576579
-0.461298101254	0.757414030353	2.14554726212
-0.484127708519	0.223040971437	0.846092835866
-0.792531398798	-1.96396494619	-0.653260519232
0.742776729785	-0.312983939897	-0.59188156168
0.956591101604	-0.587904060074	-1.93130240517
-0.720040133906	0.511637131157	0.468795959438
-1.6509606324	0.833325885332	-0.566872237668
-0.471755549073	0.35230131338	0.808288615848
0.228524955308	1.16566756717	0.128427346944
0.667798967041	-0.523383343633	0.529258363398
-1.44813278271	0.117608566547	-0.803553065486
0.70910038803	0.695679352995	-0.114921179563
-1.62945375224	-0.776764432435	2.63173965738
0.426614242779	0.903900336879	-0.0310558987698
0.136250684171	-0.579060023828	-1.5361679857
-0.392508806291	0.912116125498	-0.118241323535
-0.36527094375	2.10658489314	0.327574745372
0.88174821275	0.343965572194	0.322812289817
1.35281007813	1.75906603248	-2.63572149451
0.74299521503	-0.101261984775	0.661592110656
2.32529778651	1.08145108545	-2.59613569632
-0.402565843673	0.369052517335	0.83769981554
-1.7423913417	-1.05659296964	-1.92676979312
-0.533079459168	-0.417485088381	0.735888912263
2.08409841361	0.952618480607	2.30958804787
-0.805057359426	0.580692774903	-0.121155062668
-0.480374452822	2.54400997478	0.982232385057
-0.827857851352	-0.408354214919	0.384575367272
-2.15817822273	-2.47062104598	-2.40235408351
0.247329012523	0.678373905572	-0.691836110508
2.55558628446	0.0798586846449	0.946280186052
-0.117634634296	-0.956374050611	-0.267414973649
-0.927402403295	1.97365332282	-2.59165692407
0.933991342468	0.356015510343	-0.0302180176512
0.171364303249	1.78016198492	-2.63786727239
0.347381316312	0.754020417992	-0.557475945964
2.14125670855	2.20694272964	-0.321173027537
-0.787605392126	-0.537320699959	0.301602738201
-0.87481006678	-1.51634308568	-0.354327621037
-0.787486326557	-0.218511178927	-0.576296928823
-0.282771423267	-0.147401028476	1.23199014889
-0.614621818483	0.74608159891	0.25612939701
1.03802180863	1.72931635057	-1.28837423779
0.00985365050875	0.592870231407	0.805237725323
-2.15410369985	-1.80111091767	0.828869598785
0.470871951886	0.879616505955	-0.0674863495754
2.49114806746	0.00410929984575	-2.12761755101
0.168737575722	0.701206062959	0.69270317439
-1.52355894102	-0.224054487735	-1.68120852894
0.826420137744	0.343223407603	-0.44634902084
-0.0657831740136	1.91148054194	2.47197487685
0.0360254443801	-0.564713072299	-0.824500644834
0.27241247927	-0.159801234566	1.26855324291
-0.717246244786	0.526351235504	-0.456631362506
1.1589935182	-1.64429554891	1.40856847981
0.667548960468	-0.728880721621	0.152023942285
2.25438340954	2.08971318448	0.0890515116046
-0.450233605062	-0.509802870497	-0.733069392422
2.04925741494	1.99812571657	-0.587001383589
-0.947234462858	-0.260123460661	0.187303650759
-2.22799571363	-2.07994694745	0.414297926021
-0.868175089105	0.400335694426	0.293263271527
-1.15955996619	-0.862585295408	-2.50418832388
0.0957437207753	0.920086022031	-0.379835295879
1.24714317431	1.36274847319	-1.85652979525
0.310860516105	0.48269435292	0.818762420477
-1.17995499491	-0.761596670948	-2.07307742718
0.489553257759	0.129240830146	0.862342400466
0.639255452965	0.306426441485	-2.03222438337
0.403438736606	-0.641635979917	0.652334618951
-2.58377860162	0.291538806148	-0.981901639618
0.820680535554	0.550175433507	0.154241534381
1.02162705773	-0.37166838183	-2.3510912505
-0.076696251683	-0.977290668323	-0.197536413318
2.57805394494	-0.16589528532	-2.21564589515
-0.509966173559	0.4950580126	-0.703457223991
2.46597367797	-2.14977420067	2.45154232413
-0.849673458719	-0.391424183819	-0.353330046656
2.11987402848	-2.29156544233	0.323751883824
0.204212150155	0.450209554476	0.869257588283
-1.42637905087	-1.61305046035	-2.0470794902
0.626592274444	-0.703104704294	-0.336193242655
1.23537461563	1.77958367908	0.575414817726
-0.17632742041	0.510737864864	0.84146032242
0.705612450486	1.12648182615	-0.271639828607
-0.830781136301	0.53201602615	-0.163589888092
-0.447478712446	-1.17338399621	-2.51982942088
-0.511076870995	0.855787113381	0.0801801004253
-0.783912199636	1.69684671282	1.46858590074
0.153473246092	0.879114495227	-0.451224630329
-1.06166565057	-2.19044229359	-1.47034846412
0.388268711645	0.0154390358757	0.921416867508
0.168115267275	1.27813758201	1.82269222622
-0.500442494304	0.763506217329	-0.40818570038
-0.571105124897	-1.7961268357	-1.81493535176
0.554279825921	0.183818896012	-0.81177859546
1.75619778533	-1.81543949699	1.52429204457
0.551032648258	0.832900728565	0.051375061167
0.115954330119	2.00446744356	0.617348906207
-0.566925342174	0.779760547617	-0.265648536192
-2.34280612609	-1.57011246264	-0.220568384678
-0.658747887796	0.600747805624	0.452938510575
-0.822197207123	1.50780374419	2.39361164735
0.577266967061	-0.586481526817	0.568156903893
-2.19819475824	-0.242241958239	2.28858597758
0.213265054439	-0.327271811202	-0.920549389304
0.0888463964318	-2.49264626746	2.19184600094
0.580858712374	0.595383106144	0.555087482454
-2.34575342721	2.27533736565	-2.06616051111
-0.662363051136	0.146384241996	0.734742704752
-0.252718717412	-2.23453102586	-1.50341836221
-0.76458753831	-0.298035620886	-0.571472365862
-1.01021224291	-2.34528332603	-0.387173196485
-0.897750878402	0.114635290271	0.42532588747
-2.23340169031	1.85492032443	-1.40398693984
0.194081602411	-0.498108706489	0.845115405211
-1.64032774966	2.23929241393	1.97470572893
-0.694395502859	-0.718984664443	0.0295962481526
-1.71672169853	1.55967150868	-2.01389728787
0.514136683987	0.410216476921	-0.753250232155
0.597478953861	-1.43949017682	-0.457726176368
0.0353737809815	-0.166605294293	-0.985388944292
1.53745050972	-1.62493504299	0.482493757669
0.46423216116	-0.217668021909	0.858550600013
1.33932301367	-2.11128007487	-0.492969624815
-0.460950584152	0.818882724952	0.341987780111
-1.24795071998	1.37326390952	2.41879325248
0.922287889153	-0.37984184047	0.0714508624914
0.204855626262	-2.31836905575	-2.45072375664
0.600919789584	-0.514713352947	0.611527244515
-0.292658201359	1.09270265637	0.600820374779
-0.131027934943	-0.254934580928	0.958039685875
-1.13907535484	2.27103843318	1.70048120195
0.287457182186	0.673955109752	0.680553361941
1.65363862474	-2.28434482005	0.0410497576874
-0.844431403992	0.0856397368576	-0.528773523754
-0.309418955285	2.02256115111	-1.19808772461
0.571124531268	-0.471709197838	0.67179401788
2.12141201404	-0.792388556727	-1.44474252652
-0.886891468947	-0.410464724224	-0.211995831274
-0.92013660997	0.15843418704	-0.138540956999
-0.770300640325	-0.633748319146	-0.0707106179751
1.48104063448	-0.844380668433	-1.52929263424
-0.416798510722	-0.626922352212	0.658215288303
-0.168251984454	-0.467334229746	2.4617800054
0.792283353977	0.466708786497	-0.393026711073
-1.95336636089	2.59746154886	-0.21894196068
0.187784436693	-0.487330621122	0.852787119422
0.89362256088	-1.37688124632	-1.44556316596
-0.444970158807	-0.597029836295	0.66750051112
-0.772798457121	-2.10653031501	2.64690753831
-0.0828175703155	-0.884312146515	-0.459492412966
-0.711484334513	-2.58556176837	2.59071751473
-0.213896199804	0.80734124175	-0.549953211718
-1.21537309728	0.921826070677	-0.192837935789
-0.865479479362	-0.465329877444	-0.185508425581
0.481519116246	0.351579774387	-2.17596651003
0.201211499017	0.0789806416985	-0.976358536041
1.02412490329	-0.735690895675	-0.954162916235
-0.862722974835	0.494196112279	-0.107141361293
-1.86715998475	-0.686120690875	2.18910966337
-0.942687029219	-0.0238579650401	0.332824221544
2.14864589244	-1.77857188181	1.4895280481
-0.737198402123	-0.221244697763	0.638427207769
0.0826325270126	-1.21041912691	-1.13161483931
-0.375392454907	0.926841456657	-0.00673936349834
-0.954886718519	1.87376507994	0.39230716733
-0.646350591486	-0.49964796361	-0.576699943945
1.50195433122	1.34368850441	0.143721304181
-0.942024864987	-0.307438350644	0.134427728906
1.17692943817	-0.886978471022	-1.33905592262
0.185211894838	0.850201883175	-0.492801493358
0.721229142855	-0.191446277127	-2.20947335762
0.459187584157	-0.718751141834	0.522057045415
1.51414473029	-0.817301732166	1.474082884
-0.385857351414	0.647143688577	0.657509810341
1.97275489153	0.155480773683	-0.890193376884
-0.639242642928	0.720234136719	0.269502563562
1.77713658442	0.327967741735	1.69065061633
-0.177528476742	-0.704788226849	-0.686845830766
0.451084903859	1.92425191095	0.696413105895
0.0711660534086	0.653221723146	-0.753814813633
1.09685512103	1.2079029523	-2.61364716733
-0.0380999509293	0.833854844837	-0.550667314702
-2.1292740663	-1.85681687048	2.38242665983
0.61058808263	-0.27755315795	-0.741718570525
1.93788039365	-2.39862253619	-0.504843031442
0.898763228696	-0.274213597073	0.342098760482
-0.395127759638	-2.38772308954	-0.703747084621
-0.72894995895	0.00140961211524	0.684565534
-2.19772734543	1.88229735579	1.19871019878
-0.584655356845	0.5306092858	-0.613703429627
-0.405161374724	-0.809553389861	2.2235830371
-0.713167482077	-0.00674638420708	-0.700961217763
-1.52550338725	0.789422187185	0.357738916282
-0.135187709663	-0.0419223123473	-0.989932726443
1.34667256739	0.647292208971	1.85678902436
0.629749913722	-0.0524298596153	-0.775026551796
-0.810757789263	2.00962450377	-2.28506992136
-0.673702683282	0.735682494315	0.0699711518864
1.52854196707	2.37302624512	-1.11772540436
-0.556269560453	0.725892863154	-0.404529019152
-1.67186526857	-1.2018812753	1.3596384769
-0.665144722603	0.0746725336581	-0.742971406388
1.23344427197	-1.78484638607	1.97443832063
0.129318560382	0.962699031476	-0.237670538218
-0.989030958089	2.17644263228	-0.718313032441
-0.940464977271	-0.307926087635	-0.143899795276
-1.67119389071	-0.677628365922	-0.0345942696792
-0.415191411167	-0.865890938813	0.279014290271
0.387569272571	-1.38043389701	-0.848630962143
-0.592466208424	0.702676418321	0.393991932673
1.64598940316	2.10605126544	1.66657419575
-0.12435387434	-0.129986610854	-0.983686736179
0.903067931752	-1.04602386079	-0.075102992988
0.384053637232	0.922064277399	0.0479611517181
-1.93978822337	-1.02982755797	-0.341015037638
-0.646259325065	-0.702388900656	-0.298326527485
1.31003799126	-1.73731332265	-0.538532793488
-0.768879187368	0.589623343656	0.247323892594
-2.28680464305	0.144571776156	2.62641394271
0.171454055309	-0.646528849132	0.743373361211
-1.55622825246	2.60839424964	-2.49461256913
-0.616903125642	0.780994090121	-0.0973589480646
-2.17652589574	-2.32481409524	-1.67497704078
-0.710193987004	-0.566821610797	0.417537737643
-1.87630939745	1.00007350466	-0.551528302118
0.122541716396	0.246996721348	0.961236780084
0.813608233774	1.11440950209	2.20065468801
-0.335758693209	-0.818497874673	-0.466183793251
0.460939082373	1.3436194372	-1.63560868923
-0.607003783522	-0.0154890533175	0.7945479822
0.951698600607	-2.47479808093	0.373913619519
0.393432809373	0.270585023249	-0.878632101452
-2.07139590649	0.353567788442	-1.65978419689
-0.709421155279	-0.662212715702	0.24123835434
-0.29700261751	2.1879804803	1.08041663211
-0.104778340321	0.310472038444	-0.944790248015
-0.305463282571	0.223480957985	-1.47237699449
-0.715693650831	-0.65638009243	0.238637324031
-1.56913143485	-1.88922198517	0.676908477494
0.762255283942	0.643560721718	0.0692566210829
0.71863338809	-2.65967287823	-1.73702843198
0.65002269194	-0.598915441857	0.467729401971
-2.21190007166	-1.31694297499	1.3567406063
-0.343155515926	-0.110542206884	-0.932751152445
2.00194986068	1.75426877804	1.40226698146
-0.183606340842	0.576258346863	-0.796376185778
2.60702756888	0.133687608372	1.86340089879
-0.983959156908	0.137515655507	-0.113638998706
-1.65797547148	-0.851790709522	-1.73709621529
0.568173228547	-0.801110149124	0.188153424984
0.464282595621	-0.75379980542	-1.63708547158
0.836129695555	0.363835493575	0.410500750092
-0.748696205962	-1.17196886556	1.02113906271
-0.656317043949	0.00758202356992	-0.754447115934
0.180224667337	-1.11200226343	1.6937244806
-0.538125854864	0.713450749702	-0.448785686133
-2.02955515491	-2.52725330509	0.206806075053
0.12590536479	0.554027021736	-0.822922777849
0.0116065968247	0.203520919108	1.19804717557
0.713600874877	0.427159358622	-0.555255503094
1.95606622547	-0.396959409079	-2.55299767418
0.553971654988	-0.188818440877	0.810840922656
-1.78784597056	1.43311114536	-0.750129154573
-0.408844167367	0.874958948853	0.259409492178
-2.01665313289	-1.52642509872	0.873061164615
0.304090972636	-0.880028350179	-0.364799648085
-1.98544356003	-2.25379948978	-2.19930195541
-0.333033678116	0.930838544566	-0.150426637239
-2.06780615013	-1.53381547976	0.673111079427
0.695378371753	-0.278782594988	-0.662366352429
-0.594768528576	0.80989008639	2.29950304504
0.744659811219	0.17458131135	-0.644207366678
-0.503794107016	-2.49996087676	0.389809047544
-0.587014745786	-0.730743884298	0.348463862963
-0.937871345599	1.32733380855	2.00252749868
0.433648538816	0.669726432558	-0.602839489678
-2.34261352592	-2.08950379648	-1.16014601091
-0.221731910211	0.939711825352	-0.260339480845
0.80926732943	-1.23738449022	1.1494243464
0.211563712508	0.97536055658	-0.0625506212476
1.95842451317	-1.74797316324	0.690202778903
-0.585428282716	0.641684311579	0.495494672089
1.63000348794	-2.17448666387	0.581839456441
0.18539490322	0.662459367917	0.725793576521
-1.73834628672	0.0667957294188	-0.981512254752
-0.537097001012	0.558783274534	0.631892446233
-0.0820187789944	-1.4688148181	2.11679626703
-0.860786800954	0.111406031716	0.496623377824
-2.3298035299	1.31888627363	-1.06823266952
0.923213500932	-0.371357392703	0.0988459335587
0.523420837512	0.208527807477	2.27125932637
-0.273431392055	-0.952079892147	-0.137037049036
0.67039579483	-1.6388596574	1.82357913614
-0.541094951743	-0.270874117274	-0.7961428677
-2.29279321938	2.29794263117	-2.30057012069
-0.243328619355	0.0151129476731	0.969826160616
2.58555050409	1.09669915384	2.0834698494
-0.68936661556	-0.051142800222	0.722605067334
1.54776869304	1.71442596396	2.11721551684
-0.561023452283	-0.519270520898	-0.644678844166
-2.26128907134	-1.35436927902	-2.45566140998
-0.778045742715	-0.397919986236	-0.48611161969
-1.1478198544	2.11318575602	-1.65200030331
0.629826252721	0.776615987274	0.013656489052
-1.87997232274	-0.85212201528	1.68125147116
0.261034541048	-0.811843760525	0.522274522522
-2.28772342746	0.666344438471	-0.123374914481
0.862368323669	0.105034511379	0.495266217051
0.931375125609	0.794118340291	0.71833064067
0.159176115611	-0.980378587501	0.116278929253
-1.38450958074	2.27839893309	0.950968950556
0.425451701065	0.0213468293873	0.904729331312
1.88076113594	-1.29913004523	-1.1670907048
0.813620243113	0.436531875257	0.384007840911
1.83987518558	-0.355376582469	-0.801309779863
0.607814397861	0.28390235291	-0.741593629803
1.77804861823	-1.0980029193	2.32326887852
-0.916609672374	-0.173399142031	0.36022138478
-1.21005722875	-1.64416004941	1.74122665258
-0.475732468354	0.688154807329	0.54783353284
1.08585066968	-0.194421034323	0.313947189083
-0.745781717784	0.629668073832	-0.217549410977
-2.41606442301	-1.48326038176	0.200147007107
-0.404746533743	-0.446306176479	0.798117184541
1.8952354032	0.312353253425	-0.632880631934
0.162232622976	-0.737517980103	0.655551527393
-1.87857109278	2.51967125341	2.09848855354
0.738075269028	0.641136155248	-0.210212577367
0.467390342368	1.30145916466	-0.927816806118
0.674033385883	0.669545236896	0.312070777974
-0.311291955792	-2.29571672969	0.514081403328
-0.887899073226	-0.369143268167	0.274533209887
-1.18608552864	0.272226835015	-0.857712953417
-0.415091261752	0.349247947462	0.840074470277
0.695259914481	1.14238468025	1.10493350548
-0.563970765983	-0.431023517785	0.70438320695
1.39814989395	1.21356299036	0.258213993128
0.726668881732	-0.66858355369	0.157950524079
1.27843716287	-2.3267577222	-2.44159918943
-0.815012427443	-0.176641013006	-0.55186293193
-0.380025433673	0.884069457242	1.2463245799
0.478459762123	-0.378370966191	-0.792408775805
0.186108693756	2.07986546519	1.00343060581
0.0456869993564	-0.579837741666	-0.813449993195
-2.44028721515	2.54279852436	1.06311378716
-0.675313881053	0.05290838113	0.735630250373
-1.58904065089	1.92088760527	-0.21402879279
-0.58918643379	0.706548331749	-0.391980613221
0.907665777808	0.167093230058	0.478193740335
0.77580299047	0.333867233608	0.535408619935
-2.29274475222	-1.12227456214	-1.84249858291
-0.128071802815	0.458626342923	-0.879351744697
-0.953656340287	1.26566360055	-0.603736084294
0.090341993813	-0.107753453227	-0.990064400669
1.07539941197	-0.113989586368	-1.1038497452
-0.00499270244033	0.76834472127	0.640016767139
-0.0269885514471	-2.50508207395	-0.0770472037391
-0.771517312264	-0.623051247221	0.128717443314
-0.882938986373	2.29031393277	-1.14114979301
-0.234097359901	0.835804685763	0.49661751212
1.65483233727	-1.85791921283	0.821070195996
-0.534487640178	0.0510771645826	-0.843631486939
0.191615033416	-0.333200097319	-0.585537309482
-0.333153527748	0.640799528333	0.69165359208
-1.80784206743	0.466500927359	1.9628134968
0.204776811461	-0.972900377967	0.107383946839
0.268301870053	0.702586358577	2.20561362636
-0.811674204591	-0.324008297697	0.486007827741
0.903323236565	-1.98144684247	-2.37083875402
-0.187896479207	0.942443471158	-0.276577686687
0.277064986599	-2.5645243262	1.27754244766
-0.744645518633	-0.479269513165	0.464546860209
0.689148866443	-1.20433491548	-0.0893635835173
0.167417451138	-0.887872824424	-0.428547832458
-1.79053635133	1.77375669403	-2.12413768161
0.532894219608	0.742679165301	-0.405526088107
0.76629104926	-1.22677924838	2.42228440792
0.368534887153	-0.38055699397	-0.848149993393
0.211564400447	1.01602186659	1.64452239593
0.614512841028	-0.183418937222	-0.767288382344
-0.323381710542	-2.02240955813	0.0903129277813
0.270613378844	-0.924118244753	0.269766322779
-0.801899603754	-0.319882699555	0.541675780713
0.56495308641	-0.502045311272	-0.654811816926
2.19577123301	-0.549992866711	-1.34135764295
-0.713770371895	0.264196252617	0.648638725569
-1.37382587835	1.17295925824	-2.29946545928
-0.260381787798	0.685394733721	0.680026016834
0.405648613788	0.174760381669	2.05559301912
0.738538763662	0.656609409152	-0.153050901273
-1.64300069973	-2.43849294289	1.15031905398
-0.62749185189	-0.255676951351	0.735447667995
-0.908306612068	2.55379032974	1.5593770285
-0.0220386480775	0.232277420013	-0.972399865355
2.03672046455	-0.574608894736	-0.142963263925
0.440258128225	0.622854880361	0.646702851812
1.57192994813	1.33050126135	-1.09972037444
0.200494090544	0.878485899528	-0.433664206487
2.23385243532	-0.439648623663	-1.68833194584
0.00558992957165	-0.257290893414	-0.966317830144
1.64668404586	0.870591118545	0.708720460027
-0.598280597492	-0.697759675632	-0.393943856059
-0.556163128078	-1.99201421345	1.98346731721
0.523700263793	-0.814557644619	0.24946718681
0.632801815096	1.96742416951	-0.974796654218
0.305890898906	-0.721122900532	-0.621620881482
-0.955425508721	0.851689100529	0.402887551367
0.642732573692	-0.402809843959	0.651643359765
-1.54684113135	2.28447329709	0.787635596509
-0.0805246446311	0.413326492355	-0.907015431139
-2.31560867564	2.19226461684	-1.54903742589
-0.681396484468	0.715317006403	0.154985197052
-0.805258022182	0.281144613344	1.65843955132
0.910708786185	0.30465070237	-0.278921953799
2.30772496311	1.65723229493	-1.42293924556
0.355041675396	-0.438714761337	0.825514849604
-1.3470689651	0.198002506907	1.94322601271
-0.245159193374	0.386796215073	-0.888980122337
-1.1367813883	-0.713578011986	1.86206245399
0.935162922036	0.169653005217	0.310947209459
1.61709051871	-1.94281693552	1.60956400361
0.198028787049	-0.346353346584	0.916964535197
0.40013316049	2.57752727001	-0.660969162163
0.197927994747	0.721640414755	0.663369897333
1.75750620051	-0.560641521048	-2.5840133376
-0.584162073652	0.0533966369442	0.809878676636
-1.70514267864	0.351195244226	0.54885868434
-0.223939625945	-0.544761965959	-0.808137020793
0.23709786391	-2.51655324694	1.99200940421
-0.874193474549	-0.354745552541	-0.331574067152
0.057547765864	1.70525260564	-2.12812378052
0.840638189754	-0.541089824539	-0.0234357783686
-1.17184101747	0.244786005537	2.23651350507
0.668649633576	-0.730836794065	0.137059286295
-1.3746216421	-1.55662087745	1.65234591529
0.681455875315	-0.702475305966	-0.205295724523
-2.4468946894	-0.432912824845	2.48118280325
-0.0689003635622	0.780589918773	-0.621234350798
-2.44678898161	-1.66305451066	0.838487040528
-0.327700910173	-0.438938171382	0.836627393273
-1.44062343155	2.17273897904	1.42532303864
-0.736873510285	0.158466456227	-0.657195413931
0.231330025211	-2.08242888183	1.36786776308
0.943228528137	-0.222626383845	0.246490236974
1.95465545318	0.810552927487	2.38479450495
0.703172282432	0.661155086799	0.261577316332
-1.70252078828	-2.44801668537	-0.909995575105
0.722114010834	-0.233046062684	0.651337768001
-2.60979992648	-1.9362317922	-2.07498551199
-0.681150904414	-0.463382388792	-0.566842312441
1.11720763568	1.90626534953	0.214204208106
-0.327158081057	0.775486182982	0.539989601755
1.08651888341	-1.55874502767	1.23735606444
-0.430566792208	0.670050841394	-0.604685130787
-0.813181328437	0.819902192007	-1.08326795132
0.524078615518	0.319891945134	0.789310299056
2.44624146296	-2.11755350736	-0.513937674656
0.895097242769	0.105531727543	-0.433202008848
-1.87379165452	-2.16532715296	0.209030831942
0.796387569037	0.295248788713	-0.527820985418
0.490594424417	-1.09563021333	-1.17077158261
-0.0790998248242	-0.226672646399	-0.970753691256
1.19184550613	1.23594009308	0.590912434332
-0.117860845817	-0.84713887328	-0.518135648649
1.27139530693	1.01659542723	-0.525835258669
0.293681078415	-0.641966930574	0.708258345684
-2.19144093977	0.236597317452	-2.62256968793
0.338789472784	-0.0675690349512	-0.938432799217
-1.55025543574	0.16323167438	-0.478878734667
0.814686323205	0.445261550355	-0.371521663646
2.26894057025	2.13328806139	1.07859952736
-0.818788218587	-0.543575104176	0.184694231699
0.0278519328661	-1.74004896967	1.54795231832
0.124543776926	0.685809435968	-0.717045511224
-1.96922635904	0.255576958742	2.656721302
0.342795914242	0.8174661292	0.462860766095
-0.694061836456	0.721458489032	-1.33129679029
-0.0422420503863	-0.0598348293141	0.997314094145
-2.27836081246	-2.60296454274	-2.5340569865
0.141839070003	0.447919597968	0.882751217488
-0.126767063515	-1.70245244473	1.81977677365
-0.665577446012	-0.00849718737944	0.746280417247
-1.80675309469	0.756845902382	-0.979078337035
0.548656302497	0.775878404813	0.311430510187
-2.27487583943	-1.46781435401	0.618266586192
-0.580789874281	0.809740579542	-0.083685815856
2.31433987536	-2.51618538807	1.56772770327
0.374997555996	0.155244701144	0.913934306044
-1.18924639088	0.911626478495	2.1489911273
-0.670360467285	0.671589798485	0.315569305338
0.652766794214	-1.28293079689	0.101088978214
0.65762601597	0.262661360877	0.706071549222
0.129146615122	2.07163364143	0.0777732360315
0.743887198273	0.213401302826	0.633318024533
1.67684895465	-2.61864878472	0.514639697224
0.769862184665	0.505899131899	0.389073624094
0.48635395068	1.97864880641	-0.698504390884
-0.918538197922	0.0327588395534	-0.393972635331
0.246378524819	0.186975351422	1.67621017593
-0.497932968221	-0.782430949783	0.373984716239
1.27671344522	-0.806192048115	-2.24181879158
0.472961980611	-0.541148996992	0.695316279078
1.22716042905	-2.31599012844	2.09624746818
-0.14206695364	-0.988982151684	-0.0416087050327
1.52876011165	-2.15948258988	-1.69275647174
-0.25271088697	-0.793745287991	-0.553268131559
-1.35174285133	-1.0822578238	-2.15875471611
0.369269005852	-0.862990562047	-0.34480094422
-1.35989234136	-2.24875640031	1.8211523234
0.0064779336879	0.987032571755	-0.160389334651
2.36331634008	-1.80582165073	2.15454305405
0.383845158422	-0.38871084085	-0.837595831271
1.25142834066	-1.01323478731	0.282622594909
-0.804553221814	0.576231544715	0.143705671929
1.08067843995	-2.30113373653	-1.96507481522
-0.312952358851	0.659764886176	0.683206495914
-0.875623424629	-0.250556709993	1.19101904732
-0.59567660907	0.763318040779	-0.25002989027
2.61414252192	-0.899585130015	0.96684920226
0.55140545625	0.421863277195	-0.719710635028
-1.3383309728	1.91029543652	-2.23567879661
-0.813028236477	0.574952901744	-0.091729207279
0.374438071718	0.465635424809	-2.61328196578
-0.164079287594	-0.0651120360386	0.984295895626
2.53056716063	-0.105246227725	0.727467427591
-0.543358962625	-0.0950515919759	-0.834102051668
1.54696414108	0.0607199246835	0.380791952242
0.684876206044	-0.44803223319	0.574640496674
1.01752728453	1.50724998191	-2.0092393757
-0.70486626584	0.368628040813	0.606033757152
0.875658577795	2.1061481962	1.11685580582
-0.0738922307952	0.684479189716	0.725277999855
-1.42011766826	-0.892094457995	2.64252406999
-0.802549502923	0.596467384817	-0.0118724137127
0.316216336395	0.310046089675	-0.157368125331
0.478181160878	0.854134936907	0.204441402209
-0.775223752472	0.951271884636	-1.23500359943
0.250270392473	-0.953711280576	-0.166731892428
-0.206806268042	2.07173674121	1.76419274066
-0.207565636858	-0.459461801826	0.863603704866
-0.915635847136	1.67766779616	-0.865172855891
-0.569179675757	-0.569355272681	0.593185527618
-0.758330911859	-1.82351022701	2.39954809921
-0.396076905855	0.436444050274	-0.807861173488
-1.44523042324	-2.62489667675	-2.65370017413
-0.461742406796	-0.879407938056	0.115912157475
-2.51083301221	-1.4271646163	0.425680796774
0.571146974516	-0.606278858164	0.553368845929
-2.1895778498	-1.95273476951	0.685670412036
0.807162511484	0.581651134505	0.100849579989
-2.6561502156	2.5150604513	-0.417437781381
0.482403835428	0.744588418182	-0.461383384045
-1.08480595716	-1.71787959693	1.12412762968
-0.80252743497	0.496509713421	0.330798761482
2.33357189222	1.29275917159	-2.62573068556
-0.0663043537319	0.95088799991	-0.302350366799
1.72139456113	-1.22331493434	2.63770903701
-0.374944823447	0.0936942942486	-0.922300254036
1.86854287996	0.598311763393	0.885827061747
-0.799500184245	-0.60006944925	-0.0267602591408
-1.12316320247	0.262900341289	-2.05256331318
-0.678011957644	-0.57222042284	-0.461371404593
-2.09289261777	0.533908535144	-1.02877238866
-0.784901321739	-0.426594233355	0.449385441687
2.02533167317	1.55544169313	-0.866284574573
-0.23337035836	-0.716729677498	-0.657142941248
-2.22032364805	-0.424432247801	1.02295063162
0.574956835717	-0.2849449488	-0.766962198036
-2.35200230591	-0.972441715911	1.07742309486
0.661285959753	0.718851133025	-0.214368673043
-0.0362944668245	-1.23276830599	-2.48115999523
-0.0775026403904	0.802799143892	-0.591191064969
0.499176624693	1.23657041944	-0.734853971739
0.903496115256	-0.405753880464	-0.138052737049
0.854922546552	1.8442653626	-1.72261502852
-0.25536420961	-0.796645602437	-0.547854820703
-1.37639021037	0.568078821656	2.55368119446
-0.436732368739	-0.627037135529	-0.645049818823
1.10777266683	2.29434959415	0.386167362828
-0.62919021539	-0.368410727452	0.684392583797
-1.78313159537	0.916783396547	2.57331256709
0.572460661715	-0.740239360044	0.352610947973
-2.51677249989	-2.4116431162	0.275213987061
0.625057863745	-0.298783688348	0.721131731758
0.569531113965	0.850466590158	0.271029521374
0.434275856319	-0.738533797108	-0.51572503444
-1.33750522198	-1.78970685117	-0.280792250957
-0.128578732019	-0.775017912322	-0.618720247974
-2.17220193106	-0.267192574544	-1.91551065118
0.136215087062	0.841258222903	0.523192175453
-2.51106588244	0.00260221306092	-2.27861261697
-0.0483473242979	0.769683045944	0.636592919392
-2.60142832956	-0.747640808639	1.10337887347
-0.0104879746812	0.410512034997	-0.911794862625
-2.60402726335	0.14808621571	2.62478668398
0.0267666395044	-0.696393301829	-0.717161011334
1.50227970098	-1.24412121862	1.1764397903
-0.0954276206132	0.650275313937	-0.753681355287
-2.33713785174	0.442438575449	2.55565280692
-0.552443264579	-0.696615297032	-0.457748366859
-2.40195991597	0.257008655073	2.22666727311
-0.563372687955	-0.659651201607	-0.497465080869
0.506042893694	1.6009494243	2.16052778501
-0.546416133107	0.267586365961	0.793616372206
-2.25557250166	1.04431965	-1.56127086054
0.618740519816	-0.716858751068	0.321362256893
-1.84043399554	-1.26699377444	-1.07834294135
-0.727072031173	0.65665265901	-0.200433397666
1.81798183994	1.4734343166	-0.0177296623909
-0.69134871963	-0.118726757316	0.712699729875
-0.550763921236	-0.417967880053	-0.563866741749
-0.105059694321	-0.761851299118	-0.639175295722
1.93536113956	-0.292836499823	2.57704908024
0.868168057374	0.482560049547	-0.11584482179
0.278077422566	-0.0273687362821	-1.83669936931
-0.338918248782	-0.936795880386	0.0868786460216
1.9265059363	0.216180193823	2.64331750665
-0.706771711535	-0.612419844008	0.354140766418
0.366567238424	1.78967025373	-1.67127746226
-0.648780549918	-0.645872506543	-0.402408378815
2.47951987833	-0.389907661199	-2.6590320632
-0.777067152031	-0.591262281349	-0.215813706441
-0.534985193824	-0.933828737819	1.56726215011
-0.147259370371	-0.0882084939692	0.985156809564
-0.832974792451	1.41905779674	0.438566625174
0.913341577658	0.378952425876	-0.149004098746
-1.8885204061	1.98733648756	-1.97062348902
0.0314631184	-0.170111181013	-0.984922463078
-2.43746595071	0.12969134247	-2.04188731158
0.339698498401	-0.468476144709	0.815558110758
-1.64346903147	1.45483462117	-0.902673334631
0.691275332934	0.722054347555	-0.027855578526
-2.2715071779	-2.39149244964	1.73045311631
-0.987121263246	-0.102811020874	0.122562252076
-2.63360315011	2.18772303682	1.63452299574
0.679311861699	-0.699828527916	0.220851592861
-0.38748855562	1.81430514029	1.72294554587
-0.188730920918	-0.532173032653	-0.825331753179
-1.32468225191	-1.25649450961	2.48094176177
0.913185746113	0.356932398161	-0.196700422572
-1.83260698797	1.20369778417	-0.162702384473
0.256391886457	0.717940342952	-0.647166798068
-1.48546976427	2.03781230758	-0.517976925998
-0.361380909258	-0.621008007688	-0.695523466758
0.529861484191	1.76480704999	0.320094317629
0.259594732038	0.24879760403	-0.933118603034
1.8828517025	0.585011754455	1.10676137336
-0.632400512725	-0.66495534269	-0.397371342364
2.39792628015	-1.90414042115	1.68051595601
0.979552757311	-0.151717628301	0.13212931888
0.36258568088	1.19890130354	-2.04486806134
0.259950038204	-0.739955759972	0.620396204794
0.235530945821	-0.456127544655	0.316854044067
0.101393108464	0.721797159427	0.684637347944
-1.33572687364	1.75391761137	1.91111808633
0.235138172095	0.407653877791	0.882342538896
2.16539500168	-0.359492354591	0.505947470673
-0.492396076676	-0.524573995555	0.694527340615
1.40795193266	-1.90504014996	-0.397099134434
0.619905510586	-0.597790235427	0.508295182324
-0.0104750150526	-0.193828734064	0.277105887877
0.112087951811	-0.749339216678	0.652630852325
-0.23360478547	-1.90340736567	-0.0583155815154
-0.657882028486	0.568020537967	-0.494513806727
-2.14004345425	0.546517118084	-1.60157618252
-0.518632173204	0.146468677025	-0.842358353415
-2.04231854187	1.57094204869	1.00698605644
-0.599645418026	-0.348503375543	-0.720396258927
1.51265555063	1.85215315775	2.33274791345
-0.321275684813	0.642279824936	0.695886887955
-2.10587558451	0.144647240428	1.42456599376
0.155630766185	0.370364525375	0.915756071757
2.51304599201	2.4763060003	0.0732381904176
-0.460107997945	-0.735092810472	0.497934925688
0.382371286846	2.28689645886	0.778845318418
0.0810372658471	-0.39690427597	-0.914275646214
0.468331128137	0.784690308502	2.22586153397
0.601225423575	0.671239988293	0.43354915311
-2.35960775564	-1.08255598958	-1.44309739463
-0.284266926533	0.113492641285	-0.952004062415
0.258895772275	2.16134696914	2.12351579083
0.131317173949	-0.637458526197	0.759211714349
-0.310293139184	-0.219405493682	0.776415353264
-0.899608460481	0.0439820980941	-0.434476918693
2.13037860816	-0.130965701578	-1.86872387067
0.804046674199	-0.53580961541	-0.257714962204
0.66584862446	0.478054659129	0.683370752294
0.51514223677	0.220719696497	0.828197616197
-0.596717146385	-2.51756688824	-2.28494069135
0.676511623897	0.397046054761	0.620230967568
1.53280600448	-0.00654014646631	-0.195310107754
-0.975407603979	-0.126704934743	-0.180349287804
0.175343601561	-0.0118667362404	-0.47546732464
0.918919918168	-0.333142835656	0.211191938872
-1.77646511416	1.03173232471	-2.51155885105
-0.582239166739	0.554648591668	-0.594443010285
0.144175665573	2.31104909798	-2.01878051793
0.497094439494	0.511065307369	0.701219915453
-1.69496788244	-0.585196762269	-1.86123361063
0.264089508244	-0.752768015932	0.602990087668
-0.879403976292	-1.74791231721	-0.78985218447
-0.42682198548	0.494491972985	0.757166217791
1.33542875603	0.87508352753	0.307419503705
-0.843624684157	-0.193610977438	-0.500811523126
-2.21133730854	2.33525382304	-0.69956186415
0.858292580119	-0.0249636615017	0.512553082634
-2.12582398768	-2.36884697931	0.573316101924
-0.614234057122	0.452774663807	0.64630614022
-1.02305164177	-1.52788881723	0.954195789527
0.676023758189	-0.687112242586	-0.266211653488
-1.28548235833	-1.55050060512	0.564933137446
0.195316640209	-0.683328541485	0.703500898684
1.3461013997	1.18820962248	2.46420855903
0.257238184556	0.784401799632	-0.564395546705
1.26496766353	1.67644998804	-1.94144724708
0.977541685409	0.152517504542	-0.145432678915
-2.12661595229	-2.27701004918	1.22517071531
-0.815099142849	0.473921823516	-0.333183871942
0.55914979152	1.95321223742	-1.16457441745
-0.251307752939	0.626018217371	0.738204311036
0.839659776116	-2.05952980403	-1.4805839479
-0.727931306659	0.477726880485	-0.491826229931
-1.3898422854	-2.47544112686	0.351786254456
0.412157094593	0.262010219409	-0.872626595
-1.23526217182	2.4735078223	-0.377227195772
0.213296127897	0.703076096213	-0.678372143266
-0.655130504826	-1.39449521247	-1.93617639955
-0.0109166737907	-0.284184293017	-0.958707522572
-1.54033569295	1.80378077014	-2.2856114838
-0.918216335985	-0.0343075942175	-0.394590609758
-2.51422272523	1.52353491538	0.991823414998
0.783534794897	0.360242223596	-0.506259583142
-0.0735420948117	-2.28170539934	-0.862040269055
0.690345340672	-0.72178257227	0.0495300815583
-2.1119647993	2.58453392566	-2.21303922808
-0.392870577623	-0.896806988192	0.203445165016
1.5894044398	0.603173473474	-2.55436549981
0.623405150332	0.42477367508	0.656455134414
0.189328771336	0.698686571173	0.866254061527
-0.0802267699588	0.0383222756042	0.996039692269
0.777969762957	1.21528551858	-1.75532969557
-0.209964485385	-0.74870714176	0.62877065036
0.292030887161	0.717571856725	1.48578065576
0.810876025026	-0.579118801683	-0.0842703125358
1.68213033734	-1.28671761731	0.263930892825
0.939508462199	-0.108341692442	-0.324939882342
1.6446660402	0.734776176993	1.24470877112
0.546476583118	-0.822908054597	-0.155517451702
-1.81095134019	0.746445113135	0.700021809846
0.7273251372	-0.683006008581	-0.067089023241
-2.13441558004	-0.48776963997	-1.83438063979
0.0504843149861	0.70932333185	-0.703073072186
1.45476208254	1.28457720142	2.65291057737
0.479396012559	-0.767108205865	-0.426291524238
2.14272202682	2.14245050589	1.70244251665
0.205817659327	0.367913402663	-0.906795908267
1.51904188737	-0.0514065480248	2.23178030894
-0.536542776249	0.290116583027	-0.792435623574
2.62778392042	1.44650481686	-1.12411527255
-0.926436113264	-0.00215223235448	-0.376445873846
2.26657250402	1.79848258314	-0.664203281315
0.00173081193053	0.397223250236	0.917720378853
-2.22916859158	-0.359249702911	-1.15533534947
0.210032667389	0.770406954894	0.601962957731
-0.979315346421	1.84908636667	2.05216984391
0.572938251926	0.607896267223	0.549730741161
1.61323630305	1.47314992562	0.0104245505332
-0.966720052673	0.142791118213	0.212280560387
-1.99492602995	1.17315969843	-1.15346216328
0.643432895463	-0.377312259946	0.666055228588
-1.3312346914	-1.05857204693	0.757865775971
-0.426203918678	-0.746413504507	0.511094022654
-2.23900558684	2.0147976415	2.61775207438
-0.720608506973	0.683644853889	0.115555585889
0.437728340099	-2.4357537669	0.437185243635
0.304420704751	-0.394182973211	-0.867149247909
-2.25304332559	1.39274230464	-1.43959283075
-0.348293953524	0.404411433946	0.84566111063
0.00695096843367	0.250591536864	1.41056404523
-0.629164880647	-0.575999089408	-0.521897118176
-1.45386619359	-1.71437244455	1.30627340192
0.446894143566	0.615682667581	-0.64901500544
1.11428112315	2.54168063822	0.07810509257
0.363588720892	0.931170192705	-0.0269316590112
1.34469136501	2.41366005052	-0.844208064496
-0.483028959024	-0.467951623111	-0.740070471761
-2.3866462245	-1.0374701983	-0.0620082794074
-0.571528320462	0.475298512977	-0.668914570384
0.617714809725	1.04647907748	-1.70913033653
-0.332117311529	-0.549545140206	-0.766614786094
0.428579913169	1.02853452209	-2.22808571157
0.491744091549	-0.640754261649	-0.58959454255
1.8638157035	2.07385709608	-1.0849200403
-0.0779608261216	-0.449655930862	0.889793039662
1.20620667157	0.331073209651	-2.0901014033
0.649712680255	0.742804068254	-0.161603060925
0.0964367322448	-2.13543734271	-0.797825576493
-0.805568149495	-0.499950833648	-0.317976603627
-1.78584738154	-0.532462493723	-2.32578771736
0.645125541202	-0.547879583968	0.532579569228
-1.72679337666	1.45061690279	-2.62005863999
-0.278772364019	0.104693166555	-0.954633599836
-0.971288129817	-1.43693648336	2.13992785047
-0.513214787211	0.3192009279	-0.796694012665
-2.12212796669	1.93916348266	-0.232061815231
-0.425053461176	-0.452926102538	-0.783701155277
-1.58923056349	-0.987477995607	-1.44259978202
-0.65693684375	0.141404456534	-0.740566514904
-0.0694244842381	0.58377106353	-0.0266296554979
0.684915820923	-0.627137447196	-0.370929832413
-0.675684931926	-2.02237260202	0.0522847336938
0.96246639839	-0.0981209754283	-0.253042893897
-1.33911169312	-0.374992588726	1.06932118467
0.0324616623349	-0.636498483633	0.770594524255
2.58236514755	0.648202357474	-1.87487617777
-0.30404323768	-0.769395315214	0.561772692953
0.582300253371	1.09903360234	-2.11622524957
-0.295648434593	0.953998440964	0.0497893337964
1.93581884477	1.62390417088	1.79154077557
0.771692736797	0.396102172928	0.497587568753
