1024
-1.62000234039	-0.86099918667	-2.21838520223
-0.100072978999	-0.634408936403	-0.766492465903
0.839014603651	-0.276358808951	-0.797324812939
-0.636242557496	0.49449583251	-0.592173352711
1.29700888443	1.001272926	-2.63166449544
-0.154029785726	-0.688485915671	0.708704429951
-3.38772873346	0.792865890815	-3.09670934958
0.367328998134	0.259521383392	-0.893150636059
-1.85155427631	-3.31553354146	-2.51774877161
-0.409421964916	0.808629401413	0.422483308327
-2.19816560085	-1.70512278001	3.11452619316
0.576604125535	0.656110819554	-0.486873982547
2.42656312806	-3.07035079458	2.99780304908
-0.558401698339	-0.549315301335	0.621643179815
2.71496337559	-1.96823407711	-3.09474382886
-0.701669786683	-0.387801940233	0.597719972569
-1.81128603947	0.625329636057	1.54521146212
0.621089374722	0.300350938546	0.723904207973
-1.42506927673	-2.73131492885	-0.242657963228
0.453880040747	0.142319113327	-0.879623884733
-3.12218619654	-1.63321627891	-1.01363904063
-0.0393518786998	-0.797312636073	-0.602282317523
-1.23522396109	1.79095280884	-0.560225434178
-0.0102581850692	0.18708757363	0.982289676945
1.26661716395	-3.24733066542	0.866466265645
0.501995730547	0.299774328669	-0.811255593745
-0.679223525034	0.730778547221	0.298842285967
0.802250550082	-0.565137285497	0.192389977479
1.68727922497	2.82845158618	-0.588056878938
-0.680663366977	0.319665379057	0.659174807079
3.42252778784	0.244632052418	2.70324484606
0.588574148525	0.249791055442	-0.768885492326
1.25253569192	2.12423842625	-1.67702214558
0.208708708292	0.893995423078	-0.396500767462
2.33379062752	0.967033747606	3.38708377352
0.702482511636	0.191924602614	0.685334420379
-2.8621675273	-2.99050254144	-0.435274843802
-0.962500951079	-0.271253483006	0.00366975870648
1.32273829466	-0.589364840864	0.329003531916
-0.685154905875	0.532502902423	-0.496994380116
-2.52605908135	-3.31085212964	-1.44570232238
0.858855522618	0.371950426801	-0.352164835369
3.05278645506	1.94859603662	3.27998903038
0.27827735437	-0.890343351859	0.360347651366
-1.46329615748	0.890436094812	3.38928269776
0.694696620698	-0.405867225507	0.593858906181
1.57710850675	-2.49915466333	2.32682130928
0.688342949841	-0.0973971091502	0.718816935341
-1.98916794256	-0.664060935449	0.690002805754
0.6633152468	0.532298183075	0.525995748707
-0.632453209389	3.16644683389	-1.40257006125
0.0340612599491	0.998346183696	-0.0463112088985
3.20810338744	2.52822014135	1.26147863336
-0.676258217628	0.079841179695	0.732325207211
-3.05322871258	0.944532289009	-1.48485979964
0.745073297571	-0.645914126886	-0.166315128401
-1.42358532754	-1.49248302484	2.57947508676
0.762422023458	-0.160674478497	-0.626814462266
-3.3478317738	2.68632886014	3.40771676747
0.702255911513	-0.453758639521	-0.548579740607
-1.46013673701	-0.775675122218	-1.55075287854
0.730055166713	-0.612730458091	-0.302623262957
-3.13022018285	-2.61401448285	-1.89427971999
-0.343730793415	-0.830492705818	0.43832751139
2.23643392663	-2.08558308432	-2.38058583713
0.880111350906	-0.0400658763802	0.47307371049
-1.02670552969	2.76701665349	-1.25762478022
-0.656328450069	-0.705785153032	0.266646363916
-1.20706132487	2.3015177884	-0.0282330347914
-0.776825389826	-0.463385780376	-0.42639879487
-0.850582245388	1.03272996598	-0.774935724277
0.230037678484	0.631641406613	0.74034573
1.34664174209	1.27892580925	0.479313911352
-0.369931501242	0.785365242554	0.49633871517
-2.38493075199	1.02261908992	-1.76869659088
0.485203314116	0.219325810455	-0.84644783232
-3.01664070779	-0.120949504601	1.9460263028
-0.905444966123	-0.0615296596895	0.419980373708
0.316536237241	-1.72703429053	1.86703954708
-0.379933402474	0.618657733638	-0.687686860638
-2.301564158	1.25613626183	-1.40141303225
0.784196702692	0.543237279886	0.299881291895
-1.41022752113	1.43598398381	-0.921087284787
-0.437778985275	0.778488244209	0.449783963343
-1.24291460164	3.0373084404	1.82424794787
-0.765349040741	0.643042298071	-0.0271560072224
3.02117670074	-2.48710488948	-0.846887228413
-0.19282149688	-0.832115407893	0.520003671418
2.23893181028	-2.92366878481	-2.57074354134
-0.718153360298	0.166921726818	-0.675568566623
-3.06380906034	1.91065029727	0.993609640631
-0.586400465618	0.503795534296	0.634290590775
-1.45912098727	-0.13649976493	1.65702048935
0.583719106284	0.757048696912	-0.293511968178
0.515906053644	-2.67319899088	-0.513408306242
-0.620770503995	0.576366904711	-0.531455710782
2.0028247605	-3.0320150818	0.145084844869
0.557208067794	-0.730750210754	-0.394364423686
2.58307276433	-2.19909282606	1.75245583663
-0.42658382702	-0.599511152919	0.677209432931
-2.71383494624	2.65655569945	2.98694964129
-0.921075035893	0.359248400415	0.150204410898
1.21925257485	2.10802055374	0.154793498739
0.679185392404	0.127475007989	0.722812095281
0.75339547178	3.21075961107	-2.06205650373
-0.58543627212	-0.637721031478	0.500575925607
1.23235532635	-1.49275773028	-2.6923299783
0.609261617898	0.263831446251	-0.747792249843
1.57251161608	-2.83891927009	-2.68437346627
0.347006638294	0.923675682716	0.16251038779
-2.88736549856	-2.89877646566	3.177681208
-0.46697790097	0.840435627912	-0.274953805831
1.13908426393	-1.10253654335	-3.38707835322
-0.320906754341	0.244926367398	0.914893397928
1.77110382468	-1.20828456311	1.06977961464
0.788344513007	-0.614816455701	0.0226639495715
2.61886315342	1.58348870075	-0.518832638558
0.527629745905	-0.631949827396	-0.567667391075
3.0586336437	-2.1328872336	3.40069468839
-0.656722649728	-0.675847036866	-0.334583538289
3.23393042781	-0.781779631457	0.854116080828
-0.629410487737	-0.277481886095	-0.725841746399
-0.842123079742	-2.201529641	2.58960599845
-0.925310735654	0.0715682780403	0.372394983938
2.12386448838	1.05535619667	-0.974571859685
0.0281512124632	0.217247265085	-0.975710579552
-3.10571312511	0.804313993842	3.36627650129
-0.294325180751	0.855398042501	0.426223974997
-2.18915160918	3.07957939849	1.33441330148
0.684368398847	0.561050539281	0.465684643328
-0.678852264929	-0.590784182582	-2.69802994645
-0.445412404846	0.409108631114	0.796390555919
-0.420539434057	1.81286471595	-2.30780680067
0.191147726857	-0.429172169572	0.882764858488
-0.21574724938	-0.416391228232	1.10698842167
0.79770013947	-0.502481664391	-0.333446644068
-2.09065175572	-1.22541004292	2.88239327786
0.716481043536	0.574077951681	-0.396345076477
-1.23212234219	-2.50223825936	1.08219779065
0.967863484491	-0.0597501133241	0.244274843866
-1.87960540808	2.19450453821	-3.38410006837
-0.690311433604	0.262676250441	-0.674144874704
-2.17501439029	0.948512195071	-0.919256383024
-0.701788280411	0.625158762138	-0.341569512105
2.71163516671	1.90636103702	2.68168392754
-0.0542921863176	-0.324174316958	-0.944438124352
0.836555403369	2.13151783267	-2.51896850016
-0.747240210908	0.22116905608	-0.626670819358
-2.80703981451	-3.24805746678	-0.755743124193
-0.167377830424	-0.336358807977	-0.926740208569
3.21715794731	-0.175545707059	-2.4964138379
-0.472850687405	-0.243398421578	-0.846858568944
-1.70363177216	2.03701402442	1.34909371982
0.637505405283	-0.226526250361	-0.736391686626
2.25884997841	2.19141547955	2.1335944563
0.287803328074	-0.655244098775	0.698444282223
0.690053610662	2.89567058081	-1.39970365491
0.962550822921	0.266321345606	-0.0506838649662
-0.405728745103	2.28106673805	-2.40593571603
-0.0541967361126	-0.991517209654	-0.118136940686
-1.37418820191	-1.12341569366	2.26211840517
0.541256389268	-0.350547377461	-0.764302333656
1.12778171866	-1.5014245257	-0.828851869436
0.362188869314	-0.47522684942	-0.801859504237
-1.35720080009	-1.98416547042	0.117678190292
-0.212978736738	-0.823081719317	-0.526475584452
2.15363823217	-1.05179830171	-3.02875655396
0.366267381745	0.59277181537	-0.717265487789
1.00553717748	-2.38962085411	2.79699715603
-0.395517710483	-0.63689771277	0.661760564073
0.123282666066	-2.4354593198	-2.72212756014
-0.647048451744	0.729145447415	0.222879379058
-0.683943623155	2.84896583468	-1.91744815567
-0.313028146081	-0.386291566332	-0.867635986772
-0.40792391942	-1.89430203372	0.262841954874
-0.231864959434	0.889244166835	-0.394313900766
-0.980748588011	0.185797133862	-3.101099135
0.815739082617	0.578394240576	-0.00546365813617
-0.303763823193	1.70683588378	-2.49304093197
-0.662553907369	-0.740791688725	0.110679689857
-2.85331333968	-2.84103830834	1.15396469921
0.350577538523	0.411914487035	-0.841083732368
-0.598238876141	-3.24424657899	3.41655477626
0.675792816516	-0.684117976325	-0.274384153356
-1.54962570782	-1.19554497857	2.33566789306
-0.673828436678	-0.132863003487	-0.726844316362
-0.749573091719	1.32778206632	-2.75671374817
0.29880359052	-0.413501222441	-0.860077411244
2.69905728448	1.5462793106	1.12925771058
-0.078596655186	0.0905583904844	0.992784842605
1.99584819318	-2.1781239874	0.206446753812
-0.921888969661	0.298475594189	0.247048673929
3.28011719018	-1.90759456456	3.09163991808
0.138274830882	-0.62364027136	0.769384743209
-2.61648358432	0.117406508099	-0.621584304653
0.43394714248	0.789718147383	-0.43363017103
0.186058578692	0.558687215569	-3.16958681861
-0.550659661122	-0.572787674678	-0.607197016915
1.39113823433	-1.5866076286	0.261731278793
0.75759433853	0.0751695844358	0.64838287439
1.21462130771	-1.22750630957	2.58394195086
-0.818464782516	-0.136869917547	0.558016151605
-2.7007887091	-2.59178957444	-3.14071751457
-0.486464909617	-0.160675500364	-0.85879873969
-0.956492207821	1.44354502394	1.71077488261
-0.350923755557	0.7774778155	0.521901105758
0.419725874188	-2.11196173491	0.46282926131
-0.0141608664239	-0.350508796387	-0.936452376535
2.81843329823	0.475090164433	-2.6330322208
-0.909918510235	0.131402770691	-0.39342294873
1.68094753717	-0.918230898786	-2.83790383848
-0.765144490232	-0.234896454626	-0.599481079494
0.470770503825	3.18272122779	1.6617479802
0.255560644042	-0.880549379272	-0.399151033921
1.85984023535	3.37000270861	-0.725638247195
-0.576910276647	-0.240032909834	0.780742425449
-0.667405752016	-0.12258533311	-3.3641323028
0.622656182035	0.25406242168	0.740102401606
3.28877743621	0.635382916563	-0.772493064087
0.414439918952	0.509594214383	-0.754024727875
-0.632530668939	0.174675115102	-2.31342446373
-0.666092891147	-0.589565848606	0.456872378812
2.38607589987	3.36159425239	-1.51580746007
-0.755777292647	-0.652748676027	0.0521521798506
1.49746905552	-2.6817626719	-2.90174909502
-0.851179623627	0.381620883187	0.360359195577
0.275078384829	2.49895569047	-3.39517204712
-0.422421545907	-0.897709267576	0.125212253637
1.07429000337	-2.48598698858	2.26342873328
-0.977709152882	-0.0945046282687	0.187493166827
-2.59627273706	-2.19138911269	-3.19236902527
0.563952089763	-0.814854657796	0.134051956797
0.582780496223	1.65313031803	3.38458846548
0.163430262059	0.372290745181	0.913613786288
-0.254631539535	0.820943745983	1.94057691435
-0.9121217017	0.39676584233	0.103009065852
-2.47233239513	-2.29215752821	1.75684432872
0.0325949344068	-0.774058188831	0.632274853648
-1.90778479137	2.56618582886	2.99367461646
-0.593798659664	-0.799562194564	0.0900191579899
-0.754091177576	-2.80801720509	2.73360491681
-0.677765284475	0.674411039248	0.292923145724
-0.366690944051	2.51930251948	-2.94819141137
0.676307758006	-0.724854555397	-0.131124711556
2.29807598777	0.490603397329	1.47994777487
0.653878830944	-0.415533920111	-0.632276866317
-1.62898441559	1.0762041461	2.09092636593
0.683641599672	-0.259781931081	0.682017236939
-3.20973281656	-0.842569744113	-0.404991485243
-0.514313817715	-0.634920486989	0.576504355672
-2.53897860161	2.07052046853	1.79857011
0.65451790285	0.734205748363	0.180411290995
-2.7442575047	2.99233385481	-1.09436087854
-0.332662428646	-0.798666521266	0.501465349128
-3.1451162443	0.133571752622	0.271876154546
-0.835457056704	0.499947427348	0.228175538328
1.88443712073	2.13164556776	-2.50577008993
0.747476488494	-0.00384637795652	-0.664277129311
-0.872785252381	-0.555212628034	2.29557786997
0.495363623828	0.0647446026918	0.86626959811
2.9417556829	2.47643162825	-0.563251320963
0.0236129760067	-0.951069279625	0.30807410264
-1.54975618132	1.92334433242	0.918541895136
0.811470301814	0.194144213688	0.551202298222
-0.892864577217	-2.31709605563	2.75827810368
0.186287072554	0.284246936067	-0.940479030035
1.16774448386	1.57948315281	1.38367774431
0.478570385338	0.855396674834	-0.198158812473
-3.33495801941	1.23631497252	-0.451633628401
-0.220843878232	-0.387599951684	-0.894982826037
-1.41949697545	0.509994435333	-0.00342004676067
-0.373449946079	-0.673802659336	0.637593219886
-0.915251893017	3.36757494269	-1.50291349258
-0.420508584944	-0.514790446283	-0.747103290318
-2.58879827013	-0.715313917981	2.14186468049
0.147101916036	-0.877970633859	-0.455553062091
1.84469098665	0.802181173893	-0.695470481172
0.615417243226	-0.000947198510236	0.788200938566
2.15055739462	0.171726172928	0.647423691058
-0.34307137919	0.782786394922	-0.51917963048
0.0766886093756	0.143214659011	-1.70361221693
-0.372290183652	0.730569101052	-0.572423626124
-0.823315150173	0.0171541221194	-0.77171543631
-0.826558618942	-0.530285028064	-0.188676014543
1.93552708172	-1.12852445905	2.46905064741
0.087080944956	-0.983985159364	0.155531717593
-1.38038624774	0.773062790373	-0.427717274945
0.853922699814	0.376747077284	-0.358995351642
-0.039611992393	-0.435508617296	2.24963183007
-0.526357256405	-0.360013960926	0.770284354358
0.905422862406	-0.163926864537	3.07699386313
0.530763309103	0.597588363124	0.600981245938
3.03527425417	0.390063622714	3.27908126641
-0.513481641842	0.807518640423	-0.290258934163
-0.951120281312	-0.227553462582	2.25314960727
-0.42206166084	0.681131641429	0.598267199078
2.02311696489	1.09054303503	1.98781090197
0.931560393388	0.35811957189	0.0628140565528
-0.40314145533	-0.639698624269	-2.14784201608
0.233749220496	-0.938462006963	0.254264357323
1.84957078337	-0.6754452959	-2.0004998364
0.626420787294	0.0127157375118	0.779381361893
-0.156127996932	-0.171886521578	-1.91809593612
-0.77810714523	-0.129945874021	0.614543196502
-0.756535089799	1.10015178583	2.7299128896
0.622689953959	-0.754737921006	-0.206465231539
-1.14063144965	-2.5198774706	-2.42924333777
0.651110144015	-0.515315497242	0.557230220522
-3.40037796025	-1.72335072167	0.862707772472
-0.74631904293	-0.484751785613	-0.456096034301
0.815889419674	-0.495986704573	-2.81787045923
-0.805987852111	0.515869761864	0.290279126091
-0.80042368952	3.34156163957	2.35634883639
-0.818953717402	-0.266045816184	-0.508462813237
0.769600563952	-1.72168767233	-0.437124360079
0.495163634545	0.138992158339	-0.857609558567
0.152611898829	0.0285043102445	1.72441093259
-0.0558268277884	-0.978990864779	0.19611285521
1.29657782528	-3.25701494423	-3.15040073123
-0.898269632457	-0.210603655031	-0.385691285736
-0.817090756246	1.60232551206	2.05354188726
0.470510293173	0.791773809181	0.389505197801
1.85367809673	-2.44267354171	-2.70936972726
0.831017371412	-0.402046774808	-0.384406710761
-0.0358213755425	1.32570679763	-1.54708017314
0.0679806881972	-0.436240285899	0.897258624361
-1.67925650766	-1.38331778873	0.732402740316
0.183708991164	0.302085957761	0.935411717208
2.96912100945	0.881463964867	-2.28877217868
-0.692707693934	0.558241063877	-0.456643148822
2.59398784105	-0.0876473152382	-1.30350740344
0.348834736278	-0.688028063287	-0.636342447818
-1.62739977624	1.11634125106	0.142565843069
-0.639885996897	-0.141494102147	0.755331271716
-3.11835774575	-0.31438211257	0.67356406107
-0.558665907628	-0.613971388692	-0.557612354169
1.89013721813	2.36934544755	1.21457642139
0.591693054257	-0.139582806894	-0.793987386275
-1.97941067468	-1.69621986328	-2.42835688922
-0.196697165672	-0.94515620997	0.26074885191
2.30276790748	-1.07300583008	-0.40738310885
-0.505407630566	0.544341730488	0.669518638587
-2.68178740569	-2.79715971434	-1.26574764315
-0.258714619092	-0.957209009706	-0.129682911774
2.49212776993	-1.28767846373	-2.34738562381
0.107390920582	-0.522233867836	0.846013579951
1.06058731474	0.142950034186	1.17578538734
-0.687069709321	0.214342975344	0.694256655318
-3.20489793548	1.92648648345	1.1725397786
0.301619916738	-0.882658795574	0.360470354431
-0.35143230561	1.0615106796	0.811919302478
0.0826237466201	-0.750031420301	-0.65622114036
-3.14089212406	2.09031658532	-3.27494049613
-0.663002216285	0.382733811973	0.643383936988
1.66512553976	1.44738128129	-2.78632125914
0.141873265724	-0.331165353951	-0.932845906254
1.51864347241	0.915740274763	-3.35211669815
-0.372152637214	-0.194820526373	-0.907495111347
1.04962251644	-0.172601315589	-1.2200121201
-0.016753536001	0.768042293598	0.640179938983
0.616924293657	-1.10200483144	2.25010624532
-0.468123687125	-0.454028519605	0.758101785342
1.88799301214	0.30074318597	0.549096503357
-0.597294440124	-0.696239763823	-0.398107451663
1.04443910274	-1.51459257367	1.87423590945
-0.194748512041	0.714138645581	-0.672368211582
0.935246921109	2.75057744138	-3.40288985619
0.0170451450053	-0.211586873033	0.97721054957
-1.67084759277	2.65153588751	-2.90075170494
-0.116071762896	0.605831638116	0.787080283146
3.20392759099	-0.591354418323	3.33077600684
-0.973453851564	-0.216595792197	-0.0739855504655
-2.69965630028	0.385963896337	-2.09422782475
-0.699149660975	-0.0734180997511	0.711195847983
-1.1536686408	-0.110308311376	-1.81962888344
-0.641015632431	0.330023309836	0.692952793446
1.95460736418	-2.58756306975	1.89807298726
-0.663080567308	-0.0629955323805	0.745892568778
2.60968255274	1.43819062995	-2.40333407311
-0.647472424623	0.306314195701	-0.697818796583
-0.0124990047979	0.170440262549	2.4606968726
-0.41895295977	-0.667746328455	0.615299324178
-2.49025549195	0.192055127565	0.620946095022
0.282931504219	-0.759571402372	-0.585662913816
2.17365017459	3.12826429028	3.05100781615
0.783021095963	-0.54495162598	0.299842773162
-3.20691628911	-3.13426414233	0.052085371614
0.512345577194	-0.581366943512	0.632071583384
-2.0165111557	-1.24248874	1.13289394317
0.299661091678	-0.950662500729	-0.080274777125
-0.315380771598	-0.95250157745	-2.10619898029
-0.397804719437	-0.256856312011	0.880781607536
1.16496588776	-0.521876247532	0.890065385246
-0.896738674243	-0.0266312213627	0.441758450022
0.81210163747	2.69495408705	-1.65277860632
0.291597127405	-0.487120155024	-0.823216295914
-1.49033113476	1.74909390078	0.399348827779
0.838236644663	0.250488652686	-0.48437048054
0.27896312516	-0.987745897268	0.0200914583262
0.483000318108	-0.613490487359	-0.624772050133
1.11736485293	3.08472571698	-0.993583961482
-0.743201665847	0.40789359497	-0.530352806219
2.3131301753	0.0687251829864	2.4158597733
-0.123880153477	-0.992035184661	-0.0228013150858
0.506708872808	3.13633902077	3.17934925508
-0.387176890734	-0.621288416391	-0.681245006543
-1.92299057134	1.72746353418	2.99679354819
-0.742920563935	0.667390427369	-0.05156600759
-0.589100775555	-0.154765777926	2.11636479645
-0.0517492438166	0.606338244466	-0.79352123416
-2.79316397858	2.59314513637	0.507645144011
-0.917199160358	-0.000214465453045	-0.398428982684
-1.30846864512	0.93029030243	2.74200438073
0.113842328064	-0.812013472427	-0.572428200684
-1.63526480593	0.22421562201	2.09287850082
0.740586402421	-0.303317420164	0.599608474902
-1.66658195618	0.856172388446	2.16103781249
0.740174139688	-0.564560105257	0.365258990976
0.290432914668	0.79619888639	2.30755629886
-0.581629013515	-0.258787994725	-0.771191587366
1.05120020898	2.14595337209	-1.72602318371
-0.205065184432	-0.760484205084	-0.616126646033
-1.37324144587	-0.556193334984	-0.280767841277
-0.674063918382	0.579413586695	-0.458167796215
3.3684993258	-0.797769885259	-3.0322343741
-0.599168519209	0.397158503039	-0.695170633048
-2.08312511603	-2.59514113888	1.50744858717
0.19353812594	-0.520370269955	0.831719770088
-0.264023169793	0.64111142654	0.728761712654
0.546270469363	-0.824178896605	0.149391166718
3.23894279986	-1.73382473975	2.83339992825
0.633710018827	-0.526618249768	0.566643477902
0.156905490291	2.84555911081	1.94871665411
-0.214001309949	-0.975116317654	0.057893059905
-0.320167547138	2.46666669791	-1.32217861317
0.556112396019	-0.624617243799	-0.548262985932
-3.31991145849	1.39518806661	1.84735263565
-0.594951702624	-0.0248249942174	-0.803377987753
0.919768924116	2.1099883502	-1.91643854548
0.90025310407	0.107624412425	0.421854636649
-2.50533071202	-0.265008570148	1.0970897196
-0.236617532328	-0.79924338042	-0.552469150496
-1.50513796449	-3.07438338731	-0.445684062661
0.805320512403	-0.591756122765	-0.0358268540792
0.0624427722567	-1.32936250988	0.824275597253
-0.662495618399	0.683255676132	-0.307019928727
2.46220943624	0.462975644017	2.12352104445
-0.636794973626	0.745719392649	-0.195945780744
-0.145302209272	2.28977912392	0.950314075385
0.5670859945	0.640322525412	0.518073873393
-2.1651549699	3.15086937083	2.71250877811
-0.499491800856	0.800159671988	-0.332042828867
3.15608945522	-0.950007456736	2.84603781863
0.853953786209	-0.139663106182	0.501255571331
-1.54934116879	3.05486690536	-1.4229977917
-0.732644530484	0.411131881205	0.542404432327
2.07967175878	-0.176411954701	-0.213107954951
0.407381723008	-0.589227982959	-0.697746741918
-1.30674761424	0.229694728761	2.68299784381
-0.272148074675	0.870528201485	0.410019604251
-2.86802583735	2.18923029169	0.710053589575
0.0944802927257	-0.815559700532	-0.570907916529
-2.99964016954	0.912869259922	-2.99076724382
-0.450119472369	-0.0725867387646	-0.890013272907
-0.193207609842	-1.32090608746	-3.34528141168
-0.62615455857	0.723414565513	-0.290863946175
-0.677933994644	-1.30696221717	1.2275267266
0.772459265656	0.633693587954	-0.0417027515822
-0.20603096152	-3.39946662438	0.159915375281
-0.683787262087	0.470266876404	-0.557928351282
1.4183329924	-0.823097167277	-0.0456755442158
0.978246555268	0.0694555803816	-0.195472758871
0.894887021926	-2.70597893256	-0.722355766176
-0.384352075114	-0.428039474628	0.817958244971
-2.71807181365	-1.92078955659	-1.85630543353
0.511094671614	0.273220176247	0.814943539111
-3.0498867859	0.730157817673	-2.79237792694
0.884031973604	-0.460694536461	0.0790443781739
-3.27062429654	-1.78317360227	0.205894858959
-0.0268400833533	-0.951304452241	0.30708215362
-2.21674944222	0.257697195748	-1.12692226996
-0.152729669539	-0.153124993227	0.976333131924
1.76874751561	-2.6997551105	-0.165814988976
-0.811587714941	-0.354871274134	0.464103177915
-1.95929760205	-1.43538613169	1.1264865038
0.971075554841	0.17980089703	0.157111120604
3.34402110261	3.10843748573	1.64334833949
0.652381269875	0.438925511278	-0.617853602617
-1.3395111138	0.403421661568	-2.72099367277
0.473016509929	-0.794807069081	-0.380180357559
2.90239093655	1.7294350537	-2.53768445078
-0.681783320638	-0.568079787834	-0.460930426805
0.269101615016	-2.22635476039	0.342541863748
-0.647704732321	0.00401284582582	-0.761880880976
-2.82005044704	1.90209453173	-1.36138840996
0.268913276367	-0.929151844922	-0.253697652476
0.54580390418	2.19800364897	-1.97856432231
0.7665946754	0.636932117821	-0.0815480284021
0.0479412486086	1.88409614342	-2.76961553992
0.439915519329	0.453578058201	0.775075016351
2.71120786951	-0.0318624014344	-0.87070714548
-0.192602340128	-0.666078265327	-0.720585930362
0.541140398217	-1.76304781421	-0.0686865053711
0.535550511096	-0.607400779975	-0.586728167511
-1.76611278355	2.22597313069	1.21749272023
-0.458637697716	-0.875262738602	-0.153514170838
1.24474458944	2.44924273946	3.07490372574
0.4292712806	-0.249862289205	-0.867925690417
3.04930590733	-1.76584582406	-1.91003420385
0.798836796932	0.569867693582	0.192641074747
2.16066063741	0.308665313542	-2.29539261775
0.731117852975	-0.411500471217	-0.544181998277
-0.0128661746719	-2.61898639625	-0.90300100874
-0.310963978587	-0.655237381005	0.688451435146
3.23321043282	0.602267395419	-1.13403025541
0.277915594302	-0.919772914371	-0.277093320803
-1.73568242952	1.79183512745	1.39983245812
-0.0473695825824	-0.181898615117	0.982175654588
-1.55823332584	-1.04309357059	1.13444015205
0.121237514557	-0.815260196305	-0.566261668652
-1.86012244366	-0.709479359875	-0.871101856097
-0.271240889579	-0.920575884452	-0.281013203933
0.747218811846	-1.63592952938	2.41878609386
0.727268551802	0.176707049503	0.663215705646
-3.34359051198	-1.46133417477	1.38579305415
0.438985532741	-0.764935283372	-0.471344581275
-0.911660741729	0.301551577508	0.724738499022
-0.485400228952	-0.780730195189	-0.393506010187
-0.857617536509	2.96921923838	1.07067922652
0.921381039779	-0.276905639864	0.272727420968
-0.160059699357	0.466187952245	-1.17378349671
0.637027288135	-0.695301724281	0.332793849678
-1.09918154559	-1.1681726336	-2.68372610204
0.89541546716	-0.430052700978	-0.115264112158
2.78835107756	2.58691544606	1.58929345586
-0.826301390034	0.438835834308	0.353056827374
2.91420892863	1.29156011824	-1.81223476995
0.461450805585	0.627732201832	-0.626909432699
-2.83544771927	2.01344611476	-2.90659653276
-0.640383249548	0.591383746995	0.490076073165
-0.893676802932	2.76469986078	1.10812439609
0.337246867325	0.399303291699	0.852538228889
-1.15825920957	3.04649387209	-1.6345207172
0.461917421603	0.289000562662	0.838517125884
2.11041175701	-2.94510560232	-0.932689727317
0.583790447948	-0.811009424642	0.0381107074936
1.76389489566	-2.78714193369	1.09151250766
0.489436695652	-0.816855519528	-0.30528475423
0.299317962704	2.43886207126	0.331069463475
0.727248264374	0.0926719236752	0.68008960919
0.796345207085	1.89202081269	1.93068208065
0.827462668671	-0.349481255148	0.439509253891
0.284163438298	2.5339037369	-2.74151595211
-0.837801400179	0.505747587853	0.205689550631
1.27299513002	-2.79689766624	-2.63497174178
-0.63649808763	-0.518880771121	0.570642558704
2.29179422584	-2.55125937114	0.784873133264
0.958176079443	-0.286178227971	0.000789061993909
2.07432624689	-0.073961237203	1.74510838505
-0.813066910295	-0.46439933262	0.351077568701
3.28185721114	2.88876958936	2.55895742148
0.390921050744	-0.875877858521	-0.282875783759
1.48447308945	0.77773129848	1.29966022343
-0.278534590855	-0.408284037293	0.869323085273
1.41576899316	-1.16702508776	-1.34125558648
-0.583658585837	0.802120974256	-0.126271920227
-2.85332196972	1.93769934438	-1.71516653625
0.530823228168	0.741764765346	0.409892343584
0.863450251085	2.79334137724	-0.259424865234
-0.560338548017	0.717490041477	-0.413797960347
3.32416701727	-0.608823156422	0.908546920074
0.575851123579	-0.814570934981	0.0697830592361
0.379974667279	-3.06925122907	-3.19073273897
-0.955719195874	0.268439279913	-0.120586780525
-2.19531662927	2.58155152161	1.59465282852
0.43040662833	0.900994215723	-0.0544018154496
-1.49894972416	0.39341577686	-2.85704952032
-0.997008740895	-0.0766943064469	-0.00956838216918
1.76989523281	0.62267010496	-1.13690822044
0.923676195322	0.363725623949	-0.120523676833
0.0382210426489	2.01045308519	3.39270633897
0.582956838682	-0.364684587055	0.726062308758
-0.117298422509	-2.3738219614	2.10349553955
0.860581902808	-0.403365701466	-0.310958034854
1.06045295457	0.780131440489	1.74570505377
0.620556671102	-0.747417602599	0.237226358731
1.25436590025	-0.933884565431	-1.74672070128
0.119269542096	0.981502952404	-0.149755570011
1.06065100231	2.39753489078	-2.89313579998
0.38060448559	-0.414487664224	0.826643938921
0.549472749747	-2.28185789598	3.19939487704
-0.910401485812	-0.0224142768568	0.413118306088
-1.36750235866	-3.00904135988	-2.7403795999
0.858333277513	0.311156613898	-0.407977384596
-0.361057553665	-1.2609923383	-1.94462266901
0.200936602607	0.119026064181	-0.972346274626
-2.54565429897	-0.394356316089	2.75449312121
-0.982093271808	0.138362276635	0.127861979783
1.77898710798	-2.98348235427	0.515310316093
0.458604850925	-0.706070277587	-0.539579793743
0.452159364403	-2.86018807894	-2.609360871
0.252503414741	-0.455074358624	-0.853902426315
2.75486951064	-1.09456502646	2.13895862577
0.573914473245	-0.736039449194	-0.358982042212
0.373607178822	-1.33435378312	-2.18073471493
-0.151383573709	-0.633707597922	-0.758615643094
0.677308297375	-1.54101936734	-0.146495476489
0.611526590362	-0.58290669143	0.535028053812
0.0482879771662	1.09301503164	1.58062341806
0.834558462964	-0.479510396104	-0.27125993424
-0.968302448806	-0.61035604381	-3.22870959128
0.62889658228	-0.527259812599	0.571389690853
3.27844134255	-0.986793530981	-1.0275295152
-0.576689839024	0.815683097453	0.0457155782712
0.858371392071	-2.56800350895	-2.74728905868
-0.1959008055	0.869010693825	-0.454360306829
-2.16013120412	2.07512291352	2.92064561772
-0.77118392565	0.559753444498	-0.303234948829
0.0862891117037	-2.45898992259	-1.48125283286
-0.744983464819	0.306214706557	0.592648454511
-0.501879766406	1.0790302181	2.05144696436
0.0103965238474	-0.848319873461	-0.529382002511
-3.40454893553	-0.487158567241	-0.965933943154
0.627275151918	-0.757940053771	-0.179032842449
-2.91771733813	2.82996318731	0.564702224743
-0.855604075339	-0.382874176823	0.348351878113
-1.06823979395	1.86675197373	1.18519257556
-0.531471674604	-0.361337252148	0.766141794516
-1.00051693416	2.44349585309	2.14476020935
-0.65722430811	-0.590759342834	0.468038040852
-3.2065730717	-1.63262725971	-0.76226360515
-0.802742889982	-0.522514498913	-0.287371625267
2.36064550057	-1.22433360753	2.57632808827
0.574054231925	-0.483457556257	-0.66085590722
0.817707008517	3.03251956316	2.4870428912
0.0666250981328	0.39052120586	0.918179875663
-2.62359540005	3.06472075433	2.48017752513
0.579501807953	0.38551043055	0.718024625286
2.83803703731	-2.91038471168	1.30010298873
-0.549226790466	0.686157615327	0.477009077023
-2.84757087543	1.27163726399	-0.187838007722
0.816294902387	0.553306741643	-0.165874295746
-0.0462686563097	-0.499175878282	0.811584065237
0.298457207607	-0.611555157301	0.732750697581
-1.0984102257	1.64689340536	-0.772543771592
0.591986761393	-0.280181959924	-0.755678333465
-1.36635617363	-0.513756238288	0.0678792920039
0.274027146665	0.961703061868	-0.00602857236456
0.324013775766	-2.11414153889	-1.69321072472
0.754698000661	0.65559269259	-0.0250828471238
-1.7264673623	-2.44608787807	0.744317992244
0.750952206138	0.398443367229	-0.526605798684
1.16001418582	2.79279950447	0.970575352276
-0.556122346492	0.586510536629	-0.588840662789
2.68530619828	2.78938995372	-1.59038244833
-0.528666628516	-0.783093295126	-0.327530894759
-1.31542026736	1.79893281017	-2.52229543402
-0.574779539462	0.263021940963	0.774885759056
2.68535751	-0.82624496882	-1.14301372688
0.22476327803	-0.142879913639	0.963881112549
0.135566877035	1.51110781634	0.503802871106
0.876269225749	0.476614387121	0.0706467974866
-0.785163363394	0.360789840154	1.99219084883
0.716057301692	0.691668802997	0.0941074261321
-0.00492658461101	2.15710401667	-0.924209117008
-0.828705562746	0.307607481494	0.467573232342
-1.15292378137	0.917776534764	-1.84923679283
0.649870588221	-0.760019569312	-0.00620264677091
-0.866911122849	-3.01544747885	0.0372019384582
-0.589100210442	0.601743622208	-0.539319529768
0.2847569954	1.76893248197	3.30007975524
-0.307023879601	-0.91935881199	-0.245999414981
-2.99260844608	-0.896203423967	1.3133715517
0.254804189819	0.0381993012447	-0.9662378787
1.90692521654	1.48037010649	0.95471911335
0.63945857276	0.490846783442	0.59174502018
-3.00811352813	0.792916365192	-0.846984555835
-0.237539165692	0.677361520684	-0.696244579913
2.02142413989	1.86549017068	-1.11991658432
0.691810154704	-0.334510626743	-0.639922925393
0.909439206705	1.12134220733	0.691299959555
-0.710403797429	0.0329553155845	0.703022326653
-1.66368286131	-0.106166464407	2.46829838983
0.297062978656	-0.461392609723	-0.835984716609
-1.9177648574	-2.12160517695	-2.4231502972
-0.56666085426	-0.22609948532	-0.792322219168
0.311089033338	-0.85567797446	-2.00072513278
-0.463234965754	0.8609551934	0.210165462105
2.7851029855	1.20793393993	-0.867622184939
-0.752388395165	0.493108876869	0.43675546748
0.697091357059	-2.51478231476	2.80591534183
0.794247103863	0.606206279195	-0.0410546595349
-2.912989984	1.06534434309	-1.74550079
-0.949436687315	-0.104466421033	-0.296068815747
-0.23222368776	-3.20514830561	0.230155588977
0.61338666281	0.442249521288	0.654348655387
0.139886224925	3.09325123372	2.07189230685
-0.662181085998	-0.330248773278	-0.672645491396
-1.85007541512	-1.21751110995	-0.66942853091
-0.309173045747	-0.821310119536	0.479438958922
2.64073523736	-0.555954165129	-1.04587001117
0.543407080442	0.262187065208	-0.797475195704
1.63271537568	1.74330729822	-0.163100852342
0.56002743639	0.544850125475	-0.62410544883
-0.832948385656	3.19623549968	-1.42625265672
0.579389986282	-0.621095938958	0.527775594742
-2.07686948365	-3.30644303155	0.971104815592
0.831631540939	0.505628968913	-0.229626492181
1.28322515104	-3.16753710352	-2.82802018331
-0.711239508352	-0.643656210803	-0.2825686537
-3.27220793257	0.99245600852	-0.243099395455
0.413616405515	-0.655463594207	0.631893144256
-1.15087135857	-2.34963158607	0.44920256074
0.979966591001	0.163178804575	-0.114184754937
2.29552653824	2.91509193702	-1.03823613646
0.624054681808	-0.482237528993	-0.614819257785
2.08802979426	2.594075501	-1.31032275695
0.0107256699415	-0.857980802579	0.513569763917
-3.31381281546	-2.65125997714	0.827108463794
0.702023446462	-0.242765333883	-0.669498374368
2.70986861683	-0.145826345027	1.11728323697
0.423472272274	0.586941998759	0.690050958052
1.29478430425	-3.06820555265	-2.64128753647
-0.0671272117999	-0.0584015938049	0.99603372999
-1.60981910134	-2.34549033421	2.41175058533
0.606145505882	-0.093666354421	0.789819118373
0.739138929905	1.25435110273	1.20619274795
0.91166945703	-0.343309908152	-0.225825392911
1.45108780325	1.44416918306	-1.86588309083
-0.505975677134	0.659518366779	-0.555899395601
-0.671651259823	-1.23885770094	-0.0504130229323
0.702513668068	-0.687386339323	-0.184321910498
-0.83486102066	-2.40930384129	0.568225173503
0.643029047956	0.286956843861	0.710048880885
-0.215239872467	1.79152859381	-2.85861707484
0.763747870851	0.160867143847	-0.625148743741
-1.80162291795	0.394453059866	2.8163489751
-0.275771519938	0.626513782525	0.728992831993
-2.81773142302	1.44930652068	-1.39167502559
0.540650337607	-0.0797958014788	0.837454382347
-0.433498794144	2.39435478862	2.4415071388
-0.979794185573	-0.108029298513	-0.16832416517
1.93004021341	-3.39093638341	0.974261600512
-0.625117828594	0.490044965074	0.607522536684
2.24471104986	-1.25513819983	-0.68361814861
-0.74611043317	0.52597777371	-0.408248212583
-0.0761919568683	2.50994499542	-2.15178977481
0.12285962647	-0.385761795652	-0.914381402479
2.79819012985	2.14244839404	0.362684277728
-0.258354838986	0.673803269179	0.69227301812
1.02545652869	0.761855057374	-2.24931470242
-0.345623103648	0.672674690269	-0.654257924137
-2.79897873537	-0.62603749328	2.59875177176
-0.0848980008146	-0.98989894858	0.113544709511
-1.52366373278	-1.85836321946	-2.90980494882
-0.770717307675	0.597572852322	0.221136875755
1.2781154378	1.92437911266	-1.12866449476
0.73079734825	0.0793179083939	-0.677970430917
0.53334193001	1.35455410941	-1.97981480099
0.550902465452	-0.619916892876	-0.558757120301
-3.42186532308	-1.73976350771	-2.72201952611
0.813458886259	-0.458493639712	-0.357866207835
0.5998920499	0.124507491618	-3.40784926388
0.819092250237	0.519737113498	0.242819312358
3.24660876304	3.20679939198	1.49636124424
0.928284020976	-0.234086967699	-0.288949940222
1.53119142486	3.08214183308	-2.04043103494
-0.0346749766241	-0.985315840096	0.16718355557
-2.15344775749	3.07841935081	-0.927548347114
-0.853441811693	0.47619976456	-0.21182742572
1.0778168417	2.08796700749	-0.471101678805
0.179393060123	-0.668928967735	0.721354397023
-2.51753792127	3.16730055247	-1.45842522328
0.702253308523	-0.701745251323	0.11997455111
-2.30672409347	3.33564103822	-2.2973262844
0.965491889929	0.257569157205	-0.0385167462087
-0.469999997258	0.0832708360589	2.0993521633
0.853565093104	0.340693542467	0.394150405247
0.0318720079066	2.98814473876	3.02300355297
-0.521567105297	-0.177851842348	-0.834467780592
2.50967355551	-0.174541373294	-0.6593526336
0.246556203963	0.736946173149	0.629380946778
-0.875204426457	-2.00238674875	3.22466241661
-0.473436670708	-0.469880133663	0.74503045496
-0.843738798992	1.94979661673	-1.31599765766
0.936002998065	-0.0765105318642	0.343576084918
-1.35749432814	0.975045911729	0.22623129534
0.60834238882	-0.0850846813479	0.789100839541
-2.30194120177	-1.25740974871	-0.0395079615087
0.643920909044	0.759089039391	-0.0956540285177
3.19098403631	2.93611474768	-1.52995729376
-0.593007203439	0.198013419591	0.780469821537
0.595153562801	-2.92333384077	-1.87736991602
0.642603257122	-0.441404538698	0.626277164803
0.861992487637	0.959050220245	0.485123545077
-0.590219542807	-0.766565563505	-0.253018039154
0.0534591413993	2.69664983364	-1.85299716193
0.146561192241	0.988593652306	-0.0346757487038
-0.831129482606	3.09552895816	2.276120337
-0.470049288574	0.744171187465	0.474618699651
-3.11774944115	-2.63706781987	-0.804734872046
0.295330184872	-0.95064531378	0.0951502458814
-2.42709420218	-1.09560173927	0.637571385429
0.494090363873	0.628770830385	0.600434805108
0.0912144548404	2.96536988262	-1.42665641771
-0.842436351465	0.00831646446285	-0.538731686602
2.44084756596	1.58776604449	0.312493620264
0.654874782724	0.611418268357	-0.444192210728
-1.61503303597	-0.810166612282	-0.667119854251
0.933101533197	-0.30827133609	-0.18517643503
2.35084618828	-2.63739670983	-2.18719416276
-0.241359183709	0.856473809256	-0.456287583106
2.18164336733	-1.70693646941	2.28261522615
0.975918957652	0.135474118566	-0.170964766238
2.10420035445	-2.32512559648	-1.83559587913
0.892087739272	0.297450307615	0.340151113391
-1.90358874231	1.130229622	1.08359630796
0.197409928851	0.89723917794	0.394957184464
0.428335588422	-1.64991130089	-1.18332130238
0.0665405077125	-0.900359335714	-0.430029565758
-3.07031936833	-2.80801718112	-3.10166346794
0.980475779897	-0.0164071249108	0.195954207121
-0.198701136452	-2.00362475256	1.22932125874
-0.153063980121	0.123043626678	0.980526228065
0.272944262017	-2.95114168155	-0.769580647785
0.639767312357	0.260944943026	0.722914602666
1.47049741337	-1.60882186564	2.93041348573
0.882702403831	0.0426073701441	0.467996878495
-1.40887263822	1.3257525276	-1.13365655003
0.827080647282	0.561468196944	-0.0262881477232
-0.11331355133	-1.85464658662	0.129630710062
-0.662770235616	-0.0838428201015	-0.744114236054
2.12459202346	3.18210222372	3.37287363805
-0.851194800925	-0.0842620961446	0.518041803362
3.09787364125	-2.5448141879	2.21302496977
-0.957517968669	-0.031996061169	0.286593076934
-0.118892034782	-2.19095810814	1.29640977137
-0.547024133525	-0.542952146587	-0.637155839539
-0.126579941873	-1.9957068655	1.46992335193
-0.384974025268	0.395752817042	0.833771376141
-1.22339799738	2.50812499462	3.10867088593
-0.860686051248	0.0873531615924	0.501586429587
1.70811863666	1.9739170397	1.16453588056
0.750209382817	0.573465395976	0.329125084964
-1.91182708279	1.07774710881	2.0661750917
-0.0857470370283	0.356548367205	0.930333653849
0.751030636108	0.797135006631	1.5497359221
-0.609397957424	-0.260292959396	-0.748920359435
-0.404947667642	2.3322987894	-0.124498114525
0.343249434243	-0.71993453695	-0.603219767911
0.226901124509	2.87800691342	-0.968029633501
-0.562698426891	0.816764714267	0.127537766576
1.29468813074	-3.40620495178	-0.596132163372
0.283009926425	0.830601375141	0.479590176253
0.321095302707	-0.239912016645	-0.51313497483
0.992653816986	0.119948626518	-0.0158343493842
-2.0876803706	-2.23870182508	-0.149670440389
-0.77003459847	0.637214924871	-0.0316836973951
-1.06532376049	2.17577980853	-0.400582694875
0.686755447303	-0.079616036219	-0.722515219478
-2.44383236763	0.173448472316	-0.305174828042
-0.786155049843	0.480798475456	-0.388320825614
2.99460253376	1.67910419825	3.16418141677
0.106421804814	0.262258451306	-0.959111518114
-2.90036821171	-1.38760123216	3.13658439511
-0.751039564428	-0.359205639403	-0.553995380202
-1.21442337981	3.02621956925	2.70022668522
-0.515116698043	-0.171183071692	-0.839851857986
-1.6811983725	-1.50740480881	1.67891013745
-0.5215518907	-0.428498540704	0.737816119315
-0.885688468216	-3.04629200973	-0.477945504251
0.476499803889	-0.112383368095	0.871962106671
-1.62432626165	-0.102615705698	-0.63277921961
-0.846389400205	-0.11336723879	-0.520358388411
-0.0545552094546	-1.77301623387	-1.85622269812
-0.141391404389	-0.933260731864	0.330201267601
2.30243862488	0.425261986683	2.00436059301
0.500930674033	0.281092803248	0.818569053761
2.93534487386	3.12862808141	-1.57232542963
-0.591145550594	-0.268032720872	0.760726888282
-3.30151853075	1.59589804535	1.87205880332
-0.768445016794	-0.356574133579	-0.531363475812
3.15081158653	-0.601286550041	-3.2224031209
0.108353334971	-0.993710558197	0.028264488809
-2.32513359674	1.09201021262	2.85511336132
-0.991167843192	-0.108433805292	-0.0763440665195
-2.64194250441	-1.41718831981	0.572466384513
-0.388993517452	0.919313283381	0.0595577902525
2.57050526124	-3.35664578677	1.91210887429
-0.724990224859	-0.639232253177	-0.256459159239
-0.0188460824892	-0.807984528624	-0.264718946711
-0.92706983243	0.262175131892	0.267965904575
-0.523272647693	-1.12619466074	-0.459591423217
0.582650163671	-0.776915645722	0.238580942672
1.99272692163	2.92191263745	-1.22002286272
0.683191909283	0.720326271585	-0.119911957511
2.47029421085	0.824654717975	0.46787594014
-0.729421781074	0.68077041606	0.067048533996
-1.45112656749	-2.80723296716	-0.816092768968
-0.206660122817	-0.95322735884	0.220565627414
0.347447241996	-1.4895631509	1.37898711138
-0.746201514402	0.403060800408	0.529835154627
-2.04418799145	-1.96765960636	1.38883252464
0.627068499557	-0.752488357474	0.201361289054
0.300871003128	3.12116202629	-0.917954067276
-0.32788033928	0.92293192173	0.201720477309
-3.37808590868	-0.165783742007	2.03149516256
0.195989942147	0.17118139805	-0.965549000071
-1.75890000382	-0.140469846227	-1.16339700836
0.940757998382	0.323924065054	-0.100237660384
1.88901780848	2.48444610447	1.91845373384
0.397488261855	-0.653198490226	-0.644464750048
2.45823982584	-0.933662350171	2.84625425538
-0.713439413825	0.683365849081	0.154968768177
1.42309351007	0.811705577761	-0.472107196221
-0.409812574095	-0.670386684491	-0.618575256029
-0.752744152493	0.407105933355	1.15097395103
-0.235820561248	0.000600265189344	0.971796430624
-2.6548944055	1.28533922082	-0.59245560314
-0.97870448198	-0.121544002962	0.16542246612
3.00890313921	0.996429906548	-3.39897838852
-0.86515048876	0.104521869034	0.490499552183
-0.743272651496	1.18000157677	1.00466052506
-0.798373131918	-0.473035513255	0.372609373783
1.84402860801	3.005377189	1.54524901852
0.0358942627495	0.99394259245	-0.103873600181
-3.34334362679	0.47293261249	1.26951619881
-0.941574861003	-0.162867494203	-0.294806649281
2.39227078639	1.49016525074	3.25757827294
-0.351550601984	0.40951500433	0.84184893863
-1.98234922706	-3.16135584522	1.08555978981
-0.184312845712	0.804578185473	-0.564519900772
2.00271951256	-3.11214371672	2.68917391319
-0.413414762511	0.77120069495	-0.484084416446
-2.85685682081	-1.05653291504	-2.71062786068
-0.742039986159	0.670240487296	-0.0124236923188
-0.793423718899	-2.20217682132	-0.27557336529
-0.297694700354	-0.92552640406	0.234048586344
-1.88011397125	2.16365810919	-2.44059130793
-0.332664266478	0.695064597421	-0.637353662593
3.34421918648	0.147746873227	-0.6308148226
0.247884689936	-0.15592053591	0.956160011178
-0.398055707526	-1.36406276091	0.207256509804
0.00266055512688	0.860959759413	0.508666112609
-1.43463508467	0.210220304771	0.80843151225
0.810992631362	-0.475204783357	-0.341279014519
3.38940341684	-0.349625336753	2.98171918164
-0.184667084249	-0.671435567668	-0.717685409121
-0.893706927571	1.63290529577	-0.867360475005
-0.417900870516	0.659709668801	0.624613492739
1.4806168729	2.28072344792	-1.40201416168
0.305332490937	0.708936599202	-0.635752285321
-1.52524384254	0.949231500038	0.413789551777
0.542889380115	-0.63244726164	-0.552522924594
2.27779872411	-2.08460249084	0.357111876902
-0.853970123544	0.215428173294	-0.473630373018
-0.393787114176	0.0896790868221	-2.03734573179
0.273708089605	0.639747660883	0.718196917342
1.30339102383	0.686912640277	1.46661323029
0.937049560042	-0.254477987608	0.239121466724
-0.568345893864	0.819809345924	-0.949600822894
-0.751437881266	-0.564191673937	-0.34209481969
-0.13534356375	0.343201073533	-2.85576785808
0.129886158901	-0.851946301866	0.507264314202
-2.94866851105	-1.37838182802	0.198387432017
-0.993756440812	0.0443333702906	-0.102385001949
0.990225690453	-1.59604949782	-0.666868357674
-0.134526925931	0.243608600173	-0.960498493555
2.4748768654	-0.236371099489	0.196906145385
0.631010049345	0.100524260446	0.769234158555
-1.97581528178	2.26924185659	1.20229602871
0.125647807897	-0.984081517891	-0.125682912586
2.61050528967	1.0838175895	3.36014580134
0.660603004038	-0.264787593196	0.702489289274
-1.30331911847	-0.664360152471	1.3406149739
0.255668321575	-0.944508413029	0.206246374659
-1.97594226965	1.28974415241	0.327256860945
-0.0931363825117	-0.825853298195	-0.55614021983
0.974295203025	-2.67889443752	-1.84890757792
0.606803888229	-0.518921295908	0.602087809113
-1.32479459364	-1.32209450083	2.52359608288
0.617291392468	0.561877566657	0.550676798923
-2.09428396428	2.8792661942	-1.57899211554
-0.259966506328	0.0956284494533	-0.960870758866
-1.1412912542	0.671271774796	0.610262087289
-0.34241933332	0.547242644827	0.763724091444
2.79839315247	0.0144980346508	2.1441525698
-0.0955555962887	0.995057010191	0.0270309912421
2.16941973409	-3.42242991326	1.67855475883
0.551070102725	0.563951170318	0.615045379935
-2.21356831188	0.610807632319	2.68119642423
-0.536781732806	0.787488802921	0.302864254411
-1.38384649655	-3.21165312561	-0.341852971585
0.599833554927	0.52834816841	0.60087263153
-2.51627991913	2.62193351872	1.83424667311
0.14242433231	0.860580164901	-0.488996001358
-2.65219635528	-1.13476176973	2.50100952291
0.0659803909177	0.758684661635	-0.648108148547
-0.66755928839	1.42497706081	0.823109457378
0.373389531738	0.923513338949	0.0877688462413
2.98532859349	-1.02714210223	0.858863713537
0.689953310668	0.287127330547	-0.664471463008
-1.80224558892	0.00966041095493	-2.76453183338
0.138941468585	0.918899082174	0.369215039085
-2.89739057064	1.14030123856	-2.17087034637
0.606412803843	0.631573503397	-0.483092559602
2.09101033987	-3.33982351665	-2.1803477896
0.738172756014	-0.440237173704	-0.511167500108
-1.22383261011	2.98900218143	-2.87838242656
0.724025327874	0.611891476614	-0.318396208276
-2.51169764434	2.15692593836	1.54674233576
0.225761509643	0.763708213374	-0.604798731471
0.622967048667	0.204182431783	-0.63098355661
0.758003678399	0.434819590779	-0.486171108776
0.374547576987	1.16866169247	0.512826350739
-0.0462192858122	0.735125076391	0.676354122986
1.80990451216	1.39384436194	-0.587243414023
-0.485479568026	-0.30381476109	-0.819759830665
-1.13525550329	-2.83701248973	1.94704917311
0.771787581952	0.256152029111	-0.582005211598
0.401457313578	1.01905748133	1.48080392101
0.656043018875	0.381067878051	0.651455930745
-3.3941654332	-2.49888184377	1.25016761035
-0.155102163725	0.635756356266	-0.756146265133
1.92456506306	-3.17024102052	-0.701640044533
0.314321851978	-0.948362588901	-0.0425461319232
-1.81357992236	0.436723940301	-2.39287323238
0.445775585456	0.197400145463	0.873107845562
-2.15503467574	2.75140122264	-0.191181674611
-0.43971341528	-0.549002488534	-0.710808258257
0.800948153384	1.5245822569	-0.958351102529
0.408358655736	-0.624468422907	0.665794560715
-0.105813206938	-2.76761039429	-0.021851238781
0.604379567227	0.155427553281	-0.781388260981
-0.247409080467	1.89988005399	-0.636437143699
-0.533097330554	0.805991415679	-0.257264599213
1.35605821947	2.84405138944	2.4527477207
-0.596645228093	0.156437516539	-0.787109760588
-2.6303451523	-2.21641011315	-3.40153791034
-0.633063967386	-0.619087206288	0.464716089896
1.08299741225	2.83494081072	-1.31345642628
-0.388991379107	-0.403560945744	-0.8281450779
1.35886139813	-0.6304067282	1.33288028493
0.00258651629583	0.999846222003	0.0173448055823
-1.87472694964	1.9861099714	-2.74307352255
0.556004754716	-0.662395172259	0.502086992962
0.0283982057179	1.93427658228	0.766960042608
-0.164973574953	0.559273988344	-0.81240157898
0.399161394756	0.276427010713	0.328868209401
0.559851867614	-0.172683021788	-0.810398951329
-2.53544622262	0.498521069543	-1.35280825668
0.692903421919	0.620361951743	-0.367472307423
-2.03451137967	2.14871080606	0.185252636007
0.84412349934	0.192423691813	-0.500428457116
-2.31155867505	3.32676263521	-0.4793937274
-0.830639195052	-0.403332257939	-0.383877086252
0.361008676229	2.97845831507	3.03016444733
0.352701461296	0.362011390671	0.862872778702
2.5051293852	3.3568775243	-0.461199323242
0.5889040567	0.417538973271	-0.69199220935
2.66469940567	1.97789443853	-2.03766249393
-0.429044388185	-0.349711228239	-0.832840302705
3.42281224798	2.03019919884	2.87381750576
-0.37431900238	0.531620615177	0.759779445613
3.3901030584	-0.0716822386674	1.71474518914
0.704107932854	0.707964608794	-0.0549375244002
-1.0989969756	1.54089526383	0.176603677821
0.348624109228	-0.742771547728	0.571621954049
-2.39959916326	-0.778783679921	2.22259788159
-0.652085137732	0.24948887972	-0.715919179828
3.08695692831	1.56125993102	-2.21880684339
0.775290952094	-0.270205663216	-0.570887764071
1.37373207789	1.1588947136	-1.1863543695
-0.445037639004	-0.581370528705	0.681138611608
-1.52038188128	3.06244343404	1.05107249894
-0.58178429175	0.665423796279	0.467694568301
-0.477864694089	-0.417881115198	3.18887999328
0.63719018612	0.377205238353	0.672089930642
2.88356341897	-2.26668224552	0.599065783176
0.454873418497	0.785271758292	0.420045757952
3.06847248954	2.49202312411	3.34565473061
0.135098652796	-0.793761163627	-0.593035891941
0.754730512523	1.43479636106	2.75712695655
0.485300895856	0.871574297497	-0.0695793390546
-1.37664431656	-0.298147334651	-0.745961674666
0.391277446812	0.396243598364	0.830597959528
-1.67780319191	-3.24915466741	-0.186349103648
0.755659954635	-0.5095831788	0.41146447823
-0.712288630714	2.79287660072	2.653781692
0.71880557341	0.324117483727	0.615033661174
-0.495641962487	-0.712569036596	-2.32356362294
0.669033308794	0.274798963936	-0.690564957947
1.4178926657	3.05415586217	-2.2042524143
-0.758453813005	0.0421309457636	-0.65036358827
-1.20886214085	-1.49452720137	0.664976764812
-0.926840698912	0.273182994664	0.257560420613
-3.04864468791	-0.69858186409	2.2704074141
-0.93663496824	-0.210368619177	0.280107087264
-0.523912441673	-2.08478798284	0.73072817025
0.720879573571	-0.508306832282	0.471122918848
-1.63458555233	0.447604429632	1.1878400891
-0.219344055102	-0.871926685975	-0.437757969404
2.99715775506	-2.83165540423	1.94951341939
-0.736384974555	0.622701073284	0.264538357484
2.86635328431	-0.345458693791	0.65724011218
-0.472886534889	0.881009653459	0.0141532905502
-0.626060023109	1.3574291738	-0.610350220264
-0.790021283278	-0.580655870868	-0.196736197976
1.61556515134	2.91802301458	-1.75466876977
0.65559765043	-0.688018269695	-0.311163271155
1.96850385263	0.555389189515	-2.89487447589
0.94687601196	-0.321554099039	0.00536464026306
1.01038962388	-0.244496446812	1.75556933461
-0.283110042182	0.88361527683	0.372924585631
-3.18215177178	1.65713506706	-0.864296063152
0.223550551791	0.687020517287	0.691395660689
-0.44101317649	2.22976881662	-0.299839964399
-0.180244786267	0.98294042163	-0.0366052530168
-0.611455439294	-2.85923770688	-0.847497149967
-0.349717547554	-0.584260811611	0.732350285689
-2.39322662804	1.11901322841	1.47227434226
0.914072471972	0.34921904602	0.206197899795
2.55595236542	-2.51221727296	2.13785801762
0.157026622976	-0.91054081087	-0.382437016274
-2.67771213545	1.96741827567	1.49996781912
0.33549555724	-0.461434499949	0.821292233817
-1.74970736516	2.15540552674	2.82922302393
0.925132580499	0.193813755885	0.326444385048
0.522081893809	-2.93592974319	-1.2371374995
-0.3147677342	0.909879360806	0.270260656191
2.42539427605	2.33469386471	1.8582264916
0.345714387177	0.0208241415478	-0.938108691798
-1.79177900675	2.52049879687	-3.03127403957
0.266912116545	-0.763841235062	0.58762614787
-2.55137237566	-1.84700575025	-2.0773902484
-0.2038934048	0.582253170055	0.787025238122
3.08644409204	3.33977084453	-1.23700170843
-0.660171873372	0.571091266116	0.487880993045
3.40819801694	2.46046674037	2.17868938106
0.269588238594	0.658251426092	0.702870714754
-0.597751353949	1.831514292	3.09427657665
0.73576284704	-0.295128322306	-0.609550905412
-2.58402918081	-2.64257137096	2.64605375483
-0.488890143436	-0.758035385381	-0.431704507923
1.91686411521	1.9995861363	2.16543007949
-0.427990843166	-0.33929675645	0.837676279495
-1.50354594044	1.42032640169	-3.32135569216
-0.629890069395	0.414969367385	-0.656535547103
0.0764251139094	-2.21020287228	0.600359601223
0.657854298732	-0.732044605404	0.177026600651
1.76638628694	0.570905109396	-1.59248874928
0.750990145444	0.48390269433	0.449279405121
-0.52544150934	-2.3583909838	0.46161687874
0.0403774405783	-0.311901428037	-0.94925610953
-0.438583942731	2.67353786781	1.6049896179
-0.501525929048	-0.383601985554	-0.77544906936
-2.96307372116	1.02488883211	2.02429115366
-0.655007001749	-0.682215587069	-0.324881086583
1.8393556814	-2.34282487031	-1.72413240351
-0.580819804662	0.517269989818	0.628553985069
1.12477662887	-2.76375927396	2.26700834131
-0.420488658595	-0.644189850034	-0.638912141931
-0.0424171894001	-1.6495209467	-3.24625987024
0.909664867092	-0.315235989955	-0.270436869188
0.234026002903	2.59582899599	-0.612023004939
-0.94812652992	-0.254992068582	-0.189829208031
-2.01172258557	-1.72204936691	1.86574591197
-0.982249231065	-0.175993442404	0.0649057493857
-2.64794292149	0.117626607524	2.58457406391
-0.342509904628	-0.772573770786	-0.534618306762
-1.84920143463	-1.76443048183	0.215650276113
-0.65713984258	-0.373910264819	0.654490902272
-2.78393594336	-2.93158155152	-1.91245809975
-0.579512169907	0.756926392077	-0.302039868075
2.66279909426	-1.40349877724	1.04734713438
0.57790710202	-0.217413577883	0.786609634817
-0.61991549495	-1.59519005342	0.85179949628
0.568718080391	-0.518559500762	0.638479278603
-2.60096538007	2.24588284878	1.71575509924
0.50801303591	0.502755361769	-0.699399600771
-2.31114541043	1.21928196233	-3.39222058707
-0.715624381499	0.220849458725	-0.662651689189
2.65849269205	-1.24817663114	-1.54140998188
0.935042821758	0.235905550164	-0.264657312164
-2.22394463863	0.133227889548	-0.514947781367
-0.450266712133	0.37686758617	0.809463223648
-2.60877496718	-2.4991810639	2.82756603003
-0.149952926621	0.664588794214	-0.732008097225
1.90403501198	-1.67735036277	2.53761109772
-0.774030011694	-0.615806087772	-0.147174737165
-0.790110845345	-1.41452506267	-3.24901100929
-0.182625097095	-0.175818648486	0.967334418263
1.60066014871	1.79163507083	0.968487917533
-0.392668835067	0.69696070286	-0.600047468652
1.82982114346	0.72749340431	0.350524598579
0.544477751916	-0.685086896469	-0.483942064667
2.73966925289	-2.81681521628	-0.592858527169
0.732847173138	0.67011071007	-0.117841661026
2.08299761548	-0.782055772801	1.55107095371
-0.189158322305	0.942285168086	-0.276256748529
-2.96743301336	-1.86336981714	-1.77321233925
-0.621110138166	-0.742924232836	-0.249571193314
-0.10227801746	-3.16507151764	0.958246344596
-0.889398518687	-0.435757564918	0.138150713262
0.0852046574609	1.64659661824	-2.11712537974
0.443801670494	-0.796775177423	0.410109002473
2.52825071289	-2.59384513223	-0.224067850137
0.748128810847	0.551601322893	0.368835007779
2.07166795882	0.599159685297	2.14386935418
0.76395904041	0.191998342255	-0.616038327661
-0.239679138381	1.98837990496	-2.65761837031
0.660305624452	-0.733491396341	-0.161204385209
1.6288993629	0.477169418425	-1.06713494982
-0.545965967594	0.651255146149	-0.527055876396
3.06264524798	-2.73098523076	2.13020387783
-0.728563893893	0.00229377780814	0.684974007609
-3.34890510311	-2.01005074087	-0.195150952464
-0.359318931631	-0.333610684148	0.871546795527
0.977462278713	-1.88277292341	-2.7328708013
-0.0883459942294	-0.611925838167	0.785965491537
-0.716724292396	-2.05962434265	1.04306261946
-0.719360318169	0.0198676987786	-0.69435294137
1.93472708255	-1.53887902332	3.18083460237
-0.798554016713	0.0175307779907	0.601667810519
1.31531851531	2.92143032911	-0.369182916294
0.12473209168	-0.594071821874	0.794682688726
0.104241030214	0.872560452508	0.999062828486
-0.710451880822	0.368011977853	0.599854406663
2.3193194583	2.21488701887	-2.12082068713
0.0719719668039	0.700658830073	-0.70985719679
3.09139277856	-2.61125073733	-3.0064717442
0.932831773974	-0.0834024906167	0.350526612434
0.617577591671	-0.7482671846	3.01771369358
-0.656817826506	0.297579760768	-0.692846757058
-1.81360745156	-2.46357666101	-2.64519168166
-0.535732024829	0.225178634762	0.813809424878
-3.14469187748	-2.90912881015	0.0746639425725
0.465486680149	-0.825658130808	-0.31876449243
-2.89880308078	0.904132974714	2.86301664816
0.61742241735	-0.482297324261	0.621432900291
-2.3325423327	-0.966383290531	3.39904719364
0.300670834903	0.388689502059	-0.87092911309
-2.64814815253	-1.09075004015	3.27832108196
0.744134875422	0.378185210662	0.550671620494
-3.03429361176	3.22833028457	-0.874190157982
0.759605288836	0.241535046167	-0.603871365976
0.798601777509	-3.14835427039	0.208564784673
-0.714272798993	-0.697384335077	0.0589021036014
1.54372403494	0.519939195079	2.68723699676
-0.070329219177	-0.900171603461	0.429819596172
-0.407693230805	-1.39743516991	-3.01719765863
0.77105805698	-0.515318324001	-0.374054137412
0.84184977792	-2.96616935581	-1.69021324656
-0.253574672331	-0.900581563635	-0.353061939033
3.35773201505	-2.60857190166	2.83653332874
-0.896254588905	0.43656263553	-0.0783631107455
-0.97280179779	-1.37217887897	-1.67086192442
0.749705774182	-0.400114280456	-0.527114612521
-0.261309931163	1.54346672193	-0.787055336678
-0.638791847877	-0.0690654448875	0.766273410349
0.381259809436	-2.68094290589	-0.187280883941
0.797857830656	-0.156347231132	-0.582218537474
-2.63204671943	2.68842345967	0.429739086783
-0.773135601205	0.583243797708	-0.24917466682
-1.1483815313	-1.4597421584	-0.208115186248
-0.687512107615	0.722911654646	0.0687447558698
2.27652069511	-0.482288855499	-1.29559493231
0.739410138428	0.507365340097	0.442552888205
1.26775017436	0.402994747332	-3.37039857988
-0.534466633994	-0.782351178096	0.319800017635
3.17151422002	3.40907421177	-1.99012270265
0.431002775953	0.550074411994	0.715300460219
1.29287737449	2.84141302547	-2.7505403827
-0.281188889258	-0.693533640485	-0.663282668305
-0.0547609027891	3.0862510039	-0.185693562937
0.639544330319	0.292033494883	0.711125507504
-1.30681918245	1.40923808244	1.57190762805
0.130585715337	0.975749968413	0.175668352562
-1.43827854153	-0.440316951544	-2.81532128422
0.181589165513	-0.632655069785	0.752843235769
-2.66027103125	-1.18437050456	1.19636547133
0.607613733582	0.288146185008	0.740119805726
-1.66156170251	-1.31137550841	-1.57669220936
0.224730259943	-0.62685756128	0.746020045395
1.23510033229	3.11452180792	0.465263186828
-0.188488090448	0.700362701208	-0.688450671084
1.3518059292	-1.08884421565	2.53773573159
-0.525590101171	0.775939026337	-0.348817535337
-2.20490616879	2.11557432505	1.38078020311
0.651720092243	0.235662432132	0.72091895484
0.883244649829	0.986575182004	-2.21475332743
0.081895079348	0.0774331782616	-0.993628350483
-1.73079334873	1.20834440548	-2.72221645869
0.940886657307	0.16813817421	-0.294043963508
-1.42685777741	3.0733863186	-2.17319896667
0.321299742238	0.873506218481	0.365723067243
2.46364822897	-3.31099914859	-0.110734595431
-0.554647714609	-0.674545648339	-0.487189984489
-0.704327776989	-3.37483497102	-1.06899629608
-0.83267016593	0.391542932801	0.391605064502
-1.43390745959	-2.18201988047	0.531384287537
0.197385794275	0.426268377903	0.882799024817
2.04506780862	3.21737763774	1.28773118234
0.133667338541	-0.793745628708	-0.593380922776
-1.44912460726	-0.693712704581	1.84321384272
-0.606897977476	-0.202200635588	0.768628484967
2.75888569093	-1.02642594623	0.527016400794
-0.763028143114	0.465198220939	0.448752346011
2.65671621596	-0.674578839437	0.677004287925
-0.570848480971	0.504417534564	-0.64783868563
0.0970534677118	2.46112597298	-2.72508800965
-0.725470352671	0.641283601352	0.249896198516
-0.852173000474	0.976825583137	-1.57016485522
0.994537040072	0.093219231627	0.0469707438762
-0.244800465578	1.87052745022	-1.9005118627
-0.603940338397	0.650664724955	-0.460316720699
-2.48389429705	-2.12708109979	-1.72971293018
-0.568713645009	-0.570212691969	-0.592808802142
0.954981791164	2.06030794605	1.12001428606
-0.708647153895	-0.655619959887	-0.260732965836
2.04899767892	-0.388674933844	2.28129618936
0.0112069821871	0.760780867562	-0.648912070393
-1.16842709819	0.564099110639	-1.681899408
0.00531166523299	-0.960363835039	-0.27869892458
-0.299895587481	-2.94564416008	0.06881990594
0.581705400464	-0.0751855939388	-0.809917251042
1.10602020362	1.00870102238	-2.69969223578
-0.710928295927	0.680812183314	-0.176283093635
-2.31260247992	1.64668096974	0.164947630976
-0.707392511701	0.296419685299	0.641662843366
2.12827719254	1.06779740915	2.18508029051
0.144005466881	-0.808104134768	0.57116559147
-3.23250428608	-2.40382242998	0.198620114573
-0.231914294019	0.816457268073	0.528784729017
1.12914686232	2.9254615596	0.456126555217
-0.906823894059	-0.125823702079	0.402291960097
-2.70734550014	0.666239447306	1.27125900267
0.359742122648	-0.544805304906	0.757477910529
1.29585934766	2.89703362017	1.48339133096
-0.509345779267	-0.668824468387	-0.541517042787
1.98950315869	1.87144794124	-0.921922371517
0.511439792325	0.0475487369033	0.858002596992
-1.16132097581	-1.11333472416	-0.122416531702
-0.920036786862	-0.281260617781	0.272809046231
-0.4928315909	-0.75060664645	-0.290970402479
0.475251947649	-0.625429118985	-0.618848934217
2.19099163104	0.0653404336359	-1.02018459283
-0.718222241401	0.340551543157	-0.606779579758
-2.90291954438	0.109608710507	2.41479049831
0.633970499198	-0.220977563347	-0.741114243989
-1.53531656228	1.17326105296	-2.43662485646
0.306344239813	-0.62588923431	0.717227908762
2.78652424405	-0.618418749972	0.168488404374
0.934747268863	0.0725531315482	-0.347826949008
-2.4354681896	-1.74564965625	0.876169375305
-0.84000348136	0.542274975464	0.0182209299762
-2.38272392895	-2.36686610694	-0.538115965831
-0.345932781001	0.808267409236	0.476481170872
0.364114128448	-2.56212756517	2.26415171994
-0.621442551169	-0.456299391991	0.63686734919
-3.05968237307	1.01661944057	-2.15685830119
0.0651711910455	-0.87688611837	-0.476259856872
0.00438788503612	-1.42711661685	1.75981996803
0.454889568194	0.464371236183	-0.759891331543
-0.760471618748	1.62152458941	1.47319112549
-0.128175418134	0.465291260413	0.875828239537
0.469053781941	1.14220756393	3.31814798463
0.583598009234	0.792624384257	-0.176521809133
0.110057872506	2.87017451841	0.360868754021
0.267319784231	0.439407468607	-0.857590350628
2.75376879769	-1.53367644841	-1.24046868723
0.111160826633	-0.462722905809	-0.879505988076
1.22719340538	0.343524562952	-1.33164940179
0.14304013765	-0.953571568558	-0.26502977693
-3.38412588493	-2.04594973512	0.426184071257
0.657362550744	-0.738251097902	0.151194554553
-1.3043492514	-0.631838388103	0.234840619377
0.635642879465	0.591506916796	-0.496062190828
3.15012195122	-0.0290948995502	-1.79324691083
-0.7968349904	0.3894477793	0.461935520687
-0.556429275217	2.35756403794	-1.18575014734
-0.046422215155	0.554367220736	-0.830976511409
0.750154402854	-2.63423337985	-2.45292434506
0.646696387676	-0.668905830445	0.366536181247
3.39399049646	1.69223755358	3.0829328232
0.280068299936	-0.9357563798	-0.21429359541
-3.25182541019	1.17887894785	-2.61624725358
0.677489661906	-0.169563503649	-0.715720599285
-1.49207704149	-3.15471635829	1.79415118391
0.3190343857	0.839580690831	-0.439683209056
2.86157699643	-0.295375719641	-1.56038435433
0.632805403512	0.420245059774	-0.650347146547
2.7372096386	2.68479538075	-1.10997270192
0.544875438527	0.835874737632	0.066514505774
-1.300177292	-3.22960095316	-2.73975419601
0.458921213089	0.778876283732	-0.427484566758
1.3762105582	-2.37858434119	-2.3624755053
-0.703655536356	0.675130052262	0.221513653504
-1.81917260116	1.39946412208	1.63692500502
0.921547202421	0.388266343713	7.05103192572e-06
-2.81017943641	0.782763212582	2.99739513728
0.0664951055351	0.693618510176	0.717266870336
-1.94466371821	-1.89586722169	3.22160388162
-0.641657087686	-0.188679689678	0.743421923625
2.51098016274	3.1388029184	1.49745421408
-0.0416240772974	-0.293150420297	-0.955159812423
-3.30259288445	2.91086896171	2.37260274099
-0.261780920158	-0.297072943216	0.918269250411
0.234176648246	-2.01602950443	2.1409753213
0.578623171121	0.654435281349	-0.486733693479
-2.00332888922	-1.9131029018	-2.02320963949
0.179920391214	-0.847095298897	-0.500058204024
1.45240564448	2.6485873012	-2.80114053784
-0.770757151224	-0.0294282053014	-0.63644905104
-2.65478072828	-1.62062862355	0.568758991654
-0.449612834598	-0.538890757298	-0.712351774521
2.88574198244	0.833279248158	1.60957360632
0.568845613202	0.52712944033	-0.631307549042
3.11476697668	-0.481792803525	3.15644456697
0.481017403119	0.853530464577	0.200269827822
1.79137379439	2.11978534529	-1.1554742427
-0.614839697702	-0.616816950983	0.491435646967
-0.353041847268	-1.60719918043	2.92140440737
0.504343316132	0.731787795208	0.458393327021
2.58976846848	0.522056202895	0.520421190053
-0.925652013089	0.349428307134	-0.145148919519
-2.13380190834	3.08888963976	-3.07384164576
-0.193239382374	-0.739059648835	0.645328890228
1.76387827103	0.618897537064	2.55327474457
-0.904377752715	0.370938924229	-0.210962543797
-2.92911342381	-0.857401852302	0.602236043213
0.658536817891	0.641164153665	-0.394002268442
-3.09140410317	0.0898632242867	2.65430481855
0.372410216252	0.710176715043	-0.59746101483
-1.50832453437	0.817968677766	0.570922649206
-0.195760524588	0.487025704255	-0.851166129735
0.3363423398	0.418519294114	-3.26515548128
-0.63909903432	0.619638569819	-0.455631942607
2.96074974749	-0.135288833751	-2.45187854195
-0.270088858501	-0.944611777342	0.186441944372
1.12656908296	0.808924604551	1.94483415338
0.587827670422	0.706693081564	-0.393755658189
-0.886334049647	-1.19095171728	2.13945536779
0.897622137395	-0.28558282412	0.335733449369
-1.10691524502	1.15328204368	1.84477351059
-0.602744580957	0.481491409671	-0.636290022348
-0.407325890316	1.79059868526	-2.94380037425
-0.5449713581	0.814523487848	0.198891192854
-3.09134781377	0.0487241859568	2.94116992052
-0.657663299615	0.633211212272	-0.408071740007
-1.4057555816	-0.00166792430554	3.15906036352
0.759413029163	0.381037393401	-0.527354108704
1.76155783922	2.91442510414	-1.94814735777
-0.312866803219	0.765683756387	-0.561998886697
0.740162713912	1.78152105471	1.35809610939
0.000747122883153	-0.815439568636	0.578841732869
2.01930569826	2.20360927694	3.23748996811
-0.782880860563	-0.560276850836	0.270531714558
2.11963074372	-2.30235507074	-1.35701108906
0.292264051211	-0.342957979176	0.892727029326
-0.910515551728	1.48850085148	-2.3311009652
-0.719248667044	0.650015792576	0.245277035935
1.2886522755	2.83050662001	-2.36716109284
-0.580107171946	-0.813633708919	-0.038416881278
1.73827191847	1.84903860367	-2.78095855744
0.790321804986	0.575359673884	0.210600784024
-0.671660575146	-1.74085264879	2.16910028757
0.231450298985	-0.651347352873	-0.722618422825
-1.66808399446	-0.947358549779	-2.80088243395
0.38738344972	0.663408983059	0.640173870194
2.65140216288	1.11454577071	-1.27630658831
0.558213397809	-0.210444057586	-0.80256532515
0.310018354721	2.99069615244	1.79861929171
-0.612772939756	-0.558076658337	0.559517441839
0.59664673112	-2.30092531832	1.63282965953
-0.510094469328	0.429515946323	-0.745197748396
-0.00503863358518	-3.05205530831	2.75155115148
0.872088535275	0.316083681989	-0.373567520835
-3.14910098416	-2.19045874747	0.538176045206
0.173217287099	0.433023080198	-0.88458283019
1.02050891583	-2.41195074054	1.84265226625
0.311851178685	-0.226362762591	-0.922772313231
-1.94493376946	3.01439890752	1.5744466674
-0.389181636518	0.740493569622	-0.547911422719
-2.56676049434	-3.41207339428	-2.45564348866
0.343994166212	0.659577917152	0.66830007094
-0.852670007456	2.17709197297	0.128833355188
0.603327359308	0.532827690464	0.593372353405
-1.56499780102	-1.97700013872	-0.414100682084
0.174726710842	-0.968620092042	0.176764515134
2.93890043348	1.93420238541	2.54333250444
-0.426664203106	0.707610888888	0.563244607356
2.4502047903	0.188353422036	1.53554751514
-0.106384495281	-0.567707830018	-0.816327237632
0.996509217744	-2.83517275956	2.54323118221
-0.467811866882	0.61805566517	-0.631790512715
0.394780331693	1.34763329775	-2.29492775572
0.616361779109	-0.749817969031	-0.240564275344
3.04202960491	3.41842203683	0.900110857124
-0.774015529109	0.363961919479	-0.5181039296
-2.93989294496	-1.4209615242	-1.96291818973
-0.66713771188	0.64833619685	0.366861621379
1.48578485385	1.30241802458	-2.42294774288
0.675020031335	-0.707830969485	0.208142441455
-3.33532803154	3.41372830517	-2.44718998421
-0.125978767272	0.944483284309	-0.303447978831
0.94457711232	2.30886469425	-2.73499751372
0.645925074212	0.466871556706	-0.603996480158
-1.88826345267	0.383986969488	-1.97954961486
-0.550938759004	-0.583279819383	-0.596867771058
-0.230136627041	1.87263553044	0.764647670116
-0.734339157123	-0.0781896138349	0.674264329921
1.22066039602	1.9773666488	-1.94061807109
-0.641109269934	-0.323826609411	-0.695783896797
-2.7411190578	1.79690657072	2.49303545201
0.605875610846	-0.14459277898	0.782309192359
-0.883305045334	2.3335408287	3.22306350744
0.635585865265	0.382663854817	0.670521425528
-3.05104613967	2.45484798402	2.69660425594
0.449235133782	-0.536334856693	0.714515721361
1.62946828494	-2.2453234828	-0.484170821933
0.739305606377	-0.398112928827	0.543077633751
-1.52912651053	-0.33855310241	-2.07169476028
-0.505736895247	0.392681175751	0.768135200988
-0.320729882897	-1.70043177109	3.09801576101
-0.477953100853	-0.601350848951	0.640264000121
0.165284016933	-2.01775726755	1.84033004837
0.32539498279	-0.37764485605	-0.866892420012
-2.24601866778	-1.36732097495	1.90609358344
-0.768833553331	-0.622824806613	-0.144859337085
-0.465542873638	1.45553346448	3.35620131365
-0.174514611696	-0.628214865837	-0.758215492222
2.91728750576	2.7679059211	2.01979060346
0.315461029146	-0.718508125048	-0.619863221469
1.52179166424	2.36509958623	0.918233826191
0.638096392507	0.158344473498	0.753498521287
1.30368590466	2.20793545823	-2.8122007842
-0.744210287344	0.554801734458	0.371949033679
-2.15543820043	0.327664073307	-1.93171032892
-0.814047300696	0.173733513016	0.554205430039
-1.37763811172	-0.135744869449	1.18343038999
-0.667215819793	0.279479206744	0.690445090369
-0.022912940261	3.15314805623	-1.59897164334
0.467809595152	0.835655053939	-0.287810377698
2.7642275626	-0.572858313446	-2.08783698791
-0.65274199735	-0.188844071831	-0.733666001277
2.95426430195	1.39063807234	-3.07311769372
-0.389273022962	0.577165758395	-0.717876173814
2.74815645248	-2.74981096631	2.24903616647
-0.628846609638	0.501512782949	0.594169058505
1.12479643329	1.69463088466	-2.74899479834
0.856112818922	-0.484856825579	-0.178842668195
-2.56321276103	1.15172038965	-1.19361537773
0.825957753226	0.562491717489	0.0373745587533
0.084595201246	1.97244157879	-0.877905439453
0.616244508146	0.786463663063	0.0414440932062
-1.15275058812	2.80324924364	-2.81850946324
0.702641940897	0.259088932644	-0.662696935162
-1.58977769608	-3.0591868826	2.93601899118
0.891433562498	0.42726738283	-0.150959554921
-0.7076284332	-1.35196687408	0.811843301107
0.69628029036	0.625885897118	-0.351369607458
-1.4497060398	3.35157152744	-1.86021669885
0.485742838574	0.455922686598	-0.745780395706
-1.79823180007	-0.00895729966466	2.33178131957
-0.463890760025	-0.729506405042	-0.502618909082
-1.33755299817	-0.292653149797	-2.03638020698
-0.949316526567	-0.198086320958	0.24404905621
-3.36840878861	-0.0118189376525	0.872597859174
0.830316669172	0.50433125865	-0.237116449121
-1.85679880869	2.08493458897	-2.25588599243
0.599032208505	0.607508358082	0.521626310718
2.39843882358	0.68450827582	3.07272594415
-0.882336869178	-0.120104368884	-0.455034712812
-0.0210470409914	3.07313065744	-1.90296128853
0.48013911388	-0.0666547291196	-0.874656263002
2.49525364664	0.646478699307	1.45859334334
0.437135167065	-0.755164175194	-0.488507844583
-2.5284156402	-3.35621355194	-0.364179063966
-0.348217719076	0.620104371949	0.703004258885
-2.09758322426	-2.44110982119	1.38041861655
-0.726900106873	0.614098065445	-0.307408198728
2.2568630726	2.75473462911	-0.337145386518
-0.455605757207	0.59879958793	-0.658682357055
2.98833841133	1.93442760904	-0.219904968063
0.854904686687	-0.487465964857	0.177524392086
1.01797456062	-3.13344593091	0.201107014604
0.356733298436	-0.0517004124075	0.932774582171
1.16809053408	-2.00738522969	-1.90984038378
-0.969255870993	0.0790456406162	-0.233012538816
1.08068345817	0.112481265815	1.38391532284
0.692176970697	-0.0447489454983	0.720339206981
-2.25171103622	-3.19797887683	-2.98139040514
0.231924157857	-0.899678006587	-0.369852226526
-0.841648853763	1.85586736947	-2.43660301344
0.190859742813	0.243542880432	0.950925561737
-2.67143358037	0.426374558601	-0.497726661903
0.0385081291233	-0.975938497421	-0.214618669371
2.51642324996	1.15341105401	-0.965645971651
-0.475191253746	-0.0673139266044	0.877303885577
-2.62879866142	-0.815614802226	0.473377815324
-0.725536735979	0.395194996415	0.563398047169
-0.533969326723	2.40278496484	0.884948335797
-0.286822579709	-0.694104807479	0.660266100904
-1.43358168912	-2.64138095162	2.6240241993
0.932625129437	0.0614836438541	0.355570147061
2.4400085853	0.747048909965	1.09441559076
-0.432461754545	-0.0631757683392	0.899436297439
-3.42483346112	-2.57553540137	1.4337469736
0.53404348258	-0.739074862757	-0.410567784847
2.61024953026	0.64583621702	2.44387444474
-0.320516728999	-0.78487798846	0.530316480663
3.23247221888	1.37204207769	-2.25601110168
-0.453078164216	-0.85390899549	0.256046098452
-1.89103934773	-2.80181290453	3.11323631728
-0.416357361617	0.904950434238	0.0878137745467
-0.741393179181	0.36569996185	0.234892369565
-0.696586862643	0.71022179806	-0.101743502758
-0.0242676430178	-2.97242139432	-1.17301098627
-0.89265137332	0.110846389504	-0.436905714822
2.90872210921	-2.98419009845	0.471499867359
-0.749573444357	0.127344587775	0.649556007961
-2.11938646722	-1.08376152462	-3.15849049778
0.82921934746	0.406849108232	-0.38323501527
-0.167903951852	0.0631119979039	-1.98847525363
0.577831940074	-0.558270338825	0.595352398013
2.76675457775	3.03023272941	-2.31552887763
0.375369964502	-0.469524422471	0.799152179784
-1.54507049866	-1.35604751908	0.507332405974
0.107185552055	-0.823939680167	0.556448255345
-1.42118346132	-0.993378178885	3.26079628042
0.651053828723	0.552816103538	-0.5201185132
-2.96145722011	2.85258791651	2.86893577959
0.678328996103	-0.362774608333	0.638955676549
-2.93207777212	3.12147055324	0.949951597439
0.0715193642969	0.00165812925802	0.99743783322
-2.67808069554	-0.417057430081	-0.81145445842
0.225658596953	0.696143929691	0.681514362853
0.00231574443142	3.39101393108	-1.53046181792
-0.809248208504	0.084919520507	-0.581296836453
2.21039016233	-2.78720098135	-0.245367487462
0.553452256586	-0.0930900373646	-0.827662276912
-0.876859681159	0.104451163462	-1.22143009745
-0.303009339752	0.00881907509215	0.952946779174
-1.52762679634	2.07558017966	-2.14097090994
-0.74461231109	0.659513597878	-0.102928715082
-3.36245276462	2.79500897033	0.919100063205
0.864516926506	0.160401867609	-0.476321031083
-2.19590984689	-3.30163653423	-2.70589116273
-0.528143256342	-0.58787542645	0.612753770903
1.74938663871	2.5515791253	1.04389013676
0.336935498377	-0.0857676914881	-0.937613125458
0.641668216135	1.41873622932	1.36324667877
0.134528974213	0.140631703511	0.980879543606
2.67721764905	-1.80333849673	-2.67620680911
-0.683698204065	-0.41771866888	-0.598387733353
2.37288992456	0.499040114836	2.77703307938
-0.840801619903	0.235986271161	-0.487199256765
0.0480340409889	1.33057640668	1.52108454952
-0.84477913208	0.497970715103	-0.195891257848
0.209136269673	-2.34850761511	0.540843330395
0.478313290483	-0.57853167378	0.66069470906
-1.23264832604	1.531800644	-1.00593285114
-0.44939493019	-0.164609208024	-0.878036448761
-1.85512779486	2.85246911807	-0.50719015171
0.0330146695193	-0.0758146766624	0.996575218636
2.9969660556	3.29935301448	-3.3184091428
-0.837762805243	-0.320929983511	-0.441766259276
3.14326268295	-3.11352564064	1.32593242835
-0.406782250194	-0.818143842095	0.406409712691
2.94931806333	-0.916575143652	-2.612857227
0.195041621379	0.144632259819	0.970072304186
-2.3155520447	-2.89460920777	-0.262549107539
0.0216651366629	0.679568577461	-0.733292008944
1.41872822271	3.09869691214	1.1148384271
-0.477040181706	-0.744093131404	-0.467715807768
0.458235099108	2.34498825539	2.73792489858
-0.740065137239	-0.617741914695	-0.265891931942
1.64937667214	2.66985535854	2.89371607009
0.682546219685	0.151226762169	0.71502526137
-1.11747504148	0.208404533425	3.09886532594
-0.679409104985	0.692760473237	0.241839191992
-0.334849911855	-0.843482147628	1.71879543381
0.391376879827	-0.208806243755	-0.896227700144
0.391151759074	1.24297402184	-0.221846232114
0.669448606711	-0.100132050786	0.736078892088
-1.82619254676	2.9623717212	-1.62864381192
-0.240865954989	-0.683726653257	0.688840660352
1.17298070386	-0.0976598418663	2.55041839074
-0.0468758826861	0.816139071257	0.57595109861
2.60496260774	0.259539741426	2.79365343096
-0.337838516437	-0.496522247737	0.799581637054
-2.33310923628	0.202781810211	3.37696577658
0.749053730058	-0.179121097701	0.637835513158
-1.25244108179	-0.293086081733	2.67366970499
-0.246261886781	0.782378732219	-0.572047727459
1.18704351093	2.09371894115	1.76911945289
0.227217641944	-0.392525090466	0.891232964238
-0.821050005675	-1.43059853257	-1.42730255938
0.490284583661	0.623068836927	0.609431088373
-3.26528291856	-1.30981881916	1.28094465752
-0.374152614223	0.606779413115	0.701304901658
-1.12332560364	-3.0168731134	3.32741745063
-0.536822353466	-0.833798192506	0.128850048477
-3.4129587813	-0.43714066267	2.65442127542
0.571700166508	-0.158455419368	-0.805016024491
-0.958961794622	0.761674145837	-2.66877005342
-0.310515845765	-0.871513288082	-0.37953194625
-0.538248818439	-2.43897193446	-3.14095185488
-0.788833809183	0.354850518186	0.501819022391
-0.54706286893	-2.28135276838	2.27328777759
0.7193479763	-0.466621534834	-0.514589965139
-1.53952461003	-2.74454024736	-2.02935644028
-0.776997080265	-0.591361355735	-0.215794541642
2.11642289894	0.603374814536	0.983770743815
-0.532419123435	0.827787816259	0.176910170009
1.43990322034	-1.0024002318	0.405527333158
0.579180062824	0.797794494865	-0.167554166736
1.65746478921	-0.363403501345	1.00763671719
0.255171980067	0.367058642	-0.894513954012
-0.513545515562	1.97146708073	0.387834005087
-0.0915754032505	0.974726027928	-0.203772215964
2.30385300314	3.23104827588	-3.2776760328
-0.832558114365	-0.271722638201	-0.482715023688
-1.68116735949	-2.46105978965	-2.48985160867
0.845130175861	0.532466203705	-0.0472729072531
-0.0157063163538	0.150029054442	1.98806229655
-0.555127119326	-0.556413301883	0.618254089252
-1.39567036395	-3.23615384527	1.19487646133
-0.794616091691	-0.422645217235	0.435839749419
-0.595099908965	-2.63246639402	3.11412328313
0.520037836304	-0.811808236841	0.265571149431
2.2173347958	-1.18298804372	2.0257498427
0.167467914179	0.795808971402	-0.581930046274
-2.37037034193	-2.71554949293	1.64305015749
-0.252889013503	0.127520298933	0.959054597095
-3.40897912455	-2.32571411037	0.117774207697
-0.629428735256	0.0810382276602	-0.772820983729
1.51387116983	-2.23574625561	-1.97974747154
0.743230449941	0.663731214248	0.08407956656
1.86277706525	2.97802796482	-1.38240688502
0.185252433503	-0.691471649537	0.698246728433
0.901161414309	-0.784909417403	0.797478449966
-0.497378564059	-0.516182284207	0.697259215418
-1.40323709653	0.710194324802	-2.38783020359
-0.739076435212	0.393523747934	0.546722125697
-3.26186360276	-1.32066110234	2.77339327754
0.977848610747	-0.166812833115	-0.126434066484
2.4797065738	-1.98825372724	2.98700739641
-0.521372487034	0.631630496104	-0.573771423265
2.61253769055	-2.48990553475	-3.01033315704
0.0894302382766	-0.791968679663	-0.603976690705
-1.1838907998	-3.050466416	0.779178088304
-0.478528070629	0.36614583343	-0.798090292061
-3.04937955806	2.03041483361	0.33941316277
-0.841095292387	-0.219068675292	-0.49453778888
-2.48296304619	2.98398030463	1.03915008132
0.727106117356	-0.663887573339	-0.174842740968
1.19906835698	-2.2324117472	1.97316443068
0.459962375624	0.548978846192	-0.697894576168
-2.98933287718	0.574169251805	-1.01786588161
0.33128998982	0.76010717697	-0.559002703181
2.4200963665	-0.692746003089	2.77860644526
-0.438443117164	0.893575393524	-0.0963880132611
-3.17313699362	0.0909998497083	0.0574418727479
0.649547745311	-0.609868221606	-0.454035768235
0.85245871013	-2.1947809378	-3.35966029427
-0.539401554427	-0.402086670145	-0.739846114252
2.26239035707	0.298442185104	-1.2112903082
0.0940178556513	-0.978427945449	0.183954881379
-0.695051801051	-3.36961538177	-0.69508667261
0.936412791629	-0.147576367851	-0.318358758833
1.69337255228	-3.39841353152	0.740923140488
-0.115671166224	0.804276749372	-0.582888575736
-1.90007539097	0.0646190303495	3.03582719694
-0.0971268746907	-0.90307774325	0.418350283685
1.75771273643	0.499436920029	3.20731411338
0.549768538678	-0.823466922456	-0.140202644416
2.01235978799	-1.06111389629	0.106317732065
0.391616796964	0.91971226183	-0.0276701965194
3.23533848453	-1.10069044412	3.30359398791
-0.492409227241	0.533176402367	0.687936099421
-2.00623442326	1.9378898766	1.45049293454
-0.307714582639	-0.509402967856	-0.803629486748
3.0662481885	2.70431946406	-0.247325351225
-0.150159746962	0.610245107719	-0.777851501829
-1.35925213616	2.6858096025	0.471413335588
-0.478996931392	0.758696878253	0.441521218796
1.67519044999	1.69555761547	1.75483184412
-0.138386052914	-0.688192856693	0.712207759264
-1.44724373822	0.44738717292	-3.17430799402
0.551032929276	0.532152133914	0.642788314474
-3.0151824687	-3.20164996	1.03343580002
0.1020347207	-0.2310615111	0.967574025003
-2.83076961911	1.13719785934	0.329382148711
-0.530759387791	0.00723920284222	-0.847491631943
1.22932212765	0.667584886423	-2.55369278356
-0.856952891028	-0.234189510462	-0.45911547104
-1.3581799852	1.25022709262	0.669774925233
0.650842593456	0.0850095176259	0.754438400704
2.39251864295	2.27621737363	-1.38381446379
-0.581533239251	-0.717233964696	0.383919954591
2.53298531134	-2.88647740769	2.02136831257
-0.921062516352	-0.297338814089	0.251462662452
-0.869977204477	2.88246969109	-1.62674491004
-0.666729077399	0.565566021318	0.485394079982
-0.335739474439	1.38054883962	-0.0909459469944
0.641438087755	0.602535475094	-0.474877016532
-0.518970010123	-0.12446488716	-3.22965166139
0.784312554637	0.456732496345	0.419820489521
0.766923595588	2.55185017009	-1.46640458831
-0.682322835609	-0.292354987257	0.670047841152
-2.2976999373	0.638696587557	-2.19268010154
-0.727284432123	-0.379191361421	0.57207627657
-0.899916248744	-2.13676840533	0.437859944494
-0.70187275576	-0.351583481657	-0.619486634357
-2.19885093297	-3.27433157971	1.37722419472
-0.60141644501	-0.607119807361	0.519330144687
-0.421090911419	3.11127546566	-0.461501526565
-0.00152726948227	-0.460190961886	-0.887818644795
3.31451196593	1.76509281412	-0.307177517968
0.857531714581	0.301887299754	0.416537413369
-2.96616414465	-2.00215074076	2.6207384479
-0.545215506204	-0.699992585764	0.461248774167
2.33972281157	-1.45367578503	-2.53761461963
0.918150749802	0.315705511476	0.239435232709
0.727315129133	0.5798620172	1.55435804712
-0.639637759327	0.615404172261	-0.460587930375
-0.991243658007	-3.42236637516	-3.23865628312
0.334559160982	0.75166479803	-0.568392645277
2.11967727672	-1.82052102454	2.09303940235
0.673525767403	-0.18479185053	0.715691981666
3.17229223272	0.18243346993	-0.0371218352934
-0.723635169289	0.386328197552	0.571928899028
0.48538770039	-0.512912339546	-1.79474872205
-0.262189694573	0.749437014823	0.607947962307
-1.97589665845	-2.25007669784	-0.347398641506
-0.891542384323	0.44006340819	0.10722114403
-0.58201391659	-3.04421454063	2.84520571922
-0.12837476424	0.447973371712	-0.884782333765
-1.49599745689	2.74994080313	-0.552562023542
0.396202107198	-0.674598678569	-0.622848708055
-1.25482820231	-2.37674265402	-0.373579378944
-0.184462819951	0.634704475984	-0.750415682287
0.00917069937209	-0.0399167730405	2.08517722094
-0.148299159354	-0.897452142014	-0.415435930234
-0.104190643765	2.69057479468	-1.19759885038
0.4177845161	-0.392882206877	0.819206731922
-1.75663687747	-2.12027311884	2.91417750311
0.685509947066	0.68597770665	-0.243948147058
-1.05395964695	0.151149910997	0.780774508273
-0.802650589434	0.547444765611	0.23676203219
-1.27782497092	-0.801845867111	-1.42382051695
0.409240150419	-0.340396251242	0.846553537247
-0.748933695791	1.70314125663	2.47779388914
0.635740121208	-0.752024770175	-0.174049542745
1.8092378028	1.55796136504	0.454953674776
0.220968352002	0.220536353678	-0.950019317761
2.99692497957	0.0857933294051	-3.25650209894
-0.399475389442	-0.256055179726	-0.880258574605
-3.26505871976	-3.12435939917	-1.73080280481
-0.127969612878	-0.876776423039	0.463558930648
-1.13563696308	1.19378948209	2.7897045275
-0.782440980297	-0.0386637938305	0.621523308814
-0.205838919947	-2.96354134606	2.22944488601
0.871881300377	-0.364581402132	-0.326960852814
-1.07472755826	3.34956331964	2.15198736743
0.728143227843	0.558689319295	0.397081457956
-3.09622988959	-2.00965377399	-1.44076839908
0.493952670554	0.728856856106	0.474108049458
-3.16299337648	-2.19348516867	-2.35831314603
-0.10261818443	0.958230093756	0.266954295048
-2.85181995276	-1.4994479513	3.33926390435
-0.203373947935	0.672885410058	-0.71124135301
0.209626254266	-0.0507066508279	-3.0659103862
-0.320897788062	0.80589769016	0.497547507894
2.56622314655	-2.16701971414	0.253227007912
0.278013212872	0.705364223832	0.652050584852
1.44213525	2.5088023804	2.22153036125
0.616745001736	-0.783696053475	0.0737976869642
-3.31221027277	-2.77595038399	-3.03205483435
-0.471501573646	0.413364360499	-0.778984063713
-2.40479520153	-2.69262865067	2.45654053931
0.132385519093	-0.558318796609	-0.818995845953
2.36754588004	-2.7644259685	2.95835827805
-0.776735961274	-0.593117236329	0.211880132228
-2.79341232534	-2.96142188739	2.18804196039
0.353878448401	0.638736221525	0.68321744933
1.20175468689	-3.03451530117	1.93813506727
0.627642353475	-0.338676741148	0.700972996006
-2.77550744905	1.0564870927	-2.8258357187
0.0114465082962	0.779286161905	-0.626563688153
-2.67859990087	-1.33265466634	-1.93216202643
-0.825700563848	0.207206100588	-0.524675338414
-1.12769245272	-1.7831835619	-3.01614524544
-0.523107441319	0.29207705441	0.800655730713
-1.01492654138	-0.16186806991	-2.36936562258
0.180021569336	-0.805977902873	-0.563907665008
1.41613345246	-2.16246716174	-0.158634432407
-0.131900786001	-0.843530030403	0.520633527984
-2.94451715983	-0.800315965258	1.62516900758
0.614709355152	0.634772963314	-0.468183397543
0.0428777900868	-1.58948492785	-0.930088051467
-0.234514989368	-0.523032515859	-0.819414246346
-1.32556338901	-2.1777263097	2.65826858905
0.265131149404	0.60369460302	0.751836617823
-0.592841306839	2.80069214004	0.470474409417
0.297196002404	-0.403891366089	-0.86518570293
-2.64132060275	0.467688092358	-0.300452105489
0.697974503501	0.58740507979	-0.409617949679
2.53412868519	0.547936501455	3.01378350643
-0.766967320092	0.00364406864609	0.641675814314
2.95369238347	2.29457858929	-1.96231246672
-0.0505646189759	-0.748720016199	0.660955033759
-0.680840518277	-0.622238112043	-2.29020177475
0.377856441909	0.874140604346	0.305127371998
-0.350277664607	2.52968597098	2.18436762026
0.96835137247	-0.165237355347	0.187062117579
2.99163407793	-1.21965416146	-3.00870739042
0.737341950927	0.518717264541	-0.432734614827
-2.44268035912	-3.25465932558	-2.45406530784
0.392928511728	0.741423152377	-0.543965893959
-0.332740441532	-0.187420338938	2.05360025254
-0.857459381133	0.506144410039	0.0926350143999
-2.26631573322	0.253500470645	2.38080266956
0.0511139157432	0.48366502203	0.873759414302
-3.31470503987	-2.63722316373	-0.278972249259
-0.439465295217	-0.628522984376	0.64173913112
-0.0764988738778	1.66232367625	-2.92651839638
-0.515898295198	0.731859232215	0.445231415371
2.5700968901	3.14771844785	0.803540071606
-0.898569896655	0.430552741	0.0848320578686
0.455437782342	0.240169124948	-1.76723255487
-0.594061826841	-0.795227265481	-0.12126063717
2.58558055809	-1.11333493863	1.54434087688
-0.879307823395	0.364618502357	0.306383908611
2.69298137633	3.17080233257	0.0683751032782
-0.0706315036231	0.996965841192	-0.0327154732947
-2.09754996127	-2.3947293764	-2.93455964716
0.112942476761	-0.563157299458	-0.818595048245
-0.430009996838	-0.927996697864	-2.49952052243
-0.190855638577	0.391927338197	0.899981714701
2.1492370484	-2.99169422903	1.76571351888
-0.666166521309	-0.0605219005929	0.743343302543
-1.6166161652	-2.40351528214	-1.80702630999
0.571179555714	-0.594957562137	-0.565490419362
-2.72529627669	-1.58876750061	-1.26322844108
0.60456451131	0.667482589782	-0.434705353087
-0.908572862034	2.83405856032	0.427259990909
-0.0594021462844	-0.744039581043	0.665489659467
1.71648540418	1.05884440926	3.41769008962
-0.547397126223	-0.750696333571	0.369880252197
2.22964967197	-1.08749230372	0.845597110991
0.298631825516	-0.907970626718	0.293953012924
2.83658966242	-0.0210123630206	2.86984891992
0.143046277753	-0.195225476135	0.970270465329
0.571840863887	-1.66583881507	-0.476188360899
0.855683711317	-0.0777561980853	0.511624236962
-2.01314957586	-0.930271474718	-2.17536915269
0.637760014764	0.736659604052	-0.224932859595
-1.22478015255	-2.29423416322	-0.144813264907
0.320278423164	0.864308233693	-0.387805374931
-2.56676532637	-1.57792760455	2.57100012236
-0.437345803938	-0.8770425166	0.198809134231
2.79756227142	-1.63570468045	-0.0217081823608
0.593395813569	-0.0350418427822	0.804147671571
-2.92440057269	-0.945572329106	3.17143863617
-0.844222567124	-0.0757426966169	0.530614079221
-2.88457410806	-2.13876187977	-2.94722480103
0.564907666578	-0.428077668418	0.705428123938
-2.90795748033	-1.73598346375	2.10067706739
0.495476313055	0.386924995401	-0.777683914669
-1.9076936226	-0.926968740145	-1.64255578621
0.48542178851	0.0685069628464	-0.871591924745
3.41274955926	2.4536635023	0.210331254179
-0.709760413205	-0.0535449663286	0.702405219534
2.10181268422	-0.840565956967	0.341361866998
0.625964217603	-0.60691150632	-0.489721575772
-1.12593548274	0.313780315919	-3.17621095868
-0.660721638778	-0.64058437739	-0.391278125499
1.65631502122	2.30816290205	-2.14585140545
-0.554681383538	0.824306844955	0.113343672592
2.91748828261	-2.7593831155	-1.3930811089
-0.528305954426	-0.845879673717	0.0733511834313
-1.55554845032	0.46496295776	1.57043471213
-0.00651060892123	0.170297635093	-0.98537116228
-0.140772766008	-3.02724758804	-2.14503310554
-0.355736719021	0.578169656058	0.734282803526
-0.336046209014	-2.28148665046	1.58837565716
0.632243308909	-0.659570828479	-0.40649073859
2.77098598698	-0.263756064244	0.841855626378
0.6782392408	-0.538794968185	-0.499691419275
-2.53017926134	1.33009091137	-1.53771836658
-0.144457616555	-0.807097165833	-0.572473721601
-0.012823900733	-2.89189169815	0.157561681515
-0.879530391594	0.0482356755913	-0.473391603076
1.44322743654	-3.25420864457	0.401022441225
-0.316057869661	0.9084294443	0.273611709827
-0.0530499249447	-1.69423445637	-0.00928519330338
-0.671215075487	0.129198400836	0.729916499101
0.287208755427	2.88928075182	1.01795841066
0.810545814116	0.3526252027	-0.467622657321
1.21599452549	2.46795085723	-2.41932631988
-0.786691760413	0.150634910305	-0.598686226579
1.98307604264	3.18917091377	3.04038697504
0.533351435143	-0.515453697322	0.670703908255
-0.561597150729	2.00488901767	-1.14349376439
-0.461902958943	0.886908519177	0.00623980212516
-3.36223550916	-0.214039273814	-2.61274843127
-0.445700316524	-0.785546706345	-0.429264021321
-2.07828236304	-2.93373156584	-0.845005347106
0.521280871855	-0.0990791470877	-0.847614048521
0.922731816482	1.71067873202	2.6627080835
0.955574321017	0.0751611651331	0.285006168825
-0.866187501291	-2.5699777802	-0.285199534439
0.361001815778	-0.273016249058	0.891706126903
1.43358992611	-1.08976828082	1.73743381959
-0.876375410886	-0.454348210868	-0.159793123993
1.2089443176	1.93143983819	-2.83317241764
0.681045973869	-0.684070586354	-0.261196888116
1.65863625125	0.718541817559	-2.33641278825
0.849876325053	0.0929678660837	-0.518716886163
1.47455042532	2.75898654188	-1.69383709599
-0.0701828532359	0.766497342426	-0.638401277541
2.50044924635	3.00260242685	-1.78731630493
0.609789405494	0.715603197469	0.340688926616
0.498603774414	-2.42068562976	-3.37108710762
-0.161365871413	-0.986886309336	0.00405807702034
-0.715099966483	-2.65243549797	-0.610813322028
0.714210226414	0.536512307875	0.449508949838
-2.72364181453	-2.08184293991	1.69559808179
-0.745061060572	0.0633775183128	-0.663978392865
-1.38390831688	-2.84960027929	-1.94492184196
-0.939743642059	-0.0752687143126	0.333491390975
-2.73218110702	-2.33181370699	1.43412792261
-0.812776570999	-0.558022436879	0.167347559215
1.27731518153	-0.547705840914	-0.577634381886
-0.830358456606	0.128661859364	-0.542172444419
3.29886350324	0.383494171632	-3.1527495466
-0.37200808606	0.923600783029	-0.0925828142455
1.62545956349	0.25019748879	3.11955723362
-0.2127178612	-0.488671691717	0.846138930224
-1.51405883362	-1.27929676552	0.110388039865
0.699725986181	0.616584380374	0.360842411783
-0.24703622596	-2.32591152481	3.22888246159
-0.731939270692	0.60112262694	-0.320806002748
0.547596800927	-1.64218533508	-2.76069707231
-0.622073300065	0.472258615968	-0.624497084854
