600
0.854797117826	2.2169676793	-1.09124561036
-0.319413517262	-0.947167088062	0.0291463939826
1.90958505852	-0.570374960183	0.106993514854
-0.330977855395	0.943083074259	-0.0323724309264
0.618482165338	-2.10040635646	-2.39147744837
-0.374246822251	-0.900761859599	0.22038009966
0.747398382921	-1.16906439242	1.02010528462
0.365963400005	-0.433623955883	-0.823432483414
-0.317115325633	0.477992642007	-0.864062845295
0.0415530948549	0.996287137401	0.0754007967987
1.46719054983	2.49354435378	1.05608750615
0.453492618371	-0.0535422606759	-0.889650308494
0.636023721518	0.106891009701	1.14273959978
-0.00157049789656	0.87962822357	-0.475659249711
-2.77606511897	-2.51175281432	1.26305767819
0.479368279082	0.398072361138	-0.782140938903
-0.0469739810879	-1.15334871295	-1.55342604621
-0.572365142103	0.0361269986337	-0.819202651409
-1.26350313316	-2.00674140843	-0.521458651392
-0.862566255949	0.327581536577	0.385577217937
-2.76542514265	2.22456508873	-2.36893394648
-0.267778966932	0.653855446736	-0.707649263154
-0.547794404866	1.89262457351	2.2923643657
0.210431583151	0.636635103899	-0.741899112613
-0.00355339106708	0.356226856621	-0.435614399356
0.920512269944	-0.0335323798479	-0.389272064736
0.562919070787	-1.97383236025	0.234996600436
-0.641221837867	0.501739420643	0.580596338617
1.18220809223	1.6037535444	0.372436095793
0.814808322573	-0.561726546184	-0.143355100289
0.0822662011883	-1.68037978615	2.81860760491
-0.0874361624303	-0.486214081697	-0.869454302571
-2.64556776923	-1.41559798665	1.89513738615
-0.578758974616	0.117312565905	-0.807016611466
-1.72274551806	-1.95761579247	-0.160399063535
-0.508249464232	-0.675986362419	0.533596214315
0.091833967221	-2.46326448616	-1.21492192008
0.0895602187195	-0.745145751119	0.660860633426
-2.33597162274	0.630223699395	-1.47247666737
0.653564332403	0.565564845847	-0.502981181112
-2.1848845957	1.07809542532	1.09940606504
0.381759007566	-0.275595683219	0.88221713854
-1.65376343952	1.12471572413	-2.26187050398
0.731906725388	0.489905716379	0.473608418835
-0.0650409153639	-2.29917915367	0.168729103436
0.415485521954	-0.720350194241	-0.555398396382
2.6394627713	0.0815289418778	2.32204692074
-0.428905157492	-0.676431960369	-0.598732134487
1.54448711014	-2.75443142117	-0.349890247336
0.353717010776	-0.916858521797	-0.185080326606
-0.864555426068	-1.95483278292	-1.95931408831
-0.911715996606	0.264916941486	0.313995152267
1.93605985476	1.18288817449	-0.623149339255
0.947843504162	-0.27119034291	-0.167476832817
-0.204002192632	-0.623711376016	-2.45456541386
-0.661699355675	-0.036801003356	0.74886557462
0.601715932755	-0.988345212121	-0.746039716801
0.834260749984	0.085957166775	0.544628650106
-2.83497726066	1.87779155491	1.03246890754
-0.736340387254	0.0278635191167	0.676037320272
-1.27183844289	2.46246294773	-1.18170985244
-0.237416523952	-0.959399605894	-0.152268809563
1.64071188679	-2.1530413492	-2.27348014508
0.89555214608	0.156169647108	0.416650206977
-0.423592183044	-2.44423394095	2.69390300762
0.846530421325	0.167751585188	0.505218419535
0.338567991783	-2.36371798652	-0.292575590483
-0.604597069367	0.228336597046	-0.763102078468
-1.52126771884	2.26998399977	-2.48742465094
-0.587250896552	-0.798328407007	0.133447139591
-2.0827573318	-0.415359185805	0.56572037489
-0.565505189498	-0.639608125203	0.520677757182
-1.18988763104	-0.010634190039	-2.078883173
-0.302412884776	0.951773609458	-0.0517053523346
0.849030570867	0.618639277107	-0.42923573121
0.55858423972	0.132615741068	-0.818777571968
0.354588250717	-0.581156812842	-2.85513323798
-0.738691699148	-0.484347650326	-0.468766388761
-2.0555484335	2.71262618157	0.0946401700053
-0.610243831696	0.438089711139	-0.660060505463
-1.7429525381	2.62351483054	0.965548793777
0.988711458523	-0.0774156260367	-0.128282783843
-1.83148105225	2.68815685916	-1.32327797692
0.0369787069242	0.822431247419	0.567661359001
-1.89991565231	-0.816503059666	0.722419526635
0.751740509847	-0.565420222647	-0.339390892154
0.998395221269	-1.47144158211	-2.83788196706
0.467334413339	0.546399218796	-0.695015424151
-0.400708139982	2.1410728228	0.0221981720326
-0.678645899175	-0.618803735353	0.395628210123
-2.62835203621	1.62849648153	2.59778942218
0.217692123871	0.74091107673	0.6353431479
1.87145500892	-1.79802261204	-0.080697097111
-0.616598057585	-0.187767561723	-0.764558812746
-0.758224079758	1.63128529609	-1.12027934834
-0.148616137137	0.204125771559	0.967598012177
2.29333982178	-0.936189553283	-1.76514582744
0.466788099553	0.71747714735	0.517044885041
1.81220964845	2.02341253582	-2.32385606687
0.183624142087	-0.83959684677	0.511233126213
0.660269623575	-0.698671973392	-2.1507690465
0.116614321387	0.144184089453	0.982655610271
-1.58608803904	-2.46137540951	0.604799716769
-0.661704578823	0.73427713452	0.151605211272
-2.34486181447	2.75787598661	-1.7652529545
-0.693302105187	-0.605739585866	-0.390399468568
-1.03662900751	-1.12727071361	-2.50627430538
-0.781106578145	-0.33175153833	-0.52897394113
2.20184210688	0.331836392977	0.583829734283
-0.401913835007	-0.850347123799	0.33966901283
-1.53186596699	-1.99302392839	1.25376686382
0.746142310741	0.540312269429	0.389017099402
-0.308804186527	-0.333289163949	-0.369611973644
0.291257898815	-0.904655442172	-0.311074536608
-0.242051743096	1.19090120672	0.63940799237
0.286141227035	0.634520188107	-0.717988390627
-1.83819045809	-2.51288199141	0.538321106843
-0.768195573362	0.489945612774	0.412102969645
-2.70500770142	-0.227798878208	2.38433387411
0.886257441561	0.333694146565	-0.321241285993
-1.99357024443	0.488105613444	-1.82180900245
0.00555499594043	0.72915538164	-0.684325632608
2.46317760025	1.76825312466	1.55153663302
-0.710004810435	0.188634699673	0.678461582729
-1.81068881522	0.420864255945	-2.04874649709
0.50982116826	0.85963588895	-0.0332943662391
-1.43002847782	2.29634647008	-0.265963052387
-0.550728631493	-0.0206252814465	0.834429489064
-0.159200883309	2.43274441947	2.67230061571
-0.384403532013	-0.795553159184	0.468325843285
-2.36574181494	0.660861750146	-2.67717711229
0.522126490305	-0.350230672804	0.777638993331
-1.00393710702	-2.17704811257	2.12200909636
0.63922386428	0.497441444112	0.586468124466
-1.50476167208	-2.31775289499	-0.724464359624
-0.753570254366	0.357255783655	0.551815346634
1.53859609819	0.126666269232	-1.7603997238
-0.2508296933	-0.701483663487	0.667087051906
-2.14560829999	1.54694442553	0.755317692045
-0.403574716126	0.278658857039	0.871479598096
0.0799268200907	-0.150544421882	1.22519457715
0.777563666138	-0.617191629431	0.120288144315
0.562422175869	-0.0683817319682	2.07390820763
-0.988340533098	-0.149996922314	-0.0261517481662
-2.29357934973	1.05183781993	-0.97197065952
-0.794480951736	-0.197967049045	0.574115898422
0.116695213214	-0.928423799212	-2.27651152496
0.51312505233	0.580722429581	0.632031755889
1.94396071321	2.00356152872	1.55965760398
-0.618125246153	0.594904687311	-0.513818638319
1.3454933116	1.30775352266	-2.19462794201
0.0723673905715	0.996259918536	0.0472137215261
-2.39628987019	0.597888079455	1.21011131498
-0.405222937125	0.910955417261	0.0771660481784
-0.573412711309	-2.02254745144	1.99173531893
0.204520937696	0.173115567369	0.963432502243
0.352102201834	-1.93481511903	-0.811296148799
-0.488560037824	-0.631636454396	-0.601950561857
-0.686415527831	-2.37583944999	1.38048743634
-0.97518166266	-0.127883550109	0.180738823784
-2.4317883124	-2.09425551574	1.58073636021
0.815713043194	0.342687025135	-0.466023426415
-2.51886680276	-0.201158875986	-1.27649621432
-0.311084231592	-0.553712701491	0.772417532856
-2.83412641714	1.36390593985	0.620741081093
0.40147238614	-0.105372023449	0.909789349158
-0.797074210211	-1.90595917394	0.305817711945
0.703131491037	0.586851947454	-0.401510769572
-2.46182439967	2.30843535576	-2.68890444989
0.692717795456	0.588392982535	0.41705605614
1.34175989826	1.90820620019	-0.478689096247
0.0779496794466	0.860776492574	0.502978804033
-1.24888947405	2.48289564644	2.55730333
-0.893344234318	0.37658524951	-0.245193044074
-1.68865984909	-2.32189707587	-1.50785452749
0.183031834632	-0.706397347784	-0.683741277499
2.12080767194	-1.04456746482	-1.05727431896
-0.382476174419	-0.765984056359	0.516701462553
-2.64530000149	0.140189417896	2.70904455172
0.508555944066	-0.202953920537	0.836767923557
0.680387495806	-2.5523527679	1.30639382282
0.375446828858	0.822162868963	-0.427887713774
-1.23047943592	-2.24056830492	-0.52278695144
-0.420052503883	-0.470794358627	-0.775827665056
0.642173422944	-0.712274732189	2.58073760326
-0.106711023466	-0.631730086389	0.767808475743
1.34847928433	0.041817530376	1.37908519692
-0.685739994242	-0.714670198018	-0.137866487453
2.23434288669	1.52496281795	0.438671210322
-0.560801267968	0.779211485788	-0.279877470086
-0.70156293623	-0.271640657951	2.50120195109
-0.941006691599	-0.328509607957	0.0811655336112
-0.327313447128	-0.620568331868	-0.604377420149
-0.57548610785	-0.776032262432	0.258049738107
-0.427497149488	2.77390277067	-0.497797923593
0.607178483964	-0.768494811046	0.201866327076
-0.156633796028	0.805240323218	-1.11613361601
-0.240384739542	0.870802531883	-0.428856768002
1.58658989552	2.32841085869	-0.729594711573
-0.516897607443	-0.518693716577	0.681009318441
1.79085772018	2.56795609188	2.64888661468
0.421148129326	-0.733541287466	-0.533433625437
-2.49444789184	-1.77455157027	0.638643004902
-0.828621224629	-0.559766906887	0.00691925203764
-1.51762694534	0.00552437775134	0.922851930327
-0.130544534225	-0.766269659451	-0.629117583277
2.69739451982	-0.163602780239	-2.15230823572
0.662331595582	0.373727643125	-0.649341594431
-2.20071747514	-0.850148532459	-1.04853984109
0.719681258178	-0.585412374368	0.373297788052
-1.24930605582	-2.62444531331	-2.73775935844
-0.694195759744	-0.718864568672	-0.0364139953975
-0.227203168243	2.6087293506	1.5003145322
0.210202075322	0.140604990978	-0.967494353494
-1.1357802529	-0.483898487355	-0.903252564544
0.49674714919	-0.658160848496	-0.565744259607
1.80179567713	-0.481593952619	-0.345864251225
-0.99994987844	0.00855481092609	0.00520152074898
-0.893652760578	1.60318167347	-0.26642558715
-0.564508828792	-0.664338268204	0.489882075214
-2.04335624253	0.625692152252	-0.796734282439
-0.00609008868637	0.635765710993	-0.771858064378
-0.744622860721	-2.55239072096	-0.615360120287
0.746747745224	0.488933014856	-0.45090166554
0.943174707139	-0.0597240379865	-1.00459932916
0.214539726031	-0.860886550729	0.461353500831
-2.3706483673	-0.0846516961879	1.80263672073
-0.233669165152	0.674029165284	-0.700773433859
1.97488197755	2.0941161685	-2.14179179325
0.777681834871	-0.490264742507	0.393511684662
2.0356911947	1.85083649985	1.46540077872
-0.573241762163	0.400574479398	-0.714796452543
0.972287620497	-1.6243081201	-0.631828235786
-0.430881848799	0.731527956465	0.528401061018
-1.09572615075	-7.57620057739e-05	1.9616775573
0.693441623048	0.280174414927	-0.66380796368
0.469125353982	1.97475622404	0.961668018212
0.356010665943	0.659074446793	-0.662478134975
1.83059419105	2.38385616886	-1.65529331538
-0.313298209704	-0.00160412216983	-0.949653441308
-2.46576623306	-0.476445561245	-1.47845137548
0.500585396972	0.572292511365	0.649534865711
2.23478274206	1.2228176472	0.17747528896
-0.464062774807	-0.327778717655	-0.822925788447
2.77078193484	2.8130873128	-1.23678374503
-0.672184585375	-0.572291431853	0.469734393261
2.18413835551	0.00455460149343	-0.0858208224536
-0.174412073106	-0.524952703913	-0.833069677404
-1.99495807702	0.275237008301	1.00556540679
0.0919947403127	0.760322511357	-0.642998169887
0.588924084415	-2.59130024919	-1.92803798118
0.618423406997	0.400431489055	-0.676170919407
2.1491440134	0.0182627607305	2.2127625558
0.0639432608796	0.965985417849	0.250566222565
0.608785503816	-1.47913802142	-0.925912378452
-0.767222499739	-0.238943676267	0.595210513571
-2.56180909956	2.45895791568	-0.970360776918
0.351775566207	0.360226873845	-0.863996846279
1.96685456549	-2.43146315618	-2.44113558205
0.497118532429	-0.866934185642	0.0360316871787
2.69971892172	0.553634890456	0.31977288411
0.394116213152	-0.190040833507	0.899197915995
-0.305879661658	-2.64232270171	0.846978003789
-0.384461025481	0.316371058479	-0.867236457515
2.76908194198	-0.5365321193	1.94248171198
0.0888179764412	-0.68242271866	0.725541590894
-1.82327901654	-1.73455255931	-1.51293703944
-0.497974794394	-0.101739145918	0.861202792805
-2.0211705264	2.06935125825	-2.14064945437
0.295320503207	0.655214514828	0.695327074077
0.145903346541	-1.82045440667	-1.29245221251
-0.14669792619	-0.489720083081	-0.859449799976
0.777539288718	-2.7848794231	0.413929705475
-0.494234566493	-0.331881410349	0.803484239266
-1.48935749294	-0.455270641854	-0.566230360571
0.195726886803	0.715932855267	-0.670172464767
-2.13747872141	0.0570000786776	1.24689601273
-0.211369190378	-0.579472574416	0.787105203171
-0.865259576015	1.21967775761	0.152820223856
0.219456470231	-0.685470539543	-0.694239869996
1.2172841088	1.73140553137	-1.65030002623
-0.460022120763	0.326892035553	0.825543000395
-1.06760721011	1.68860937213	0.364081840925
0.466571573652	-0.135775847954	-0.873999934652
0.0172048144047	1.43998810513	0.0322492680189
-0.394054766109	0.843703727096	0.364533760015
-0.364132015704	-2.13240029253	-1.59472052242
0.284799714591	0.667853490737	0.687648774796
-0.430670743701	1.53021253711	2.15735860031
0.397783435485	-0.701353384259	0.591499593274
0.613454488773	-0.75756662607	-1.30005702653
0.270024856928	0.762914466936	-0.58740794409
0.748223835224	-2.09506860385	2.01905143235
-0.102258822644	0.791652925521	0.602352702913
1.59340816988	2.33686091556	1.77186242598
-0.375944408671	-0.0893234754966	0.922327012677
-2.1015318523	-1.40734421447	2.22871084165
0.321083815618	-0.606021994761	-0.727765432824
-1.82206081907	-0.84291163646	2.80610556027
0.31257641937	-0.944630521353	-0.0998456818455
0.0106836677615	-1.42702572868	2.44847240049
0.418598744424	0.743646480422	0.521310850954
2.6555739768	-2.21366134323	-2.26302416405
-0.321641017632	0.849728153833	-0.417742887863
-1.18128816538	-1.32464537072	2.49265022661
-0.06534400039	0.795413320585	-0.60253448951
0.965027249211	1.1565723946	0.733628866919
-0.592061036724	0.309656021015	-0.744027470892
1.87369779786	-1.92845052604	0.395339653395
-0.139155473289	0.878835665615	0.456381010885
-2.34437720142	1.97390291174	1.34393338889
-0.652320274062	0.757831796409	-0.0130087816029
0.830705349285	2.33822761597	-0.311647406274
-0.699023780356	0.0122179146172	-0.714994039877
-1.49570621317	1.14574526934	1.36801161233
0.651545533726	0.730853245262	-0.203327202733
2.62613507243	-2.4839777226	1.82385397436
0.649643246173	-0.726118955922	-0.225199721475
1.41665628894	2.47375421578	1.87887059019
-0.462425160707	0.728363965488	0.505617349904
-1.1410533201	-0.899725097617	2.83090727231
-0.284145427357	-0.61628884937	0.734472212037
1.78182490626	2.75147237289	1.76660173446
0.24493893388	-0.0842986519562	-0.96586678996
0.616945510608	2.65208230619	-0.89791783832
-0.644585837574	0.00987995012995	0.764468105668
-1.07342924154	0.773657248643	-2.16466370424
0.681417053888	-0.684540285948	0.258989180441
-0.301808172458	-2.11787244045	-1.1851152844
0.47247875682	-0.81307266188	-0.340112732572
1.17785978877	-1.18251661563	2.30526273184
0.564953350722	-0.105902708194	-0.8182984345
-1.10313165487	-0.690769484608	-1.24389820375
-0.843324635648	-0.31922562796	-0.432317657935
1.85904172894	-1.24746981964	2.58376116716
-0.742215660113	0.662298580618	0.102354794681
1.72528030848	-2.23610018729	-0.934919501501
0.524535670892	0.611609033685	0.592280946745
-2.19302763202	-2.23538582382	0.971087657318
-0.793500317884	-0.602181410182	-0.0879476818824
-1.61660720099	-1.60722052159	-1.00846592445
-0.0590606297909	-0.235785928573	-0.970008679289
-1.63402287125	0.775857903585	-1.05242378726
0.694349911914	-0.245831111027	-0.676347000197
-1.56187580368	2.51035984574	-2.817102605
-0.740174151292	-0.571757939744	-0.353885693549
-2.75376920691	-0.198529744075	-1.61294537709
0.573110866263	-0.621829105393	-0.533734483295
0.361039051654	-0.187692123155	1.98098459171
-0.0683270310105	-0.969593273496	0.234990001544
-2.13194280218	2.14773258025	-0.833159093742
0.0668890037769	-0.529339068109	0.845769479319
-1.09766761995	1.01059961547	2.59133707397
-0.561124443971	-0.51337283857	-0.649297841515
-2.52646063873	1.46059131876	-1.00185060731
-0.527978855065	0.157710888606	-0.834485233074
-0.740017882285	-1.04946720978	1.60969539386
0.733677858777	-0.0111846301947	0.679405404445
1.208578844	-1.5273081691	-2.00914675642
0.920773892594	0.319710906574	-0.223518175849
2.63313348338	1.08079644956	1.07724363875
-0.805625821896	0.578025269209	-0.129822275636
2.17741545512	-0.31094072097	2.23801472469
0.787012310072	0.0340494490702	-0.615996963315
-2.35002541709	-1.54557494091	-2.42431772694
0.211702801906	0.497174115379	0.84142725334
-0.869409493186	-2.67907163281	2.06406090577
0.432276845004	-0.60883740391	0.665171966392
-0.279014325292	-2.82111853733	1.2137623544
0.0065433880323	0.6373479049	0.770548397047
0.620406767809	-2.08137673577	-0.963029789722
0.618235972573	0.601585633051	0.505844846097
0.102282577534	0.389740289014	-0.201290820735
-0.886052465941	0.0661564518608	0.458840224345
2.83007364266	0.99119524758	2.13509941961
0.868315152676	-0.485847951694	0.0999027700712
0.672203281099	-0.362440829051	0.870736550783
-0.70263392528	0.189766858702	-0.685779925621
-0.1785839376	-0.964242747321	2.2458592085
-0.622701618653	-0.102137510812	0.775764540961
2.0726323085	0.116211436738	-2.3447160221
0.664235393902	-0.395407212617	-0.634385117809
-1.83334157895	1.582051314	-1.53279406757
0.335060898882	-0.320361627243	0.88606016829
1.84112359093	1.59083633901	-0.63046034361
0.261265811499	0.748528823684	0.609462694393
1.18290696237	-2.75242185778	-1.71711737776
0.140761768419	0.901454793671	-0.409347504597
-0.326025787904	1.35108116158	0.742184362106
0.879802077833	-0.287654498423	-0.378421977927
1.50151045692	2.362115562	-1.20245358406
-0.0755688132724	-0.981579805421	0.175472049202
0.261624528648	1.29893853921	-2.04359498678
-0.372826794725	-0.529151883199	-0.762232553518
-2.11322331768	-2.28914551825	0.0297811167301
0.390577253897	0.587637831922	-0.708612155718
-1.21038628979	0.918923490114	-2.24874810246
-0.714031232442	-0.00943145168714	-0.700050317346
2.20798242776	2.46583775179	0.410933634044
-0.210101230359	0.822429046898	0.528647269756
0.449408716066	1.80752758147	0.12108490574
0.129638783301	-0.700590227137	0.701688762561
1.71204800576	1.27065873158	-1.77092964966
0.158532884938	-0.176987399541	0.971361304972
-1.31424832441	-0.407670083068	2.24235858108
0.126842578467	0.755279376359	0.64301168258
1.72304778251	-1.05186787523	-0.348046318784
-0.332566370876	0.505294427898	0.796289614461
0.548921602873	2.1671214069	-2.55806452138
-0.438706213361	-0.568910237189	0.695613398649
-2.18432374844	1.74950663838	-1.36051825234
0.367917975323	0.841505904685	0.395606086676
2.24004335649	-1.86918480399	-1.726180785
0.834714643786	0.545004009645	-0.078880244165
-0.44844912949	1.38281267577	2.82968988352
0.53302107443	-0.614208078913	-0.581925227165
-1.60698778584	2.73451065916	-1.85418424792
-0.375925764166	-0.578917749053	-0.723556535225
-0.325376838315	0.610464596653	-1.64019544795
0.243351080109	-0.357250771564	0.9017494874
1.32581462278	-1.53781378897	-1.77304291716
-0.942193517652	-0.335054885665	-0.00309820687829
0.868473294192	-0.0323716477406	0.665217252994
0.335839861624	0.697776912993	0.632707647368
1.19233911732	1.85787442801	-0.868771306827
-0.458477917262	-0.624344137743	0.632449521344
-0.118846774445	-0.850949853197	-0.668044721524
-0.28941384702	0.229727411139	0.92922814299
-1.31532072005	0.614005643931	0.767365066907
0.771454537756	-0.494130065684	-0.400865780982
1.31944000152	-0.470247891711	-0.900018411376
-0.910735116816	-0.34910035547	0.220659214197
0.71315633737	-1.13557667836	0.403804212974
-0.988530529531	0.0617464000316	0.137821530498
-0.177384840842	-1.16333512712	1.79189890204
-0.718106108721	-0.0869455673044	0.690481053283
-1.63473519818	-2.72100290477	-1.40265465698
0.551953837197	-0.526551667357	-0.646599028152
-2.47224250522	1.05698317658	-0.309845009913
-0.802001714101	0.596690381768	-0.0274561265315
-1.62170403092	-0.842523244586	1.20356094789
0.886508468411	0.231988557418	0.400354898387
-1.63928976716	-1.78289506659	-0.818868245751
0.140618408784	0.0222336834767	0.98981418783
0.555774317811	-0.880951391475	-0.507295816289
-0.528164170266	0.217059710063	0.820930990714
2.09676950878	-0.597662512472	-2.22337219264
-0.578441895103	0.353390683396	0.735200652121
0.237139905046	2.76209504435	1.59628089583
0.146249704882	-0.694833070976	0.704143470679
1.61625952496	-2.32199801655	2.67435951337
-0.0502409712361	-0.962361248909	0.267089257381
-0.84842811707	1.17647953534	-0.0720211070556
0.393890759872	0.471491800897	-0.789015558132
0.766563257783	0.354281128757	-1.14840289163
0.443563256242	0.634500942506	-0.632977244197
-1.62233338427	-2.37633560367	-1.93419197069
0.77017511564	-0.24068089526	0.590680114703
0.831212404307	2.2699698087	-0.833096913359
0.402612665476	-0.624270442029	-0.66946953389
0.39518783832	-1.17947819429	2.15589212209
0.112293916973	0.755252261314	0.645743058802
-1.59506170252	0.93971888965	-1.94232566412
-0.676382220061	0.626328911317	-0.387581200825
2.56602970427	-0.953372441979	-0.378001264577
0.691459494906	-0.673148932402	0.262210376816
2.22685592977	-0.944329510555	-2.21421445574
0.285601905416	-0.700188781375	0.654344880059
1.52542347618	-1.53219039936	1.14215127102
-0.147493569938	0.966301129886	-0.210968654563
1.33906583385	0.987402512871	-2.41369390383
0.538411942612	0.806939821396	0.242818254459
-2.71681869631	-1.27166696286	2.05023004682
0.955458682052	0.230698212097	0.184057169994
-0.196239827334	-2.46294345394	-1.83573741362
0.586414143734	-0.705863698274	0.39733473481
-2.8396100128	1.021066023	-0.0963876682176
-0.741922975624	-0.611824721097	-0.27426412251
2.10160560721	0.848503769205	1.95344795971
0.415249334517	0.262430006032	-0.871032997146
2.02032806721	0.735328015617	-1.21655014103
-0.608850842375	0.476457186937	-0.634262722186
0.423908823419	-2.11790271047	-1.32238461692
-0.638131892749	-0.618206770975	-0.458920554973
-0.858866030874	-0.569993363722	-0.727166039279
0.00651176786689	-0.44798470519	0.894017505866
2.50188498857	-1.54031221077	-1.85168785002
-0.299122950065	-0.497817195255	0.814066029787
-1.23497977386	2.10660937483	-1.53798798548
-0.468214308228	-0.22004960797	-0.855776566402
2.11131152869	-2.22432182737	0.195194207963
0.737390696924	-0.470523753717	-0.484625997321
-0.0751563014364	1.17425412595	0.0557531555383
0.233726745744	0.620412917045	0.748638511358
1.41161554625	1.7749179468	0.167693482097
0.60177735322	0.460167429689	0.65277098113
-1.94624367422	2.38589817026	-1.52746799565
0.312213683768	-0.533371158819	-0.786153816125
-0.891203191853	-0.932329807941	2.63408119565
-0.822719919966	0.514103369288	0.24254826113
-1.57008166293	1.63269121454	-0.732563136793
-0.09537043398	-0.0613124408504	0.993551843096
-0.932205548425	1.54811925218	0.412382589696
0.712247385734	0.664086715276	0.22735983838
2.06955193482	2.63559166879	-2.03787265695
0.471105183452	-0.458883356533	0.753316647381
1.08183978719	-2.35753829925	2.34132277169
-0.653894470526	0.145524384618	0.742458534126
2.48633300186	0.923869132689	0.164150391117
0.874236503937	0.469277188529	0.124456641084
-1.82671249683	-1.77361433081	-1.14235101352
0.547079004924	-0.587806474963	-0.595976602195
1.58466363024	1.35337290312	1.25732595174
-0.713049206095	0.546759494097	-0.438879123794
-2.39434688857	2.3857053803	-2.49802402262
0.0209607520964	-0.353889095293	0.935052487887
0.272300492019	-0.597522937936	-0.0741105912496
-0.915039355845	0.133064734524	0.380784392644
-2.06444098201	2.78848523058	1.48111806491
0.698361954605	-0.127408658772	0.704313576491
1.25010805004	2.31526022887	-2.55911115299
-0.507116271109	0.76073227217	-0.405116646974
0.862106778613	1.98249732058	-2.20960841224
0.659808577558	-0.540757783506	-0.521760156162
-1.03191845622	0.183967105096	2.64230688696
0.624423638656	-0.420706088898	0.658104479738
-1.54524148762	-2.72706255257	1.59828922916
-0.629463391043	-0.682401246317	0.371623974418
-2.83008967462	2.8327019379	-2.71969475232
-0.0637166456677	0.759184038871	0.647749785171
-0.184840516543	0.0840251073269	2.15687310135
0.698035056194	-0.681008083549	0.221303073783
1.17531851849	-0.520827033793	2.4058829907
-0.54638130503	0.364978586324	-0.753828960069
2.02456969473	-1.03487771935	-2.123531999
-0.493377078127	0.506606531077	0.707056490989
-0.942725843706	-2.66569509066	-0.770349122069
-0.336014021738	0.517823093036	0.786736182919
-0.480626715977	-2.54362688727	-1.59077978041
0.482922239842	0.282979534259	0.828678884404
-1.96769517591	-0.241187312225	-1.75452964457
-0.264292150937	-0.1648058364	-0.950257173212
-0.8638109293	2.41428528893	-2.67918715039
-0.717428308529	0.689079567128	-0.102303334686
0.428688251097	0.978650361891	-1.38401420533
-0.90128554464	-0.375307096483	-0.216399977711
-1.75874721625	0.167499961917	1.43389178906
0.581569287669	-0.602993701876	0.546054721744
0.799889357893	0.132781503384	-1.80823297867
0.913217546532	0.134195654519	-0.384740482682
0.653158706251	1.80991893028	0.216208868461
-0.27382546032	-0.849405605748	-0.451142698272
-1.59798017433	2.37986363419	1.97986435064
-0.716309647595	-0.559038166732	0.417584502705
0.436920422179	1.51679510264	-0.786575960575
-0.851577634343	0.235554062164	-0.468326613043
2.03972841085	1.92518665667	-2.77838930522
-0.483013923993	-0.759931595985	0.434973009108
2.11131783638	-0.0221641638769	1.42495059957
-0.803983388578	0.148361054172	0.575846948847
-2.38487733726	-0.368821108553	2.18663232779
0.889138199752	0.0442310630962	0.455496295044
0.695041016967	2.43274945372	-2.66834559156
0.219607372952	0.860573816247	-0.459549027346
-0.982947057456	0.284159437584	-1.57815813503
-0.224898455	0.451315206681	0.863559650028
2.08386927635	-2.82921090416	-0.978880505171
-0.00614585891354	0.488723686435	-0.872416979853
-2.71212956694	0.996452966069	-2.38386505952
0.803980915621	0.32319077203	-0.499161709461
-0.651137717973	1.00894263773	-2.30382161731
0.536904424767	0.155617237975	-0.829166396998
1.56407402329	0.666824259337	0.605153808124
0.470756078053	0.110735086324	0.875286499172
1.96690067392	1.8416774764	-0.775318696906
-0.530884545332	-0.25928985819	-0.80680255885
-2.26752502454	-1.25533427123	0.851580873115
-0.19777563473	-0.780940867176	-0.592466168047
-1.37506460072	-1.06348847003	0.720014587986
-0.276381009119	-0.594116432853	0.755406646789
0.0032080125764	0.110413950876	2.23042115277
-0.725934543499	0.685260809893	-0.0586230413727
-0.810874036789	1.24963917742	-0.912394726764
-0.819053888608	-0.544246152769	0.181512679315
2.69751352528	-2.4455680907	-1.48616101674
-0.475323921125	-0.179816021218	-0.861239437392
-2.01324427679	-2.45475746917	2.62714468508
-0.846698061928	-0.512556843554	-0.142786112956
1.43445906331	-2.23610373225	-2.81872725217
-0.16701322927	0.03093635683	-0.985469189308
2.29054407733	1.10222528704	-0.34468264665
0.593845723	0.24052524426	-0.767785688944
-0.91152950516	0.439610372156	-1.72030004362
0.573450702038	-0.797475724599	0.187581345039
-2.81272503749	-2.59202189512	1.07487090453
-0.339703568659	-0.632363430648	-0.696216903716
2.29427655219	-1.01960985357	-2.77159633431
-0.719249722009	-0.260827751657	0.643932233512
1.30145119436	1.6517095914	1.249024878
-0.774089250941	0.0831451719306	-0.627592791515
-1.30432092117	-2.03510144895	-1.28386847624
-0.350484274957	-0.34092086171	-0.872315160397
-1.63852868579	0.697757947313	1.85787465552
-0.493474486202	0.305115173619	0.814486133887
1.39042499835	-0.444644569747	-2.59738521182
0.146770983789	-0.941346600189	-0.303850056163
-0.546901527164	-1.33062970201	0.774305202014
-0.209414253577	-0.256630475653	-0.94354992945
0.786862016462	0.65130661948	2.01515495795
0.670433510508	-0.698797568675	0.249401014435
2.32732677681	2.18889119022	1.56986304497
-0.256090878911	0.715049395503	-0.650478150079
1.91676772194	0.940620057036	0.382467501328
0.746862362386	-0.654204924849	0.119216307419
-1.27927275037	-2.71535273737	-2.15107962656
-0.752430497667	0.395064990824	0.527040794631
-2.09761054668	2.38211081098	1.7299617123
0.469238671959	-0.824186365762	-0.317067663489
-2.730601345	2.76470619154	2.58543801665
-0.631914171171	0.727824266418	0.266376270503
-2.06739759403	0.881262567043	-0.18740554813
-0.363686686336	0.342008621827	0.866465288848
1.3110820203	1.3911248562	0.216641407301
0.583558608532	0.621281833261	-0.522941903148
-0.0133312739099	2.10651668859	-2.13056267043
-0.399034079234	0.203972635475	-0.893961390434
0.285259638252	2.32236077247	-0.347230697526
0.322236028226	0.514282260708	-0.794781541327
-0.31352885819	-1.43621408583	1.86469372739
0.88427988121	0.428885446319	0.184679088212
-2.7859179742	1.71586385273	-2.66530106628
-0.371494107649	0.629203458585	0.682711605063
-1.12341364499	0.37007817665	2.63583183983
-0.668742907635	0.680891453076	0.298613048302
-0.975123595075	0.44864773704	2.8612193378
0.728466014223	0.402109666649	0.554657626027
0.61568642574	2.78861044875	-1.06592339183
-0.724260818832	0.159061899766	-0.67092889217
-2.05959114512	-1.00957556313	1.56426387978
0.701862696826	-0.457773845735	-0.545739737388
-1.47039390923	0.717662728689	1.74810113478
-0.631823667867	-0.507125526383	-0.586193272918
-1.04886734286	-0.634879844753	2.72417962216
-0.417408273774	0.861781921799	-0.288274612557
0.796929763762	-1.92892949675	1.27365431967
0.183427698891	0.362287832559	0.913839048005
2.81079192721	1.54692020952	2.70137800876
-0.747690166706	0.261200122169	-0.610519377899
-1.3589854299	0.584732361576	1.56339337528
0.326470397677	-0.676555051776	-0.660068436873
-2.85401338318	-1.65095898036	-1.68526495016
0.290203236572	0.389236231194	0.874229510946
0.875421811979	-2.45975764614	-0.725906807652
-0.880937372838	0.404534639191	0.245562763528
0.665254104515	2.00368527669	1.86074257727
-0.947082665184	-0.177141308979	0.267685229254
-0.612035712029	-0.0730544908165	0.107594203819
0.682063603986	0.564237790325	-0.465214956861
-2.34989758027	-0.880031451035	1.50880730339
-0.787059964481	0.147664979544	0.598942122519
1.95453001759	-2.06955151586	-0.326858230737
-0.295038282432	0.930099065503	0.218787888718
2.11803494257	-1.61522028526	-1.60569557452
-0.730438861981	-0.0635735913169	0.680012843552
-2.6454945403	1.63057815465	2.82247176734
0.249904615596	-0.518405520655	-0.817804010297
-1.83239341278	2.64187575398	-2.47164963186
0.633641378848	-0.73023725567	0.255445010605
-1.59727503292	-0.817123207002	-0.484916651268
0.934122508019	-0.279478993132	0.222050968045
2.31648784688	1.62953505983	1.56639249018
-0.550659231982	-0.0720233735415	-0.831617125783
0.891855544941	-2.22028379409	-2.03381895485
0.45125263571	0.862264943919	0.22993526318
-1.96735432905	1.67839043861	0.399419813746
0.0354130782807	0.840016304877	-0.541404212607
-1.89861990463	1.60711118768	-0.629948194035
-0.356652756743	-0.926584322118	0.119332749542
-0.857669827751	-0.732131324286	2.62123088978
0.572496673837	-0.325395629895	0.752572416775
2.77529334176	-2.69210153294	0.590028391031
-0.75757475551	-0.569685772561	0.318651236238
-1.37235484502	2.76956942327	-2.58103012148
0.049543467336	0.0674306794268	0.996493125072
-2.03102539337	1.83191587418	2.83888483602
0.0458438328066	-0.554058133237	0.831214730372
-2.7775091481	0.206743582602	-0.0696980874882
-0.256966670372	0.146885054377	0.9551926042
2.63145575566	1.21042731615	2.86253516655
0.574257926005	-0.599288502452	-0.557746470404
-0.140939517045	-2.80224481424	-0.999956484272
-0.629915447306	-0.263856900794	0.730469756491
1.72783470778	-0.525163032666	1.50481879793
-0.904225906377	-0.426170199752	-0.027467636949
-0.503584926398	1.33188718613	-2.05222155443
-0.427248380555	-0.077637233228	0.900794805341
1.09240226416	2.29554234556	1.28283484398
-0.515029321653	-0.824434091425	0.234634240326
0.322654706482	0.615602405326	1.07634034177
0.794955652722	-0.22248771524	0.564397667228
-2.2933573155	-0.593229200827	2.82298286186
-0.743208316876	0.379098164506	0.551294820758
1.98344492172	0.32455080133	0.152147846327
-0.616628927645	-0.57608098653	0.536562636185
2.06313254196	0.214530206782	-1.53120533067
0.100855196969	0.8681517705	0.485943137232
2.46903837078	1.55379795285	-1.96638569624
0.523210116102	-0.72473813637	0.448336712862
0.299281165879	-0.271302955127	-0.596908563579
0.550606362289	0.73331168915	0.398856616295
1.88455505878	-1.52495954124	1.31460398276
0.591794580781	-0.583787591569	-0.555851798674
1.96713528934	0.341847629665	-2.15843041044
-0.415341830374	0.350645859701	-0.839368003331
-0.0892246689652	-2.39608726537	-2.80461076569
0.695899081452	-0.338506896639	-0.633354205293
1.61961844182	-1.99759022998	2.79972355937
0.575801671799	0.396626343823	0.714940541681
-1.68207716372	1.67032274206	-2.16693896135
-0.806696151458	-0.517741248051	-0.284930376215
-2.61340949106	-1.80167721532	0.803063275612
0.861952810773	0.0511266677649	-0.504404020447
1.50126386033	0.924235181742	-0.425162266836
-0.161791844401	-0.970775405205	-0.177252677652
2.06503517865	-1.446025443	-2.27505140493
0.828905824251	0.516611134061	0.21454153604
2.0827229138	2.73499195971	-0.416834520808
-0.8413339545	-0.53877807974	0.0433054014723
-1.16861361319	1.68010821818	-0.942597935614
0.638560974569	-0.0671102644468	0.766639481219
-1.32647802488	-0.594196910054	2.02131454827
-0.500769902047	-0.861573596539	-0.0831891997275
0.00938758249125	-2.09949728803	-0.433996950274
-0.214484169815	-0.557319016401	-0.802117232614
-2.68047692507	-0.992424376365	0.85129007634
0.75708341841	-0.478393782881	-0.444931552117
-1.43437715792	-2.56444585893	1.47370725728
-0.810069087513	0.585952834475	0.0211506318322
-1.20975505368	2.7244861682	-0.423680433966
0.602499674401	-0.383446192431	-0.699973685117
-1.99919426442	-1.0679356754	0.189928494537
-0.52752214101	-0.740231315235	-0.416866874062
-0.195864325403	-1.77263507831	-2.55184481306
0.717913318439	0.443819113805	-0.536306872443
-1.39497859249	-0.206958010953	0.275659637048
0.532313444935	-0.10262494302	-0.840303824466
1.48993704043	2.3006405366	2.7685000592
-0.548061472261	-0.543698041881	-0.635626511308
2.42247183016	0.312062385979	-1.15638078529
0.758115882419	-0.348072502705	-0.551457923766
-0.757579242123	2.08870120904	-1.23029599902
-0.881398232799	-0.425963088534	0.204187664724
-0.0863102780009	1.53209929743	-0.1283793154
0.620544098015	-0.748238850648	-0.23465643993
-2.58478528012	-2.17514265444	-1.96472477128
-0.219490221942	-0.358758229873	-0.907257722464
-0.437884370398	1.32888870928	-2.77569145371
0.0733223181716	-0.855536726385	-0.512523899408
0.998099874357	-0.712156746728	0.541413253024
-0.490359494304	-0.707827939481	0.50845567598
0.934940532006	0.256768683533	-0.085496487229
-0.712096726041	0.67584027718	0.190153023912
1.76715745075	-0.364802607235	1.82454161067
0.13121051235	0.934122822495	-0.331961374174
1.19244992943	-0.730981638198	0.587750662199
0.295367571239	-0.543333023518	0.785841729241
-1.92822999278	-2.42668769022	1.10742983741
0.469974079657	-0.875242884641	0.114342718767
-0.979254650725	-0.106475877079	-0.981857979639
0.810870282459	-0.323792453663	0.487491366053
0.553861208941	1.45420670502	2.05111304125
-0.562357191089	0.289348238262	-0.774617316257
-1.11251979562	-1.77129071071	0.62865169531
0.544833658236	-0.482421919646	0.685875627427
1.57130307357	-0.829551664211	-2.0759398399
0.736654056499	-0.0631136834907	0.673318248676
-1.98263302898	1.63128908311	-2.37756145239
-0.662778787799	-0.490029414565	0.566211489908
-1.44739736526	-1.04619417022	-1.37765504268
-0.21761426716	-0.715818369299	-0.66351193878
0.746875088691	0.00689807676829	1.98247395405
0.237264316976	-0.67452350561	0.69908775148
-1.71982600824	1.71254953519	0.919106604543
0.360165898097	-0.226906548438	0.904872335815
0.136847271817	-1.38111267683	1.97195345511
0.250269494968	0.0979513041026	-0.963208555772
2.24452194346	2.35915739763	1.7949466129
-0.398435032471	0.298953476939	0.867108034518
-0.0548616058044	-0.142187989173	-1.46244253352
-0.186530530332	0.623539006749	-0.759213717155
0.582548469672	1.80749416217	2.40746499363
-0.0875687649427	0.730122004715	-0.677682499137
1.48278395239	-2.37810039229	1.74196947134
-0.575370366151	-0.767163660889	-0.28356455908
1.73695544681	-2.53145198725	-0.683622497289
0.0871461305334	-0.992953896465	0.080300133422
1.48673634176	-2.62720388825	2.77237253634
-0.2433456768	-0.968468429284	-0.0534020885721
-1.08275728773	-0.00602584146874	0.306585009201
-0.0563637101484	-0.873205075601	-0.484082666621
-0.504271093762	1.30638668893	-0.0048819791106
0.034179492012	0.0356184757929	0.99878080003
2.42384724346	-1.62285335656	1.99710669487
-0.584161597766	-0.399942804463	-0.706258437722
-0.179868871348	-0.201722546155	-0.181803713686
-0.292252060646	0.455710882666	0.840783161385
2.23025757086	-2.09753129525	-0.922957958138
0.0733214833063	0.529949239937	0.844853693355
-0.313922321755	0.982455470841	-1.894834907
-0.341363304101	0.645938473891	-0.682813724643
0.665785189478	-1.36227926523	-1.69251338556
0.617954671234	0.695605764623	0.366421402927
-1.320961083	-0.0349686949758	-0.589093608307
-0.290802396142	0.170410202892	-0.941485172028
1.38992934739	0.491708650338	-2.56959343106
0.59478537009	0.760459623753	0.260636766724
1.07811285745	-1.75237178419	0.264143839055
0.0737606245807	0.738905002273	-0.669760231633
0.906458079335	0.209573982184	-1.10529607749
-0.674499755866	0.673543773547	-0.302305912038
1.24053922048	-0.558174064537	-2.22521398687
-0.425862049275	-0.90297283519	0.057285023317
0.649187108351	-0.228527180827	0.466326298427
-0.560174860731	0.822547780145	-0.0980779016085
0.527719778532	-1.34627099481	0.128702521373
-0.356217771196	-0.836647042497	0.416089684762
-0.843372983352	-2.71785364167	2.86367042795
-0.418878950073	-0.907372420746	-0.0348671085074
-1.74667350819	-2.54422485132	-2.19799803711
0.0961527157044	-0.418985304103	0.902887573404
-1.84859186706	2.51812927287	-2.8305471432
0.504754577332	0.630344846864	-0.589820473275
-0.67559501372	-1.01132469892	0.467898934019
-0.0255311805614	0.940575251406	0.338624209504
0.961976414127	-2.55751743003	2.55448044865
-0.675264425422	0.439578100793	0.592274471055
-1.74349500105	-1.37318684018	-0.367435105856
0.0408734542732	-0.403659723377	-0.913995726718
-2.72139218479	0.580146420557	0.833289026719
0.918386425427	0.391836543422	-0.0550499485061
-1.63984764354	1.56535950132	2.78211628237
0.712380695235	0.373346981198	0.594243869709
-2.63549062223	-0.657310877047	1.96680120693
0.508190875549	0.839820308829	0.190902810052
2.64931584887	1.60437723489	2.15649373502
-0.628689981018	-0.744177394262	-0.225718660364
0.699982386354	0.191084926014	-0.364388738897
-0.675997168875	-0.425850684159	-0.601397557755
-1.70881455202	1.14716645973	2.44500359299
0.687808800859	-0.683291594629	0.2450135714
1.21291445746	-1.09707956785	2.11628874043
0.076622495112	0.542387822044	0.83662682466
-2.82366301627	0.229248218726	2.66868518399
0.327500720059	-0.746491142968	-0.579218656322
-2.53481676788	-1.10173475208	-2.40285962785
-0.167877580651	0.87419609378	-0.455629572718
0.704441244904	2.37714862411	-0.143560218911
0.0136744620918	-0.902950302025	-0.429527369511
2.64758592785	0.0501141984512	1.96556959577
0.512275981924	-0.390949573377	-0.764677546042
-1.181625266	1.63107975607	0.155290719582
0.0899805654966	0.753449682227	0.65131948703
-0.00385047534156	-1.17076768366	-0.68054977325
-0.441095293113	-0.194184322683	-0.876200542809
1.3761069489	0.0767871940264	-2.1606204108
-0.975256651984	-0.116671326421	0.187782492132
-0.453299324856	2.47029512029	-2.50852301026
0.0936320951892	-0.86773291413	-0.488131765496
2.70106969398	-0.826186967566	1.67442475071
-0.784820588831	-0.614437046106	0.080769794598
-0.979254762588	-2.01237966835	-2.85766100199
0.570940650369	-0.508307611148	-0.644709350177
0.486722813727	-2.36704461747	0.983708755613
-0.0314164716196	0.809893993569	0.585734346348
0.524157089383	0.740477026809	1.54604363893
-0.695202965271	-0.414553415816	-0.58722934405
0.0993960385933	-0.354084079757	1.22133891147
0.595051330398	-0.639516252674	0.486757513303
-0.000584231163796	2.82290175832	1.72883758731
-0.405366474373	0.909652251225	-0.0906134829637
-0.108090272168	-1.34719169725	-0.839699341357
-0.666905473296	-0.249592392818	-0.702097377246
-1.13047674241	-2.58518447741	1.97207711554
0.760478039946	-0.62738162685	-0.167527445666
-1.84470997366	-1.78085888675	2.66507595063
0.470666930658	0.863057730838	-0.183313920981
1.95028680301	-0.268607666594	-2.82952883768
0.811590120731	-0.296022111325	-0.503678851589
-0.132193690751	0.274445514733	0.00775688457051
0.243229152201	-0.601451072112	-0.760983697181
0.405204724508	-1.82397640742	2.79094410799
-0.0995257174186	0.710112898504	0.697018151091
0.243545084371	0.467378851745	-2.65187339539
0.528680230603	0.843714195881	-0.0929707988473
-2.14972620737	0.993955195117	-0.00471969295934
-0.728646595807	0.232592986806	0.644185253563
1.21660299982	-0.703479514181	-0.538941310363
0.568175380524	-0.390875946934	-0.724149660688
0.33579879416	0.28298532131	-1.87013490031
-0.0379556018421	0.693433559542	-0.719520167048
1.69495647618	-0.425949396646	2.29238109941
0.189990919826	0.720968622772	-0.666414056996
0.695747784487	-2.36744848274	0.472671472917
0.0503189124675	0.706319420297	0.706102601298
2.81151365348	1.78430690502	0.287065405644
-0.727100843708	-0.532143809932	-0.433759528575
-1.244894894	-0.206863585272	-2.0645998007
0.156242829235	0.391943264724	-0.906624870357
1.63504281843	0.104925773517	-0.0838770506937
-0.277123469867	0.960719273578	-0.0148680807605
2.16068449503	-0.133015052474	-0.387482662418
0.171477323724	0.800876429194	-0.573752971766
1.36375562723	0.628765823529	0.0278371197178
-0.781402134386	-0.301128241324	-0.546564256656
-1.54511359887	1.54621767777	-0.0497628527555
0.208200710333	-0.643583145583	0.736514221817
0.886166555398	-2.40883105559	-2.86097952979
0.48885051058	0.656359209826	0.574645774353
-2.15767285452	2.77375707008	2.27861497779
-0.809138495186	-0.580060127781	-0.0939422363329
-2.26050233598	-2.413101918	2.60450001385
0.671378643199	-0.614391133385	0.414456575136
-1.00793795136	0.172430190501	-2.56122022984
-0.403921452552	-0.685097755027	0.606208319165
0.120341211955	-0.553910866189	2.33842784123
-0.0131514243412	0.497377763301	0.867434378274
1.7505407205	2.00307620184	-0.58632503251
-0.374734495814	-0.460479879396	0.804693940774
2.82821267937	-0.134882556703	-0.916877061713
0.650748581544	-0.624081934391	-0.432490488664
-2.67438460725	-1.97048631989	-0.261287079127
0.685231418207	-0.219256478527	0.694539055867
2.75696472456	1.26152099531	0.561533374702
0.740445234032	0.671090646971	-0.0371241019775
2.05575968821	2.75264039643	0.353052430162
-0.224185799031	0.0902007027992	-0.97036310767
-0.248227462512	2.23750403613	-2.62108623009
-0.0360768759352	0.99006248933	-0.135921765158
-0.320617456853	-0.19735859722	0.734932268093
-0.603212332925	-0.485522271523	0.632774055459
-0.446988500411	2.84823786664	2.73984416873
0.35130054927	0.77719798024	-0.522064386445
0.208102810063	-1.71689782481	1.63755275778
-0.654288540376	0.300609299546	0.693931232155
-1.44138496358	-1.99944053306	0.830920648873
-0.57102481775	-0.735314837505	-0.365024310503
-1.83413543167	0.320767188496	-1.43160841535
-0.682689861433	-0.656566864326	-0.32070937898
-2.05114955712	2.68089988973	-2.5909048643
0.56814684909	-0.820704919453	-0.0604366863329
0.579342368816	-2.64988778443	2.43387915787
0.115342334516	0.332272341278	0.936104287508
-0.400926469356	1.76381086767	-2.43013330779
0.723740604754	-0.378092954924	0.577273985615
1.28612435523	0.994723920751	-1.52924700237
-0.49454703977	-0.772935696468	0.397484131232
2.06143717824	-1.75511358823	0.750013593062
0.438109916425	-0.70500823884	0.557694436316
-1.23204388061	2.20307509612	0.9741981653
0.653053083874	0.748143091462	0.117488656223
-2.1376905939	0.583233348345	-0.610612852287
-0.690963289527	0.503986495251	0.51823483589
2.26718786079	-0.609605523884	1.42288043889
-0.817619581908	0.564287887852	0.114356455458
0.623968342881	1.66710810193	1.20729652442
-0.910031648818	-0.173173988145	-0.376633997375
2.54637683892	-2.83224294378	-2.21030915365
-0.605167657523	0.552012602766	-0.573632454343
1.45991284441	-2.44394159816	-2.81770056696
-0.16298139626	-0.152765542934	0.974730605534
1.79418213531	-0.333518950197	-1.59071418233
-0.227093226343	-0.807472545683	0.54444169065
-2.29735335653	-0.113009953579	0.728966452755
0.361707581118	-0.182299667097	0.914294513348
1.1891521901	-1.3981170544	-2.69267696911
-0.721768764426	0.292884803089	0.62711110883
2.38568708355	-0.876303793802	1.54837292922
-0.376654237527	0.197736990594	0.905003683917
0.734315175424	-2.58831670098	2.60531436502
-0.775335375397	0.619921935226	0.120631048587
0.484891203986	0.799299495201	0.956561832641
-0.748648011486	0.512175583276	-0.420954067321
-0.136795465034	-0.7683519741	1.01650979681
0.348845933038	-0.747477650158	-0.565317324622
-2.51186819751	-1.53791639827	-2.17974697145
-0.159935101739	0.730615388236	-0.663793580644
-2.33076356778	-2.21551546198	2.83130138653
-0.584923327532	0.0550442496242	0.809218654933
-1.52070298369	-2.25410203094	-2.05669370229
-0.752968914641	-0.603535240953	-0.262265183568
-1.64399695974	0.156996450824	0.96717879087
0.962009675807	-0.267626191395	0.0539778225942
-2.72035846632	1.31747865692	1.71033472529
0.215642581743	0.183052013821	-0.959161215425
-2.6519272738	-2.63168702658	1.80912530838
0.303469894757	0.905784367653	-0.295737556444
-1.74875874847	2.26380041234	-1.0991273095
0.646473702696	-0.361308246621	-0.67195840842
-0.80072665211	1.6038926961	1.22868007967
-0.331648482285	-0.0272153462434	-0.943010397147
1.37546375325	-1.07672484883	0.180124675907
-0.796685378468	0.561606631655	0.223361588051
0.149756920795	-1.5093508616	1.80373896189
0.261428513824	0.902598184347	0.342011183696
-1.42045245802	-2.58276382998	-2.8421293105
0.656928359646	-0.221313418127	-0.720739551606
0.286977363683	2.72449231634	-0.811694664852
-0.327995238917	-0.939868423605	-0.095218010677
-1.74164598795	1.83607672488	-0.68905135636
-0.092118673343	0.773890936127	0.626583569049
-2.69946271295	-1.00339841538	2.45484959579
-0.0149885365137	0.639851940906	-0.768352027063
-1.79786860036	-1.62047522252	0.242079759826
0.912968599575	0.384131811004	-0.137590290227
-2.00315567479	-1.78557418987	-2.83235435051
-0.866996226424	0.365712923836	-0.338484269511
-0.263800870589	0.850428155476	-1.62879572859
-0.204749558663	-0.917606944953	0.340697978864
-1.89816957726	-1.37687401955	-1.98969630854
0.308586215848	0.465695441979	-0.82939875977
1.46803447709	2.77103870769	-1.73919493094
-0.843877351081	0.509033505745	0.169575665595
1.42433763372	-2.43063996777	2.14072196067
0.41417618384	0.661431284138	-0.625273336312
2.24015577315	-0.819623485569	-0.177851167279
0.618716626506	-0.719421564616	-0.315630081662
0.809760655935	0.471373339431	2.59945915811
-0.605452773106	-0.177886984631	0.775746840301
-1.07835033627	-1.62224665658	0.477625305865
0.664835779655	0.115601094816	0.737990361026
1.26203350951	0.575666463759	-1.43670692704
0.0815619247959	-0.356174942856	-0.930852868345
0.515096952729	-0.919810285154	0.738186037741
0.173294371295	-0.252367840559	-0.951987150086
0.920363925642	-1.89451111142	-1.74196156847
-0.470721851042	0.263755698779	-0.841934599784
0.285009817245	-2.69271446628	1.08451888793
-0.206367169228	0.0650332001857	0.97631105409
1.33513903786	0.437096759737	-0.330336797968
0.0326245986925	0.449427550021	-0.892720848217
-1.99124762949	-0.432118357496	-1.5886320656
0.158575331106	0.883781836762	0.440208506703
0.459173381621	-1.01990547835	2.02053452073
0.78924586434	0.115496648128	-0.603118139251
1.77616585335	2.53969717702	2.04785228102
0.0555049157704	-0.962211298989	-0.266586984721
-1.89636670322	1.24246414893	0.0445387122306
0.203173127042	0.791215871677	0.576799900186
2.79977098253	-1.82758985364	2.47582219341
-0.687744449308	-0.649929510808	-0.323418001087
-0.0723780156209	0.754352067423	2.50894333342
0.0766655897672	0.862530574289	-0.500163369073
-0.918450782709	-2.43479915879	0.980943646404
-0.479642413846	-0.0691851518637	-0.874732284532
-2.78427333209	-1.0733434629	2.04131381169
-0.671009381197	0.6257845804	0.397668290513
1.00235304207	-0.6883770376	-0.533090494024
-0.674982054681	-0.606166015529	0.420668500693
2.23141888419	1.52925095563	2.73682992657
-0.654465937636	0.467165205319	0.594500637017
2.64655249915	-1.94409150779	2.53751940391
0.761738518805	0.0852281471293	-0.6422543047
1.43780631513	2.20749410617	-2.56550345457
-0.595902375403	-0.771413263604	-0.2232082788
-1.75111947328	1.64136140255	-1.85943080618
-0.566994886021	0.636288730621	-0.523118964013
2.08299525698	-0.329700463872	2.06268423337
0.043547122171	-0.274586648572	0.960575775552
-1.49000312398	0.957275668342	-1.76142107782
0.374728979459	-0.716607964813	-0.588261180701
-1.42220251939	-1.69035782368	2.82676745737
0.56008406605	0.516316643937	-0.647860295241
2.85920083694	-0.93216338054	0.22403498782
0.0244370954069	0.690186858988	0.723218451126
-2.18822703152	1.20183195882	2.66692222431
-0.245435719066	0.631326559119	-0.735654867148
1.82945762973	-2.85414021913	-2.33212038356
-0.0858651824517	-0.762254564324	0.641556817133
-1.57519796238	0.236637868677	0.508449811124
0.299197905071	-0.330307588839	-0.895196911499
-0.626850997993	-0.838987349183	-0.645789248471
-0.281407609857	0.955892399784	-0.0841396288876
-1.33960901566	-0.298014263271	-0.903480664896
-0.678169097821	0.722599448237	-0.133928011138
-0.15467490094	-1.26859771252	2.57254309309
-0.661668920996	0.41035355699	-0.627538203819
-1.98163048906	0.447488824625	-0.147273941261
-0.428530709854	-0.726823777276	0.536738882045
-1.97287229514	2.06872143114	-2.85314413504
-0.184403675468	-0.877351271166	0.443001164172
1.44835810136	-0.464092896799	-1.27578097224
-0.723301428467	-0.334135370246	0.604308363278
1.68193156829	2.60765534718	1.0309975163
0.778512346424	-0.493415741835	-0.387891005533
-0.282347875533	-1.94737964106	-1.54223555884
-0.587278721614	0.662397506061	0.46511638017
0.155533917462	0.866905439842	-0.143936512426
-0.667147138236	-0.564551828637	-0.485999926673
-0.17802819746	-1.49332591101	-1.70743087677
0.157450111086	-0.765673544081	0.623661355556
2.77992938105	-2.58690240927	2.29620389169
-0.228337670738	-0.632758103931	-0.739918299565
-1.33624684274	-0.960896823965	2.21041043495
-0.517660577147	0.642552508547	0.564936988192
2.39452943805	-1.79114463478	-0.546002602741
-0.763989205476	-0.386762674919	-0.516464061873
0.40777612034	1.56582986876	-0.476829654849
-0.570956616253	0.551889053709	-0.607805079572
-2.69210419681	1.48491317085	0.933351083584
-0.128761972754	-0.942803926756	-0.307475381235
-0.715097369375	-1.08432727348	2.01558619293
0.115756437601	0.784787919267	0.608858250274
-1.29215233549	2.04815208137	-2.65666181137
0.395808599344	0.475173043974	-0.785841034157
-1.2190569148	-0.582031781268	1.85059765518
-0.921870647583	-0.177299115179	0.344557009624
-2.38286140754	-2.26051152784	-1.13582546894
0.513582476849	-0.849569963984	-0.120266020845
0.186479075444	0.350687929385	1.27833908349
0.704842146542	0.576399986951	0.413473824445
-2.60282451112	1.67102718449	-1.40547108139
0.309366379776	0.1023874988	0.945414852408
0.428040341594	2.69610737339	2.551606182
0.108454187438	0.789674820091	0.603863699638
1.9665874914	-0.963106030424	-1.91074871951
0.300523014183	0.741790407053	0.599527238706
0.135804353978	-1.03174128187	0.466513082442
-0.687932162669	0.691082162354	0.221708782958
2.60084207977	0.279778081893	2.30227404803
0.331252786	0.83813508285	-0.433360328898
-2.50257267202	-1.66058272296	-0.659886052876
0.145868849884	-0.72052574506	0.677912184091
-0.181707768124	1.93851810047	-2.76798928484
-0.593378716561	0.535043135032	0.601357250216
2.06099175812	-0.29214477166	-1.67885501272
-0.185204656835	0.392724509939	-0.900814461685
-2.86181966485	1.53705454208	0.381318574905
-0.0775687024184	-0.151687550992	-0.985380121212
1.00153810584	1.31023063495	1.79074207689
-0.159279504707	-0.48526441682	0.859737451289
2.30262013977	0.0974528860422	-1.61807399588
-0.776058258578	0.30430838541	0.552385721994
1.89260197511	-0.547180722808	-1.71463031106
-0.630695445799	0.542367898348	-0.555031816646
-1.59018975259	-0.829946523686	-1.62512341739
0.378757250695	0.923496718529	-0.0608009532126
-1.70798667424	1.0378100603	1.58139875207
0.0518441622155	0.0736864646632	-0.995932973533
-1.36783199062	-1.52060562355	0.806854261007
0.363531213177	0.751149840102	-0.551016310794
-2.85145730561	0.157371541487	-2.70518885908
0.726499950075	-0.31008437158	0.613225492819
1.37520956955	-1.68843149718	2.46139462136
-0.739091556646	-0.147262225039	0.657310815346
-2.2239009991	-0.107829958761	-1.6972712366
0.964424086011	0.0567951060316	0.258186944387
-2.23941054683	-2.52319417609	-1.11002339255
0.642513749725	0.695680217385	-0.321255531554
0.366664326546	2.66482623533	1.78069840778
0.536311366945	-0.524718128526	0.661090767809
0.268639513934	-1.44401589611	-2.85811088897
0.461748949295	-0.775992079698	-0.429679182729
-1.32027134498	1.22639538234	0.188716902034
-0.576651465086	-0.815590120961	0.0478104842597
2.07839140915	-2.59888751301	-1.24374461918
0.266676342143	0.586397351616	0.764867226752
1.89897827756	-2.55608631708	2.78928631719
-0.305987089548	0.732983853374	0.607541415643
1.23578397914	2.5382137256	-0.906713641202
0.3738879385	-0.317254963515	0.871525729723
0.267343166406	0.616918258376	-0.723012896713
-0.68109150603	-0.680062853894	-0.271346411746
0.201475947342	2.74098832654	0.73257145319
0.712419739936	0.495252652488	-0.497174943407
1.68495898269	-0.143078964532	0.683989070364
0.53859126254	0.63198600124	0.55723706459
-1.0397257697	0.701125469923	-1.39649194753
-0.687998957246	-0.647788635522	-0.327150299584
0.546348267011	2.15505925507	1.60183428418
-0.562298293091	0.553496055531	-0.61437996883
1.06220172881	-0.885838524511	-0.525637935125
0.579405013275	0.548770298458	-0.602611807155
1.29193235204	0.244503697229	-1.43261578289
0.708729863488	0.398070404324	0.582444790346
-0.266294200809	2.67729484317	1.77373944069
-0.955188500045	-0.251055786692	0.156798983894
1.53592138126	1.32484167912	-0.770910774782
0.666042829068	-0.672407777871	-0.322885010653
-1.88774713156	0.900385949327	2.44631325975
-0.671778416338	0.0785733762764	-0.736573135461
1.46410536943	0.137714041559	-0.523986918433
-0.621424868609	0.488501317452	0.612533750516
-1.84476703251	0.708620929132	-2.71054433696
0.814726215079	-0.550111381346	-0.183299379643
0.940162755387	1.6706103333	-1.51885774655
-0.289718926855	-0.137400348553	-0.947198019233
0.471166241363	-0.690017459664	-1.44503067088
-0.47623889807	-0.188981279041	-0.858768064227
0.907135543478	1.36299517169	0.0357188666572
-0.152492780414	-0.695067974934	-0.702585555034
